_RAJ2000,_DEJ2000,FIRST,FITS,RAJ2000,DEJ2000,p(S),Fpeak,Fint,Rms,Maj,Min,PA,N1,c1,N2,Ep,Ep(JD),s_Ep(JD)
344.28694583,-9.07913333,J225708.8-090444,FITS,22 57 08.867,-09 04 44.88,0.014,1.69,1.67,0.141,3.32,0.0,128.5,,,,1997.251,2450541.2,10.766
2.88051667,-9.07916389,J001131.3-090444,FITS,00 11 31.324,-09 04 44.99,0.428,1.0,0.64,0.147,0.0,0.0,89.9,,,,1997.159,2450507.6,1.846
22.28622083,-9.07928611,J012908.6-090445,FITS,01 29 08.693,-09 04 45.43,0.449,1.03,0.83,0.155,4.49,0.0,63.1,,,,1997.156,2450506.4,2.59
5.98763333,-9.07930556,J002357.0-090445,FITS,00 23 57.032,-09 04 45.50,0.014,6.35,13.76,0.14,10.53,2.7,165.9,,g,,1997.16,2450508.0,1.301
344.290575,-9.07931944,J225709.7-090445,FITS,22 57 09.738,-09 04 45.55,0.014,4.46,6.95,0.141,6.78,0.0,112.4,,g,,1997.251,2450541.1,10.93
2.2791125,-9.07953611,J000906.9-090446,FITS,00 09 06.987,-09 04 46.33,0.014,1.39,1.55,0.14,4.21,0.0,51.5,,g,,1997.16,2450508.0,1.371
352.08669583,-9.0796,J232820.8-090446,FITS,23 28 20.807,-09 04 46.56,0.496,1.13,0.51,0.155,0.0,0.0,95.4,,g,,1997.152,2450505.0,2.602
12.78296667,-9.07989167,J005107.9-090447,FITS,00 51 07.912,-09 04 47.61,0.143,1.08,0.69,0.141,0.0,0.0,58.3,,,,1997.16,2450508.0,1.386
347.64750417,-9.07993333,J231035.4-090447,FITS,23 10 35.401,-09 04 47.76,0.014,1.62,1.21,0.154,0.0,0.0,99.4,,g,,1997.179,2450514.9,18.682
12.80798333,-9.08005833,J005113.9-090448,FITS,00 51 13.916,-09 04 48.21,0.209,1.13,0.58,0.144,0.0,0.0,88.9,,,,1997.161,2450508.1,1.196
3.57183333,-9.08008889,J001417.2-090448,FITS,00 14 17.240,-09 04 48.32,0.014,2.49,7.25,0.201,13.0,4.11,30.0,,,,1997.157,2450506.9,2.387
338.86907917,-9.08018333,J223528.5-090448,FITS,22 35 28.579,-09 04 48.66,0.014,7.07,13.83,0.149,6.55,4.78,107.2,,,,1997.26,2450544.3,0.199
18.41650417,-9.08028611,J011339.9-090449,FITS,01 13 39.961,-09 04 49.03,0.014,1.8,2.25,0.155,4.09,1.4,37.1,,,,1997.152,2450505.1,2.612
345.105,-9.08029167,J230025.2-090449,FITS,23 00 25.200,-09 04 49.05,0.014,11.26,10.88,0.149,0.84,0.0,51.6,,,,1997.245,2450539.0,13.682
17.344625,-9.08043056,J010922.7-090449,FITS,01 09 22.710,-09 04 49.55,0.52,1.04,0.49,0.146,0.0,0.0,85.7,,g,,1997.159,2450507.7,1.784
347.731975,-9.08056944,J231055.6-090450,FITS,23 10 55.674,-09 04 50.05,0.419,1.04,0.78,0.157,0.0,0.0,62.7,,,,1997.195,2450520.7,20.391
21.99891667,-9.08059444,J012759.7-090450,FITS,01 27 59.740,-09 04 50.14,0.014,4.55,4.13,0.155,0.0,0.0,155.2,,,,1997.155,2450505.9,2.672
28.28060833,-9.08073333,J015307.3-090450,FITS,01 53 07.346,-09 04 50.64,0.014,1.74,1.62,0.155,2.82,0.0,73.9,,,,1997.156,2450506.4,2.609
344.59984167,-9.08100278,J225823.9-090451,FITS,22 58 23.962,-09 04 51.61,0.402,1.42,0.51,0.192,0.0,0.0,89.9,,g,,1997.18,2450515.2,18.809
5.25651667,-9.08101389,J002101.5-090451,FITS,00 21 01.564,-09 04 51.65,0.464,1.34,0.7,0.151,0.0,0.0,124.9,,,,1997.161,2450508.2,1.063
337.21986667,-9.08106111,J222852.7-090451,FITS,22 28 52.768,-09 04 51.82,0.014,3.37,3.38,0.154,2.78,0.0,120.4,,g,,1997.26,2450544.4,0.374
355.83368333,-9.08112778,J234320.0-090452,FITS,23 43 20.084,-09 04 52.06,0.014,5.22,5.02,0.154,1.59,0.0,73.9,,s,,1997.152,2450505.1,2.621
346.30361667,-9.08126944,J230512.8-090452,FITS,23 05 12.868,-09 04 52.57,0.014,3.19,2.59,0.157,0.0,0.0,149.0,,s,,1997.219,2450529.3,19.817
5.24961667,-9.08129444,J002059.9-090452,FITS,00 20 59.908,-09 04 52.66,0.77,1.01,0.82,0.151,4.32,0.0,106.5,,s,,1997.161,2450508.2,1.06
326.1467375,-9.08154722,J214435.2-090453,FITS,21 44 35.217,-09 04 53.57,0.014,2.65,2.11,0.15,1.44,0.0,122.0,,g,,1997.159,2450507.6,1.661
332.07370417,-9.081625,J220817.6-090453,FITS,22 08 17.689,-09 04 53.85,0.049,7.18,6.99,0.389,1.17,0.0,83.1,,,,1997.221,2450530.2,17.404
21.49375833,-9.08167222,J012558.5-090454,FITS,01 25 58.502,-09 04 54.02,0.014,9.2,9.21,0.156,1.06,0.0,39.9,,s,,1997.154,2450505.9,2.681
347.6101,-9.08190556,J231026.4-090454,FITS,23 10 26.424,-09 04 54.86,0.014,2.41,3.67,0.153,8.42,0.0,173.3,,g,,1997.182,2450515.8,19.086
341.44528333,-9.08193056,J224546.8-090454,FITS,22 45 46.868,-09 04 54.95,0.305,1.23,0.59,0.158,0.0,0.0,76.3,,g,,1997.26,2450544.3,0.296
8.57019167,-9.08238333,J003416.8-090456,FITS,00 34 16.846,-09 04 56.58,0.014,10.42,13.49,0.224,3.59,2.61,106.7,,g,,1997.153,2450505.2,2.649
28.02396667,-9.08239722,J015205.7-090456,FITS,01 52 05.752,-09 04 56.63,0.014,3.12,2.49,0.221,0.0,0.0,99.6,,g,,1997.154,2450505.7,2.686
30.0447875,-9.08242778,J020010.7-090456,FITS,02 00 10.749,-09 04 56.74,0.014,2.27,2.09,0.139,1.33,0.0,2.5,,g,,1997.16,2450508.0,1.421
333.14797083,-9.08245,J221235.5-090456,FITS,22 12 35.513,-09 04 56.82,0.014,133.78,139.62,0.151,1.35,1.09,35.9,,g,,1997.257,2450543.2,6.012
328.7735875,-9.08252778,J215505.6-090457,FITS,21 55 05.661,-09 04 57.10,0.014,3.23,4.09,0.155,5.62,0.0,88.9,,s,,1997.219,2450529.5,17.447
1.8011875,-9.08257222,J000712.2-090457,FITS,00 07 12.285,-09 04 57.26,0.569,1.12,0.53,0.155,0.0,0.0,99.4,,s,,1997.153,2450505.3,2.671
15.50582083,-9.08258611,J010201.3-090457,FITS,01 02 01.397,-09 04 57.31,0.403,1.2,0.59,0.159,0.0,0.0,70.9,,g,,1997.155,2450506.0,2.671
22.72386667,-9.08261389,J013053.7-090457,FITS,01 30 53.728,-09 04 57.41,0.442,1.05,0.53,0.157,0.0,0.0,70.7,,,,1997.156,2450506.3,2.623
22.41548333,-9.08264167,J012939.7-090457,FITS,01 29 39.716,-09 04 57.51,0.096,1.04,0.79,0.141,2.22,0.0,99.5,,g,,1997.16,2450507.8,1.686
0.484925,-9.08300556,J000156.3-090458,FITS,00 01 56.382,-09 04 58.82,0.528,1.19,0.71,0.157,0.86,0.0,113.1,,g,,1997.154,2450505.7,2.691
343.43275417,-9.08338333,J225343.8-090500,FITS,22 53 43.861,-09 05 00.18,0.489,1.01,0.82,0.143,4.45,0.0,127.1,,,,1997.256,2450543.1,6.873
353.448,-9.083425,J233347.5-090500,FITS,23 33 47.520,-09 05 00.33,0.37,3.57,1.89,0.569,0.0,0.0,58.6,,,,1997.156,2450506.6,2.505
353.4507,-9.08346944,J233348.1-090500,FITS,23 33 48.168,-09 05 00.49,0.53,3.19,2.55,0.571,2.41,0.0,64.0,,,,1997.156,2450506.6,2.521
358.52151667,-9.08370278,J235405.1-090501,FITS,23 54 05.164,-09 05 01.33,0.014,2.35,2.07,0.14,1.22,0.0,104.8,,g,,1997.16,2450508.0,1.289
32.49777917,-9.08373611,J020959.4-090501,FITS,02 09 59.467,-09 05 01.45,0.014,3.02,2.09,0.158,0.0,0.0,76.1,,,,1997.155,2450506.0,2.677
8.57231667,-9.08377222,J003417.3-090501,FITS,00 34 17.356,-09 05 01.58,0.014,9.61,11.47,0.223,2.77,2.42,7.8,,s,,1997.153,2450505.2,2.658
334.8336,-9.08390556,J221920.0-090502,FITS,22 19 20.064,-09 05 02.06,0.433,1.03,0.44,0.153,0.0,0.0,85.6,,,,1997.26,2450544.4,0.404
330.243725,-9.08410278,J220058.4-090502,FITS,22 00 58.494,-09 05 02.77,0.014,9.63,9.04,0.157,0.0,0.0,96.8,,g,,1997.211,2450526.5,17.77
357.88629583,-9.08411944,J235132.7-090502,FITS,23 51 32.711,-09 05 02.83,0.717,1.06,0.62,0.149,0.0,0.0,107.7,,,,1997.159,2450507.4,1.988
346.38111667,-9.08413611,J230531.4-090502,FITS,23 05 31.468,-09 05 02.89,0.014,3.01,2.87,0.147,2.43,0.0,70.0,,,,1997.243,2450538.1,14.634
339.36668333,-9.08415278,J223728.0-090502,FITS,22 37 28.004,-09 05 02.95,0.088,1.23,1.34,0.151,6.55,0.0,76.9,,g,,1997.26,2450544.4,0.406
349.6856375,-9.08440556,J231844.5-090503,FITS,23 18 44.553,-09 05 03.86,0.014,2.05,2.06,0.158,3.99,0.0,140.6,,,,1997.167,2450510.4,11.824
326.99852083,-9.08454722,J214759.6-090504,FITS,21 47 59.645,-09 05 04.37,0.109,1.09,0.82,0.141,2.64,0.0,102.3,,,,1997.164,2450509.2,5.302
37.7231375,-9.08456944,J023053.5-090504,FITS,02 30 53.553,-09 05 04.45,0.692,1.18,0.77,0.159,3.25,0.0,112.2,,g,,1997.156,2450506.4,2.62
16.59684167,-9.08463333,J010623.2-090504,FITS,01 06 23.242,-09 05 04.68,0.014,1.27,1.18,0.146,3.44,0.0,83.5,,g,,1997.16,2450507.9,1.57
14.3267,-9.08468333,J005718.4-090504,FITS,00 57 18.408,-09 05 04.86,0.014,1.43,1.15,0.142,0.0,0.0,41.0,,g,,1997.16,2450507.8,1.606
358.89320833,-9.08486944,J235534.3-090505,FITS,23 55 34.370,-09 05 05.53,0.014,3.47,2.76,0.154,0.0,0.0,75.8,,g,,1997.152,2450505.0,2.634
25.18809583,-9.08497778,J014045.1-090505,FITS,01 40 45.143,-09 05 05.92,0.014,4.34,3.47,0.165,0.0,0.0,151.4,,g,,1997.153,2450505.4,2.679
12.95936667,-9.08498056,J005150.2-090505,FITS,00 51 50.248,-09 05 05.93,0.409,1.14,0.54,0.158,0.0,0.0,109.6,,,,1997.156,2450506.5,2.563
341.13737083,-9.08513889,J224432.9-090506,FITS,22 44 32.969,-09 05 06.50,0.612,1.02,0.64,0.148,1.46,0.0,111.3,,,,1997.26,2450544.3,0.179
345.01934583,-9.08525278,J230004.6-090506,FITS,23 00 04.643,-09 05 06.91,0.072,1.11,0.88,0.142,3.08,0.0,72.2,,,,1997.253,2450541.9,9.494
7.54281667,-9.08535833,J003010.2-090507,FITS,00 30 10.276,-09 05 07.29,0.713,1.16,0.85,0.161,3.8,0.0,115.8,,,,1997.16,2450508.0,1.38
340.97122917,-9.08543611,J224353.0-090507,FITS,22 43 53.095,-09 05 07.57,0.024,1.77,1.8,0.156,2.88,0.0,64.3,,g,,1997.26,2450544.4,0.383
20.8209625,-9.08553333,J012317.0-090507,FITS,01 23 17.031,-09 05 07.92,0.014,6.99,6.45,0.157,0.0,0.0,88.0,,,,1997.157,2450507.0,2.369
326.3679125,-9.08558056,J214528.2-090508,FITS,21 45 28.299,-09 05 08.09,0.787,1.05,0.79,0.151,3.86,0.0,73.6,,,,1997.159,2450507.5,1.791
16.77442917,-9.08560833,J010705.8-090508,FITS,01 07 05.863,-09 05 08.19,0.442,1.04,0.62,0.158,1.03,0.0,76.2,,,,1997.154,2450505.7,2.701
17.33180833,-9.08581944,J010919.6-090508,FITS,01 09 19.634,-09 05 08.95,0.058,1.32,1.31,0.146,2.0,0.0,89.9,,,,1997.16,2450508.0,1.405
331.65165417,-9.08594444,J220636.3-090509,FITS,22 06 36.397,-09 05 09.40,0.527,3.28,2.89,0.569,0.0,0.0,101.8,,g,,1997.183,2450516.4,14.914
354.53669167,-9.08604167,J233808.8-090509,FITS,23 38 08.806,-09 05 09.75,0.658,1.06,1.24,0.159,7.49,0.0,64.9,,s,,1997.156,2450506.4,2.579
41.04101667,-9.08617222,J024409.8-090510,FITS,02 44 09.844,-09 05 10.22,0.216,1.15,0.78,0.157,0.0,0.0,90.0,,,,1997.156,2450506.6,2.558
349.66127917,-9.08626944,J231838.7-090510,FITS,23 18 38.707,-09 05 10.57,0.014,3.38,2.94,0.155,1.13,0.0,73.6,,g,,1997.166,2450509.9,10.414
37.70988333,-9.08639167,J023050.3-090511,FITS,02 30 50.372,-09 05 11.01,0.809,1.1,1.14,0.158,6.6,0.0,103.4,,,,1997.156,2450506.6,2.562
335.51719167,-9.08646944,J222204.1-090511,FITS,22 22 04.126,-09 05 11.29,0.805,1.1,1.05,0.158,3.36,0.0,95.5,,,,1997.26,2450544.4,0.377
40.12067083,-9.08648611,J024028.9-090511,FITS,02 40 28.961,-09 05 11.35,0.522,1.03,0.59,0.153,0.0,0.0,120.5,,s,,1997.153,2450505.3,2.665
348.0377875,-9.08661389,J231209.0-090511,FITS,23 12 09.069,-09 05 11.81,0.014,1.44,1.48,0.142,2.08,0.0,64.8,,g,,1997.252,2450541.5,10.224
355.98987083,-9.08664444,J234357.5-090511,FITS,23 43 57.569,-09 05 11.92,0.014,2.84,2.31,0.157,0.76,0.0,98.5,,,,1997.154,2450505.8,2.7
34.4725625,-9.0867,J021753.4-090512,FITS,02 17 53.415,-09 05 12.12,0.014,2.34,1.91,0.139,1.26,0.0,72.7,,g,,1997.161,2450508.1,1.284
331.4101625,-9.08679444,J220538.4-090512,FITS,22 05 38.439,-09 05 12.46,0.032,4.34,6.18,0.551,4.76,2.87,30.4,,g,,1997.171,2450511.8,10.676
1.41005,-9.08719444,J000538.4-090513,FITS,00 05 38.412,-09 05 13.90,0.804,1.03,0.57,0.146,0.0,0.0,40.3,,,,1997.16,2450507.9,1.483
27.74177917,-9.08719444,J015058.0-090513,FITS,01 50 58.027,-09 05 13.90,0.53,2.04,1.95,0.326,4.05,0.0,153.0,,s,,1997.161,2450508.3,0.99
344.17736667,-9.08723056,J225642.5-090514,FITS,22 56 42.568,-09 05 14.03,0.014,2.12,2.09,0.145,3.05,0.0,146.3,,g,,1997.255,2450542.7,7.708
349.95540417,-9.08730278,J231949.2-090514,FITS,23 19 49.297,-09 05 14.29,0.014,10.1,12.28,0.158,3.6,1.9,8.3,,s,,1997.174,2450513.0,16.668
41.85839583,-9.08774722,J024726.0-090515,FITS,02 47 26.015,-09 05 15.89,0.014,68.73,71.33,0.151,1.69,0.45,177.6,,s,,1997.159,2450507.6,2.02
0.24271667,-9.08790833,J000058.2-090516,FITS,00 00 58.252,-09 05 16.47,0.489,1.09,0.44,0.158,0.0,0.0,90.7,,,,1997.155,2450506.1,2.676
5.18386667,-9.08801111,J002044.1-090516,FITS,00 20 44.128,-09 05 16.84,0.771,1.09,1.0,0.165,5.77,0.0,126.0,,,,1997.16,2450508.0,1.232
9.05760833,-9.08801944,J003613.8-090516,FITS,00 36 13.826,-09 05 16.87,0.014,2.21,4.19,0.142,7.3,3.87,145.0,,s,,1997.16,2450507.9,1.442
346.36327083,-9.08804722,J230527.1-090516,FITS,23 05 27.185,-09 05 16.97,0.668,1.04,0.59,0.149,0.0,0.0,97.8,,,,1997.239,2450536.8,15.859
14.26044583,-9.08815,J005702.5-090517,FITS,00 57 02.507,-09 05 17.34,0.12,1.17,0.62,0.14,0.0,0.0,116.6,,,,1997.161,2450508.2,0.978
329.72409167,-9.08831111,J215853.7-090517,FITS,21 58 53.782,-09 05 17.92,0.014,3.05,2.63,0.155,2.18,0.0,71.4,,g,,1997.218,2450529.0,17.521
22.63272083,-9.08849444,J013031.8-090518,FITS,01 30 31.853,-09 05 18.58,0.058,1.2,0.92,0.147,3.52,0.0,93.3,,,,1997.159,2450507.6,1.923
39.87009583,-9.08850556,J023928.8-090518,FITS,02 39 28.823,-09 05 18.62,0.369,1.04,0.45,0.147,0.0,0.0,89.1,,s,,1997.16,2450507.8,1.792
334.2727,-9.08852222,J221705.4-090518,FITS,22 17 05.448,-09 05 18.68,0.014,4.31,4.28,0.157,2.66,0.0,73.6,,,,1997.26,2450544.3,0.346
342.75126667,-9.08876111,J225100.3-090519,FITS,22 51 00.304,-09 05 19.54,0.349,1.15,0.54,0.142,0.0,0.0,94.5,,,,1997.256,2450543.1,6.84
341.44912917,-9.08901944,J224547.7-090520,FITS,22 45 47.791,-09 05 20.47,0.424,1.06,0.38,0.158,0.0,0.0,90.6,,s,,1997.26,2450544.3,0.314
347.9133625,-9.08901944,J231139.2-090520,FITS,23 11 39.207,-09 05 20.47,0.014,4.23,4.29,0.147,1.87,0.0,127.5,,,,1997.249,2450540.5,11.792
355.51602917,-9.08920278,J234203.8-090521,FITS,23 42 03.847,-09 05 21.13,0.214,1.29,0.61,0.145,0.0,0.0,90.9,,g,,1997.161,2450508.3,0.0
41.85848333,-9.08921111,J024726.0-090521,FITS,02 47 26.036,-09 05 21.16,0.025,1.31,2.14,0.151,8.6,0.0,64.8,,,,1997.159,2450507.6,2.01
30.9167,-9.08945833,J020340.0-090522,FITS,02 03 40.008,-09 05 22.05,0.647,1.02,0.73,0.154,1.64,0.0,71.9,,,,1997.158,2450507.2,2.245
354.03369167,-9.08950833,J233608.0-090522,FITS,23 36 08.086,-09 05 22.23,0.014,1.25,0.96,0.14,1.46,0.0,93.0,,,,1997.16,2450508.0,1.286
25.32417917,-9.08965278,J014117.8-090522,FITS,01 41 17.803,-09 05 22.75,0.136,1.4,0.72,0.16,0.0,0.0,107.3,,,,1997.158,2450507.1,2.324
11.63492083,-9.08974722,J004632.3-090523,FITS,00 46 32.381,-09 05 23.09,0.294,1.15,0.55,0.153,0.0,0.0,66.3,,g,,1997.153,2450505.3,2.696
34.1266,-9.08976389,J021630.3-090523,FITS,02 16 30.384,-09 05 23.15,0.214,1.18,0.67,0.154,0.0,0.0,111.1,,,,1997.153,2450505.3,2.695
328.12182917,-9.08980833,J215229.2-090523,FITS,21 52 29.239,-09 05 23.31,0.014,1.64,1.19,0.126,0.72,0.0,104.6,,g,,1997.19,2450518.9,18.102
331.4080125,-9.08986667,J220537.9-090523,FITS,22 05 37.923,-09 05 23.52,0.122,12.04,17.63,0.537,5.73,2.05,32.5,,g,,1997.171,2450511.8,10.558
344.66362083,-9.08988611,J225839.2-090523,FITS,22 58 39.269,-09 05 23.59,0.275,1.49,1.53,0.197,2.5,0.0,140.1,,,,1997.185,2450517.2,19.618
344.17932917,-9.0899,J225643.0-090523,FITS,22 56 43.039,-09 05 23.64,0.014,2.32,2.53,0.145,3.29,0.0,118.0,,g,,1997.256,2450542.8,7.486
30.74049167,-9.09006944,J020257.7-090524,FITS,02 02 57.718,-09 05 24.25,0.014,2.45,1.99,0.141,1.29,0.0,108.3,,,,1997.161,2450508.3,0.956
34.0344875,-9.09025833,J021608.2-090524,FITS,02 16 08.277,-09 05 24.93,0.014,1.68,1.25,0.156,3.35,0.0,49.3,,,,1997.154,2450505.8,2.724
12.8641875,-9.09058889,J005127.4-090526,FITS,00 51 27.405,-09 05 26.12,0.288,1.11,0.45,0.148,0.0,0.0,90.1,,,,1997.16,2450507.8,1.716
355.271375,-9.09073056,J234105.1-090526,FITS,23 41 05.130,-09 05 26.63,0.538,1.24,0.7,0.159,0.0,0.0,125.1,,g,,1997.156,2450506.3,2.636
342.8989625,-9.09077222,J225135.7-090526,FITS,22 51 35.751,-09 05 26.78,0.014,1.87,1.78,0.152,1.82,0.0,66.1,,g,,1997.26,2450544.3,0.242
338.15005417,-9.090825,J223236.0-090526,FITS,22 32 36.013,-09 05 26.97,0.014,1.35,0.83,0.145,0.0,0.0,177.5,,g,,1997.26,2450544.2,0.168
8.82897917,-9.09086667,J003518.9-090527,FITS,00 35 18.955,-09 05 27.12,0.573,1.1,0.56,0.156,0.0,0.0,102.1,,,,1997.158,2450507.1,2.278
37.77378333,-9.09093611,J023105.7-090527,FITS,02 31 05.708,-09 05 27.37,0.507,1.21,0.86,0.158,3.11,0.0,51.6,,,,1997.155,2450505.9,2.724
1.94679583,-9.09133611,J000747.2-090528,FITS,00 07 47.231,-09 05 28.81,0.014,1.48,0.99,0.156,0.0,0.0,89.9,,s,,1997.153,2450505.5,2.73
38.90319167,-9.09135,J023536.7-090528,FITS,02 35 36.766,-09 05 28.86,0.014,3.96,3.57,0.144,0.0,0.0,75.9,,,,1997.16,2450508.0,1.528
38.4843625,-9.09140278,J023356.2-090529,FITS,02 33 56.247,-09 05 29.05,0.137,1.45,0.95,0.168,0.0,0.0,100.7,,g,,1997.156,2450506.4,2.654
357.39826667,-9.09140833,J234935.5-090529,FITS,23 49 35.584,-09 05 29.07,0.014,1.66,2.83,0.157,8.34,0.0,103.2,,,,1997.153,2450505.2,2.704
23.1315375,-9.09144167,J013231.5-090529,FITS,01 32 31.569,-09 05 29.19,0.371,1.13,0.59,0.147,0.0,0.0,99.8,,g,,1997.16,2450507.8,1.756
24.1025875,-9.09151389,J013624.6-090529,FITS,01 36 24.621,-09 05 29.45,0.326,1.03,0.65,0.145,2.44,0.0,87.3,,g,,1997.16,2450507.9,1.587
342.503825,-9.09152778,J225000.9-090529,FITS,22 50 00.918,-09 05 29.50,0.641,1.11,0.65,0.157,0.0,0.0,77.3,,,,1997.26,2450544.4,0.371
357.402825,-9.09169444,J234936.6-090530,FITS,23 49 36.678,-09 05 30.10,0.014,3.4,4.4,0.157,5.08,0.0,86.1,,g,,1997.153,2450505.2,2.709
22.39185417,-9.091725,J012934.0-090530,FITS,01 29 34.045,-09 05 30.21,0.424,1.04,0.43,0.143,0.0,0.0,76.9,,,,1997.16,2450507.9,1.645
7.2391625,-9.09193889,J002857.3-090530,FITS,00 28 57.399,-09 05 30.98,0.014,4.46,3.85,0.137,0.0,0.0,105.6,,,,1997.22,2450529.9,38.831
334.68507083,-9.09193889,J221844.4-090530,FITS,22 18 44.417,-09 05 30.98,0.038,1.17,0.7,0.156,0.0,0.0,137.4,,,,1997.26,2450544.3,0.299
335.29428333,-9.09213611,J222110.6-090531,FITS,22 21 10.628,-09 05 31.69,0.014,6.78,6.77,0.143,0.22,0.0,97.8,,,,1997.26,2450544.2,0.008
3.704,-9.09216667,J001448.9-090531,FITS,00 14 48.960,-09 05 31.80,0.285,1.01,1.05,0.143,4.09,0.0,43.8,,,,1997.161,2450508.1,1.014
12.13919583,-9.09226111,J004833.4-090532,FITS,00 48 33.407,-09 05 32.14,0.014,4.77,4.34,0.154,0.89,0.0,101.9,,,,1997.159,2450507.5,1.966
349.3885375,-9.09239722,J231733.2-090532,FITS,23 17 33.249,-09 05 32.63,0.413,1.0,2.12,0.148,16.12,0.0,103.3,,g,,1997.163,2450509.2,7.562
35.05599167,-9.09246667,J022013.4-090532,FITS,02 20 13.438,-09 05 32.88,0.014,15.84,15.99,0.155,1.4,0.0,36.7,,g,,1997.157,2450506.9,2.448
355.568025,-9.09246667,J234216.3-090532,FITS,23 42 16.326,-09 05 32.88,0.136,1.15,0.66,0.145,0.0,0.0,77.4,,g,,1997.16,2450508.0,1.224
358.83902917,-9.09247778,J235521.3-090532,FITS,23 55 21.367,-09 05 32.92,0.214,1.28,0.77,0.156,0.0,0.0,101.9,,g,,1997.153,2450505.3,2.721
350.43635,-9.09248611,J232144.7-090532,FITS,23 21 44.724,-09 05 32.95,0.014,4.3,3.98,0.157,0.0,0.0,120.5,,g,,1997.168,2450510.9,12.394
357.83765833,-9.09253056,J235121.0-090533,FITS,23 51 21.038,-09 05 33.11,0.266,1.17,0.57,0.142,0.0,0.0,106.5,,g,,1997.16,2450507.9,1.425
35.74218333,-9.09256111,J022258.1-090533,FITS,02 22 58.124,-09 05 33.22,0.352,1.1,0.66,0.159,0.0,0.0,89.9,,s,,1997.155,2450506.1,2.711
11.91316667,-9.09266667,J004739.1-090533,FITS,00 47 39.160,-09 05 33.60,0.014,2.52,2.23,0.146,0.0,0.0,54.1,,,,1997.16,2450508.0,1.416
339.813625,-9.09295833,J223915.2-090534,FITS,22 39 15.270,-09 05 34.65,0.014,5.98,6.29,0.142,2.22,0.0,34.1,,,,1997.26,2450544.2,0.009
358.15930833,-9.09308611,J235238.2-090535,FITS,23 52 38.234,-09 05 35.11,0.014,1.44,1.69,0.156,8.63,0.0,120.2,,g,,1997.153,2450505.3,2.725
27.74059583,-9.09318889,J015057.7-090535,FITS,01 50 57.743,-09 05 35.48,0.014,27.29,28.13,0.325,1.62,0.0,0.8,,g,,1997.161,2450508.3,0.922
22.2606,-9.09326944,J012902.5-090535,FITS,01 29 02.544,-09 05 35.77,0.014,1.42,1.49,0.156,2.84,0.0,126.5,,,,1997.156,2450506.3,2.669
19.46215417,-9.09330556,J011750.9-090535,FITS,01 17 50.917,-09 05 35.90,0.014,13.5,26.95,0.142,8.71,3.13,31.3,,,,1997.161,2450508.2,0.935
19.44895417,-9.09359444,J011747.7-090536,FITS,01 17 47.749,-09 05 36.94,0.421,1.01,0.84,0.143,4.58,0.0,65.9,,,,1997.161,2450508.2,1.053
345.10177083,-9.09361944,J230024.4-090537,FITS,23 00 24.425,-09 05 37.03,0.072,1.33,1.07,0.147,0.87,0.0,72.9,,g,,1997.248,2450539.9,12.68
0.57249583,-9.09362778,J000217.3-090537,FITS,00 02 17.399,-09 05 37.06,0.014,14.5,14.18,0.154,0.0,0.0,109.9,,s,,1997.158,2450507.1,2.319
28.5002625,-9.09374444,J015400.0-090537,FITS,01 54 00.063,-09 05 37.48,0.736,1.02,0.37,0.139,0.0,0.0,89.0,,,,1997.161,2450508.4,0.0
36.74013333,-9.09389722,J022657.6-090538,FITS,02 26 57.632,-09 05 38.03,0.421,1.0,0.67,0.143,3.08,0.0,106.0,,g,,1997.161,2450508.5,0.0
19.777325,-9.09390278,J011906.5-090538,FITS,01 19 06.558,-09 05 38.05,0.014,3.11,3.02,0.159,2.1,0.0,89.9,,g,,1997.154,2450505.9,2.736
342.916825,-9.09391389,J225140.0-090538,FITS,22 51 40.038,-09 05 38.09,0.014,1.93,1.65,0.154,2.12,0.0,50.5,,s,,1997.26,2450544.3,0.275
23.40724583,-9.09405278,J013337.7-090538,FITS,01 33 37.739,-09 05 38.59,0.014,2.14,1.98,0.164,2.41,0.0,112.8,,g,,1997.159,2450507.4,2.134
29.97855833,-9.09407778,J015954.8-090538,FITS,01 59 54.854,-09 05 38.68,0.188,1.01,0.96,0.139,7.6,0.0,129.3,,s,,1997.161,2450508.3,0.792
39.76982917,-9.09410833,J023904.7-090538,FITS,02 39 04.759,-09 05 38.79,0.014,7.18,6.78,0.14,0.0,0.0,101.2,,g,,1997.161,2450508.3,0.78
352.50065,-9.09421667,J233000.1-090539,FITS,23 30 00.156,-09 05 39.18,0.027,1.24,1.38,0.143,4.09,0.0,102.6,,g,,1997.161,2450508.3,0.0
353.45297083,-9.09433889,J233348.7-090539,FITS,23 33 48.713,-09 05 39.62,0.032,12.93,14.35,0.564,2.29,1.45,119.7,,g,,1997.157,2450506.7,2.501
26.08279583,-9.09448333,J014419.8-090540,FITS,01 44 19.871,-09 05 40.14,0.216,1.15,0.68,0.152,0.0,0.0,92.3,,g,,1997.158,2450507.3,2.224
34.54080417,-9.09454167,J021809.7-090540,FITS,02 18 09.793,-09 05 40.35,0.492,1.03,0.54,0.141,0.0,0.0,88.0,,,,1997.161,2450508.3,0.954
25.34160417,-9.09468056,J014121.9-090540,FITS,01 41 21.985,-09 05 40.85,0.06,1.77,1.41,0.157,2.58,0.0,100.7,,s,,1997.159,2450507.4,2.142
337.55495833,-9.094725,J223013.1-090541,FITS,22 30 13.190,-09 05 41.01,0.014,9.76,12.59,0.141,4.73,0.0,95.3,,g,,1997.26,2450544.2,0.009
333.3993625,-9.09476389,J221335.8-090541,FITS,22 13 35.847,-09 05 41.15,0.014,4.93,4.69,0.147,0.0,0.0,77.0,,,,1997.247,2450539.7,11.831
1.64342083,-9.09489167,J000634.4-090541,FITS,00 06 34.421,-09 05 41.61,0.641,1.03,0.54,0.15,0.0,0.0,113.1,,,,1997.159,2450507.5,1.993
329.89387917,-9.09529444,J215934.5-090543,FITS,21 59 34.531,-09 05 43.06,0.331,1.07,0.52,0.145,0.0,0.0,86.6,,,,1997.172,2450512.4,11.322
37.73685417,-9.09534722,J023056.8-090543,FITS,02 30 56.845,-09 05 43.25,0.797,1.1,0.83,0.159,3.07,0.0,91.7,,,,1997.156,2450506.4,2.661
13.36911667,-9.09536111,J005328.5-090543,FITS,00 53 28.588,-09 05 43.30,0.014,13.16,14.91,0.15,2.82,0.67,83.6,,,,1997.159,2450507.6,1.862
354.79343333,-9.09583056,J233910.4-090544,FITS,23 39 10.424,-09 05 44.99,0.573,1.04,0.41,0.141,0.0,0.0,86.8,,,,1997.161,2450508.1,0.971
15.46941667,-9.09588056,J010152.6-090545,FITS,01 01 52.660,-09 05 45.17,0.014,1.64,1.19,0.159,2.09,0.0,45.1,,g,,1997.154,2450505.9,2.746
34.75333333,-9.09612778,J021900.8-090546,FITS,02 19 00.800,-09 05 46.06,0.014,1.42,0.92,0.158,0.0,0.0,65.0,,,,1997.155,2450506.2,2.706
12.762875,-9.0962,J005103.0-090546,FITS,00 51 03.090,-09 05 46.32,0.489,1.05,0.71,0.143,2.88,0.0,62.6,,g,,1997.161,2450508.4,0.0
336.0751625,-9.09631944,J222418.0-090546,FITS,22 24 18.039,-09 05 46.75,0.567,1.02,0.81,0.144,3.33,0.0,93.5,,,,1997.26,2450544.2,0.01
359.223525,-9.09642222,J235653.6-090547,FITS,23 56 53.646,-09 05 47.12,0.014,5.91,6.29,0.138,2.08,0.0,82.0,,s,,1997.161,2450508.2,0.823
330.0228125,-9.096575,J220005.4-090547,FITS,22 00 05.475,-09 05 47.67,0.014,3.11,3.09,0.14,2.44,0.0,62.0,,g,,1997.164,2450509.2,5.701
352.18822917,-9.09660556,J232845.1-090547,FITS,23 28 45.175,-09 05 47.78,0.014,2.0,1.5,0.158,2.44,0.0,119.7,,g,,1997.154,2450505.5,2.761
344.57959583,-9.09668056,J225819.1-090548,FITS,22 58 19.103,-09 05 48.05,0.732,1.33,0.57,0.201,0.0,0.0,101.7,,g,,1997.189,2450518.6,20.068
13.35512083,-9.09695278,J005325.2-090549,FITS,00 53 25.229,-09 05 49.03,0.014,3.63,3.24,0.152,1.88,0.0,76.0,,,,1997.159,2450507.5,1.995
352.05104583,-9.09695833,J232812.2-090549,FITS,23 28 12.251,-09 05 49.05,0.014,4.69,4.38,0.158,1.5,0.0,85.2,,,,1997.154,2450505.6,2.762
350.6902875,-9.09697778,J232245.6-090549,FITS,23 22 45.669,-09 05 49.12,0.782,1.1,0.67,0.159,0.0,0.0,88.0,,,,1997.178,2450514.5,17.779
349.97965417,-9.09701667,J231955.1-090549,FITS,23 19 55.117,-09 05 49.26,0.52,1.08,2.0,0.16,8.26,1.83,58.0,,g,,1997.176,2450513.7,16.755
15.41729583,-9.09726944,J010140.1-090550,FITS,01 01 40.151,-09 05 50.17,0.441,1.17,2.87,0.158,14.41,0.0,85.9,,g,,1997.153,2450505.5,2.76
347.541675,-9.09736389,J231010.0-090550,FITS,23 10 10.002,-09 05 50.51,0.014,3.55,2.83,0.157,1.07,0.0,109.6,,,,1997.196,2450521.2,20.526
344.67260833,-9.09739444,J225841.4-090550,FITS,22 58 41.426,-09 05 50.62,0.612,1.44,1.31,0.201,2.81,0.0,97.0,,,,1997.19,2450518.9,20.127
349.952075,-9.09740833,J231948.4-090550,FITS,23 19 48.498,-09 05 50.67,0.014,5.66,8.57,0.159,5.16,3.36,5.1,,,,1997.178,2450514.4,17.552
355.257825,-9.09746944,J234101.8-090550,FITS,23 41 01.878,-09 05 50.89,0.494,1.12,0.77,0.159,4.19,0.0,86.4,,g,,1997.156,2450506.2,2.679
34.870175,-9.0975,J021928.8-090551,FITS,02 19 28.842,-09 05 51.00,0.134,1.21,0.68,0.155,0.0,0.0,99.1,,,,1997.153,2450505.5,2.76
37.66577083,-9.097525,J023039.7-090551,FITS,02 30 39.785,-09 05 51.09,0.797,1.05,0.6,0.154,0.0,0.0,89.1,,,,1997.159,2450507.4,2.194
16.58964583,-9.09753611,J010621.5-090551,FITS,01 06 21.515,-09 05 51.13,0.428,1.02,1.58,0.144,7.74,0.0,54.4,,,,1997.16,2450508.0,1.414
33.3947625,-9.0976,J021334.7-090551,FITS,02 13 34.743,-09 05 51.36,0.014,1.31,0.88,0.157,0.0,0.0,94.0,,,,1997.153,2450505.5,2.756
349.04992083,-9.09768611,J231611.9-090551,FITS,23 16 11.981,-09 05 51.67,0.364,1.14,0.45,0.151,0.0,0.0,88.5,,,,1997.186,2450517.5,19.339
26.56902917,-9.0977,J014616.5-090551,FITS,01 46 16.567,-09 05 51.72,0.136,1.2,0.95,0.156,2.51,0.0,7.0,,g,,1997.154,2450505.6,2.765
24.37012917,-9.09795,J013728.8-090552,FITS,01 37 28.831,-09 05 52.62,0.014,2.71,1.69,0.157,0.0,0.0,98.4,,,,1997.153,2450505.5,2.763
333.16241667,-9.09805556,J221238.9-090553,FITS,22 12 38.980,-09 05 53.00,0.014,3.19,4.29,0.151,6.06,0.0,27.4,,g,,1997.255,2450542.6,7.302
344.64055,-9.09813056,J225833.7-090553,FITS,22 58 33.732,-09 05 53.27,0.792,1.39,0.9,0.2,0.93,0.0,67.4,,,,1997.189,2450518.5,20.033
344.81884583,-9.09820833,J225916.5-090553,FITS,22 59 16.523,-09 05 53.55,0.014,2.78,2.86,0.177,2.71,0.0,50.4,,s,,1997.229,2450532.9,18.414
43.56495833,-9.09828889,J025415.5-090553,FITS,02 54 15.590,-09 05 53.84,0.418,1.03,0.51,0.14,0.0,0.0,111.0,,,,1997.161,2450508.2,1.16
333.73462083,-9.09830833,J221456.3-090553,FITS,22 14 56.309,-09 05 53.91,0.454,1.08,0.65,0.141,0.0,0.0,115.7,,,,1997.259,2450544.2,0.0
37.81084167,-9.09840278,J023114.6-090554,FITS,02 31 14.602,-09 05 54.25,0.014,21.38,22.92,0.158,2.06,0.34,95.3,,s,,1997.154,2450505.7,2.77
351.41043333,-9.098575,J232538.5-090554,FITS,23 25 38.504,-09 05 54.87,0.014,5.41,5.17,0.145,0.0,0.0,108.6,,,,1997.167,2450510.3,14.041
38.04407917,-9.09861111,J023210.5-090555,FITS,02 32 10.579,-09 05 55.00,0.561,1.14,0.49,0.159,0.0,0.0,86.9,,g,,1997.157,2450506.9,2.506
19.4579125,-9.09865,J011749.8-090555,FITS,01 17 49.899,-09 05 55.14,0.014,2.44,1.85,0.142,0.0,0.0,12.9,,s,,1997.161,2450508.2,0.945
344.60840833,-9.09876111,J225826.0-090555,FITS,22 58 26.018,-09 05 55.54,0.014,391.61,435.89,0.2,2.15,1.69,78.6,,,,1997.189,2450518.6,20.067
36.3589875,-9.09901667,J022526.1-090556,FITS,02 25 26.157,-09 05 56.46,0.31,1.17,0.66,0.154,0.0,0.0,89.0,,,,1997.154,2450505.6,2.772
28.48687917,-9.09925,J015356.8-090557,FITS,01 53 56.851,-09 05 57.30,0.014,51.52,52.83,0.138,1.47,0.0,3.8,,g,,1997.161,2450508.4,0.0
34.74965833,-9.09928889,J021859.9-090557,FITS,02 18 59.918,-09 05 57.44,0.014,4.62,4.49,0.159,1.77,0.0,61.8,,,,1997.156,2450506.3,2.699
344.5806125,-9.09929167,J225819.3-090557,FITS,22 58 19.347,-09 05 57.45,0.631,1.47,0.81,0.202,0.0,0.0,81.3,,,,1997.191,2450519.0,20.173
21.5291,-9.099325,J012606.9-090557,FITS,01 26 06.984,-09 05 57.57,0.014,1.84,1.57,0.157,0.0,0.0,96.0,,g,,1997.156,2450506.6,2.588
25.59054583,-9.09956389,J014221.7-090558,FITS,01 42 21.731,-09 05 58.43,0.136,1.1,0.75,0.144,1.67,0.0,118.5,,,,1997.16,2450508.0,1.41
12.44721667,-9.09958333,J004947.3-090558,FITS,00 49 47.332,-09 05 58.50,0.078,1.2,1.09,0.166,5.75,0.0,102.6,,,,1997.154,2450505.7,2.775
41.12699583,-9.09962222,J024430.4-090558,FITS,02 44 30.479,-09 05 58.64,0.014,1.8,1.64,0.147,2.55,0.0,79.5,,,,1997.16,2450507.8,1.751
40.965375,-9.09976944,J024351.6-090559,FITS,02 43 51.690,-09 05 59.17,0.632,1.04,0.65,0.157,0.0,0.0,70.2,,g,,1997.155,2450506.0,2.764
10.43315,-9.09986667,J004143.9-090559,FITS,00 41 43.956,-09 05 59.52,0.014,1.27,1.67,0.143,4.73,1.43,39.7,,,,1997.161,2450508.1,1.17
337.52727083,-9.10019167,J223006.5-090600,FITS,22 30 06.545,-09 06 00.69,0.689,1.02,1.27,0.139,9.71,0.0,78.4,,s,,1997.26,2450544.2,0.007
1.6783375,-9.10033333,J000642.8-090601,FITS,00 06 42.801,-09 06 01.20,0.014,1.4,1.87,0.155,6.43,0.0,96.9,,,,1997.158,2450507.1,2.29
36.10598333,-9.10041389,J022425.4-090601,FITS,02 24 25.436,-09 06 01.49,0.014,1.86,2.26,0.145,6.03,0.0,60.8,,s,,1997.16,2450508.0,1.566
341.81796667,-9.10073333,J224716.3-090602,FITS,22 47 16.312,-09 06 02.64,0.014,7.13,8.03,0.155,3.56,0.0,75.2,,,,1997.26,2450544.3,0.309
352.17141667,-9.10083889,J232841.1-090603,FITS,23 28 41.140,-09 06 03.02,0.014,39.44,41.26,0.158,1.37,1.08,107.0,,g,,1997.154,2450505.5,2.787
344.81738333,-9.10092222,J225916.1-090603,FITS,22 59 16.172,-09 06 03.32,0.014,3.43,3.18,0.178,0.0,0.0,76.5,,,,1997.229,2450533.1,18.369
8.33837917,-9.10093889,J003321.2-090603,FITS,00 33 21.211,-09 06 03.38,0.014,241.54,247.4,0.43,1.16,0.67,4.3,,s,,1997.16,2450508.0,1.38
344.5158875,-9.10099167,J225803.8-090603,FITS,22 58 03.813,-09 06 03.57,0.339,1.81,1.65,0.198,2.39,0.0,91.0,,,,1997.204,2450523.9,20.678
344.637175,-9.10118333,J225832.9-090604,FITS,22 58 32.922,-09 06 04.26,0.732,1.29,0.53,0.202,0.0,0.0,88.8,,s,,1997.19,2450519.0,20.166
13.61275417,-9.10122778,J005427.0-090604,FITS,00 54 27.061,-09 06 04.42,0.014,2.98,2.86,0.147,2.43,0.0,99.7,,,,1997.16,2450507.8,1.63
1.6482375,-9.10125,J000635.5-090604,FITS,00 06 35.577,-09 06 04.50,0.014,7.01,13.19,0.15,6.26,4.59,101.0,,g,,1997.159,2450507.5,2.001
335.6011625,-9.10125278,J222224.2-090604,FITS,22 22 24.279,-09 06 04.51,0.744,1.04,0.84,0.158,2.94,0.0,95.6,,,,1997.26,2450544.5,0.442
326.15642917,-9.10151944,J214437.5-090605,FITS,21 44 37.543,-09 06 05.47,0.014,2.07,1.52,0.147,0.0,0.0,90.2,,,,1997.16,2450507.8,1.431
344.48832917,-9.10164167,J225757.1-090605,FITS,22 57 57.199,-09 06 05.91,0.805,1.27,1.43,0.193,4.27,0.0,94.8,,,,1997.212,2450526.8,20.428
335.61489583,-9.10165556,J222227.5-090605,FITS,22 22 27.575,-09 06 05.96,0.2,1.38,0.94,0.156,0.89,0.0,56.8,,g,,1997.26,2450544.4,0.44
13.34234167,-9.10166944,J005322.1-090606,FITS,00 53 22.162,-09 06 06.01,0.014,8.25,11.55,0.154,4.2,3.14,47.7,,,,1997.159,2450507.4,2.093
6.68824583,-9.10215833,J002645.1-090607,FITS,00 26 45.179,-09 06 07.77,0.014,2.42,10.51,0.144,16.71,5.89,121.8,,,,1997.161,2450508.1,1.107
33.5420125,-9.10226667,J021410.0-090608,FITS,02 14 10.083,-09 06 08.16,0.014,1.3,0.97,0.156,0.0,0.0,108.6,,,,1997.157,2450506.9,2.504
42.549475,-9.10228333,J025011.8-090608,FITS,02 50 11.874,-09 06 08.22,0.014,4.76,5.17,0.169,2.67,0.0,81.0,,g,,1997.156,2450506.6,2.419
341.81572917,-9.10229722,J224715.7-090608,FITS,22 47 15.775,-09 06 08.27,0.014,4.79,5.59,0.156,3.72,0.0,63.2,,s,,1997.26,2450544.3,0.315
349.64586667,-9.10239722,J231835.0-090608,FITS,23 18 35.008,-09 06 08.63,0.014,1.58,1.92,0.152,5.01,0.0,171.5,,,,1997.167,2450510.3,10.318
37.68136667,-9.10248611,J023043.5-090608,FITS,02 30 43.528,-09 06 08.95,0.655,1.03,0.69,0.155,3.42,0.0,102.1,,,,1997.158,2450507.2,2.305
37.9807,-9.10249722,J023155.3-090608,FITS,02 31 55.368,-09 06 08.99,0.577,1.07,0.51,0.16,0.0,0.0,89.6,,,,1997.155,2450506.2,2.749
349.67751667,-9.102525,J231842.6-090609,FITS,23 18 42.604,-09 06 09.09,0.217,1.07,1.12,0.157,3.75,0.0,92.2,,,,1997.169,2450511.3,12.463
5.21218333,-9.10255833,J002050.9-090609,FITS,00 20 50.924,-09 06 09.21,0.725,1.06,0.63,0.153,0.0,0.0,82.3,,s,,1997.161,2450508.2,0.889
352.17721667,-9.10260556,J232842.5-090609,FITS,23 28 42.532,-09 06 09.38,0.014,2.38,2.15,0.159,2.5,0.0,82.6,,,,1997.154,2450505.6,2.797
349.66025417,-9.10310833,J231838.4-090611,FITS,23 18 38.461,-09 06 11.19,0.014,1.61,1.65,0.154,4.03,0.0,105.2,,,,1997.168,2450510.8,11.341
11.53291667,-9.10320278,J004607.9-090611,FITS,00 46 07.900,-09 06 11.53,0.014,1.8,1.17,0.158,0.0,0.0,130.3,,,,1997.155,2450506.0,2.772
358.33850833,-9.10334167,J235321.2-090612,FITS,23 53 21.242,-09 06 12.03,0.639,1.04,0.47,0.153,0.0,0.0,86.6,,,,1997.159,2450507.4,2.12
9.66474583,-9.10342222,J003839.5-090612,FITS,00 38 39.539,-09 06 12.32,0.649,1.03,0.74,0.141,2.39,0.0,89.8,,,,1997.16,2450508.0,1.333
19.453175,-9.103775,J011748.7-090613,FITS,01 17 48.762,-09 06 13.59,0.014,24.38,38.34,0.142,5.01,3.81,46.6,,,,1997.161,2450508.2,0.961
341.81379167,-9.10378889,J224715.3-090613,FITS,22 47 15.310,-09 06 13.64,0.014,6.43,6.33,0.156,0.96,0.0,39.8,,,,1997.26,2450544.3,0.32
6.69007083,-9.103825,J002645.6-090613,FITS,00 26 45.617,-09 06 13.77,0.014,2.08,2.32,0.144,2.47,1.5,176.3,,g,,1997.161,2450508.1,1.081
33.167525,-9.10400833,J021240.2-090614,FITS,02 12 40.206,-09 06 14.43,0.014,1.21,0.86,0.152,1.53,0.0,86.8,,,,1997.159,2450507.4,2.171
334.2230125,-9.10404722,J221653.5-090614,FITS,22 16 53.523,-09 06 14.57,0.108,1.26,1.78,0.157,7.01,0.0,84.9,,,,1997.26,2450544.4,0.417
11.39234583,-9.10407778,J004534.1-090614,FITS,00 45 34.163,-09 06 14.68,0.33,1.07,0.57,0.15,0.0,0.0,109.1,,,,1997.159,2450507.6,1.923
13.71358333,-9.10410833,J005451.2-090614,FITS,00 54 51.260,-09 06 14.79,0.492,1.11,0.56,0.16,0.0,0.0,90.4,,,,1997.157,2450506.8,2.531
22.73985417,-9.10420556,J013057.5-090615,FITS,01 30 57.565,-09 06 15.14,0.014,2.69,2.59,0.158,2.01,0.0,122.2,,,,1997.156,2450506.5,2.664
22.75083333,-9.10452778,J013100.2-090616,FITS,01 31 00.200,-09 06 16.30,0.014,4.49,5.09,0.158,3.02,0.0,110.0,,,,1997.156,2450506.4,2.702
37.78418333,-9.10452778,J023108.2-090616,FITS,02 31 08.204,-09 06 16.30,0.339,1.36,1.04,0.159,2.73,0.0,50.9,,,,1997.155,2450506.1,2.777
22.74429583,-9.10474722,J013058.6-090617,FITS,01 30 58.631,-09 06 17.09,0.272,1.11,0.84,0.158,1.29,0.0,90.1,,,,1997.156,2450506.5,2.68
41.6240875,-9.10485833,J024629.7-090617,FITS,02 46 29.781,-09 06 17.49,0.014,1.35,0.9,0.155,0.57,0.0,81.2,,,,1997.154,2450505.7,2.812
334.22454167,-9.10527222,J221653.8-090618,FITS,22 16 53.890,-09 06 18.98,0.054,1.29,1.08,0.157,1.79,0.0,114.6,,,,1997.26,2450544.4,0.418
0.44179583,-9.10534167,J000146.0-090619,FITS,00 01 46.031,-09 06 19.23,0.477,1.19,0.53,0.158,0.0,0.0,85.3,,,,1997.154,2450505.8,2.805
340.77817917,-9.10534167,J224306.7-090619,FITS,22 43 06.763,-09 06 19.23,0.014,2.62,1.87,0.157,0.0,0.0,104.5,,,,1997.26,2450544.4,0.42
38.06875417,-9.10536667,J023216.5-090619,FITS,02 32 16.501,-09 06 19.32,0.014,4.65,4.81,0.157,2.92,0.0,74.5,,s,,1997.158,2450507.3,2.289
335.38745,-9.10548611,J222132.9-090619,FITS,22 21 32.988,-09 06 19.75,0.717,1.08,0.44,0.15,0.0,0.0,82.0,,s,,1997.26,2450544.3,0.245
344.24357083,-9.10548889,J225658.4-090619,FITS,22 56 58.457,-09 06 19.76,0.865,1.02,0.78,0.142,2.39,0.0,89.0,,,,1997.26,2450544.2,0.0
37.558425,-9.10556389,J023014.0-090620,FITS,02 30 14.022,-09 06 20.03,0.014,2.15,1.5,0.141,0.0,0.0,90.2,,s,,1997.161,2450508.2,1.056
30.99997917,-9.10583611,J020359.9-090621,FITS,02 03 59.995,-09 06 21.01,0.014,1.81,1.78,0.159,2.67,0.0,100.4,,g,,1997.156,2450506.4,2.697
341.40314583,-9.10585833,J224536.7-090621,FITS,22 45 36.755,-09 06 21.09,0.42,1.05,0.51,0.152,0.0,0.0,84.7,,s,,1997.26,2450544.3,0.272
327.83378333,-9.10591389,J215120.1-090621,FITS,21 51 20.108,-09 06 21.29,0.014,2.33,1.85,0.138,2.43,0.0,82.3,,g,,1997.164,2450509.4,6.747
30.47486667,-9.10595,J020153.9-090621,FITS,02 01 53.968,-09 06 21.42,0.42,1.05,0.7,0.159,2.54,0.0,102.7,,,,1997.155,2450506.2,2.763
1.00404167,-9.106025,J000400.9-090621,FITS,00 04 00.970,-09 06 21.69,0.014,1.52,1.27,0.159,1.31,0.0,90.7,,g,,1997.156,2450506.3,2.713
12.79338333,-9.10605833,J005110.4-090621,FITS,00 51 10.412,-09 06 21.81,0.143,1.12,0.63,0.141,0.0,0.0,55.1,,,,1997.161,2450508.2,0.919
349.66545833,-9.10609722,J231839.7-090621,FITS,23 18 39.710,-09 06 21.95,0.596,1.11,0.99,0.155,6.25,0.0,106.1,,s,,1997.169,2450511.1,11.871
327.1368375,-9.10612778,J214832.8-090622,FITS,21 48 32.841,-09 06 22.06,0.59,1.04,0.45,0.154,0.0,0.0,89.2,,,,1997.159,2450507.5,1.859
358.34685,-9.10635556,J235323.2-090622,FITS,23 53 23.244,-09 06 22.88,0.612,1.04,0.82,0.152,3.74,0.0,95.9,,g,,1997.159,2450507.5,2.019
355.18711667,-9.10679722,J234044.9-090624,FITS,23 40 44.908,-09 06 24.47,0.163,1.21,0.92,0.158,5.02,0.0,111.8,,,,1997.154,2450505.8,2.814
355.16779583,-9.10681667,J234040.2-090624,FITS,23 40 40.271,-09 06 24.54,0.014,3.43,2.89,0.158,1.6,0.0,99.5,,,,1997.154,2450505.7,2.823
33.13622917,-9.10693611,J021232.6-090624,FITS,02 12 32.695,-09 06 24.97,0.014,12.53,12.99,0.148,1.64,0.0,134.2,,s,,1997.16,2450507.8,1.839
32.51092917,-9.10722222,J021002.6-090626,FITS,02 10 02.623,-09 06 26.00,0.014,46.23,47.49,0.16,1.28,0.64,170.7,,g,,1997.156,2450506.4,2.732
37.76214167,-9.10727778,J023102.9-090626,FITS,02 31 02.914,-09 06 26.20,0.865,1.09,0.87,0.16,2.69,0.0,69.5,,g,,1997.156,2450506.4,2.736
39.15564167,-9.10728333,J023637.3-090626,FITS,02 36 37.354,-09 06 26.22,0.014,2.1,3.85,0.149,7.81,3.07,17.6,,g,,1997.159,2450507.6,2.037
334.54057917,-9.10729722,J221809.7-090626,FITS,22 18 09.739,-09 06 26.27,0.241,1.02,1.11,0.142,6.77,0.0,113.1,,g,,1997.259,2450544.2,0.007
358.8974375,-9.10762222,J235535.3-090627,FITS,23 55 35.385,-09 06 27.44,0.014,13.86,15.52,0.158,2.73,1.14,146.8,,,,1997.154,2450505.6,2.833
342.96949167,-9.10775833,J225152.6-090627,FITS,22 51 52.678,-09 06 27.93,0.809,1.07,0.94,0.158,5.56,0.0,75.6,,s,,1997.26,2450544.4,0.372
344.9876875,-9.10778611,J225957.0-090628,FITS,22 59 57.045,-09 06 28.03,0.014,2.3,2.13,0.144,1.96,0.0,54.6,,,,1997.26,2450544.2,0.0
334.22546667,-9.10789444,J221654.1-090628,FITS,22 16 54.112,-09 06 28.42,0.014,3.14,2.52,0.157,0.0,0.0,111.1,,g,,1997.26,2450544.4,0.422
347.08120417,-9.10799167,J230819.4-090628,FITS,23 08 19.489,-09 06 28.77,0.058,1.3,0.78,0.153,0.0,0.0,93.2,,s,,1997.235,2450535.2,17.127
344.52749167,-9.10810278,J225806.5-090629,FITS,22 58 06.598,-09 06 29.17,0.014,4.87,4.64,0.203,1.69,0.0,89.9,,,,1997.204,2450524.0,20.709
16.988125,-9.10835278,J010757.1-090630,FITS,01 07 57.150,-09 06 30.07,0.556,1.11,1.19,0.16,7.05,0.0,124.8,,s,,1997.156,2450506.3,2.736
36.77723333,-9.10844722,J022706.5-090630,FITS,02 27 06.536,-09 06 30.41,0.014,1.89,1.2,0.141,0.0,0.0,71.9,,g,,1997.161,2450508.3,0.774
356.54790417,-9.10848611,J234611.4-090630,FITS,23 46 11.497,-09 06 30.55,0.014,2.95,2.41,0.157,1.4,0.0,86.6,,,,1997.155,2450505.9,2.806
338.11860417,-9.10869444,J223228.4-090631,FITS,22 32 28.465,-09 06 31.30,0.693,1.12,0.76,0.148,0.41,0.0,176.9,,,,1997.26,2450544.3,0.239
28.5156,-9.10870556,J015403.7-090631,FITS,01 54 03.744,-09 06 31.34,0.014,9.39,11.79,0.138,3.83,2.02,147.4,,,,1997.161,2450508.4,0.0
346.2346875,-9.10871667,J230456.3-090631,FITS,23 04 56.325,-09 06 31.38,0.687,1.06,0.43,0.159,0.0,0.0,89.1,,g,,1997.207,2450525.2,20.654
348.68003333,-9.10876111,J231443.2-090631,FITS,23 14 43.208,-09 06 31.54,0.014,5.18,5.29,0.096,1.92,0.0,169.4,,s,,1997.207,2450525.0,18.242
16.93565,-9.10876667,J010744.5-090631,FITS,01 07 44.556,-09 06 31.56,0.449,1.17,0.64,0.159,0.0,0.0,56.2,,,,1997.155,2450505.9,2.822
37.42045417,-9.10881944,J022940.9-090631,FITS,02 29 40.909,-09 06 31.75,0.014,2.53,2.27,0.141,0.97,0.0,55.0,,g,,1997.161,2450508.2,1.244
328.521675,-9.10888889,J215405.2-090632,FITS,21 54 05.202,-09 06 32.00,0.014,1.46,1.35,0.143,2.27,0.0,95.7,,s,,1997.161,2450508.3,0.0
27.42489167,-9.10945278,J014941.9-090634,FITS,01 49 41.974,-09 06 34.03,0.707,2.0,1.77,0.346,1.95,0.0,95.4,,g,,1997.154,2450505.9,2.832
31.05741667,-9.10955278,J020413.7-090634,FITS,02 04 13.780,-09 06 34.39,0.182,1.18,1.13,0.159,6.07,0.0,47.0,,,,1997.155,2450506.0,2.817
13.32800833,-9.10968333,J005318.7-090634,FITS,00 53 18.722,-09 06 34.86,0.495,1.05,0.39,0.155,0.0,0.0,89.9,,,,1997.159,2450507.4,2.182
327.1572125,-9.10976667,J214837.7-090635,FITS,21 48 37.731,-09 06 35.16,0.014,3.05,2.33,0.159,0.0,0.0,50.6,,s,,1997.158,2450507.2,2.046
27.00907917,-9.10984167,J014802.1-090635,FITS,01 48 02.179,-09 06 35.43,0.014,6.1,6.28,0.141,1.81,0.0,77.0,,,,1997.161,2450508.4,0.0
19.2263375,-9.10992778,J011654.3-090635,FITS,01 16 54.321,-09 06 35.74,0.014,2.38,1.98,0.159,0.0,0.0,59.1,,,,1997.156,2450506.2,2.766
350.49803333,-9.11001944,J232159.5-090636,FITS,23 21 59.528,-09 06 36.07,0.709,1.08,0.62,0.161,2.14,0.0,89.2,,,,1997.179,2450514.7,16.834
336.09482917,-9.110025,J222422.7-090636,FITS,22 24 22.759,-09 06 36.09,0.09,1.3,0.66,0.143,0.0,0.0,81.7,,g,,1997.26,2450544.2,0.183
38.40962083,-9.11006667,J023338.3-090636,FITS,02 33 38.309,-09 06 36.24,0.136,1.26,0.8,0.158,0.0,0.0,126.3,,g,,1997.159,2450507.6,2.059
331.66400833,-9.11009167,J220639.3-090636,FITS,22 06 39.362,-09 06 36.33,0.104,12.07,12.35,0.567,1.71,0.0,132.6,,s,,1997.182,2450515.9,14.51
335.9078125,-9.11028889,J222337.8-090637,FITS,22 23 37.875,-09 06 37.04,0.014,2.95,3.14,0.143,3.65,0.0,134.5,,g,,1997.26,2450544.2,0.179
35.8319625,-9.11029167,J022319.6-090637,FITS,02 23 19.671,-09 06 37.05,0.441,1.11,0.48,0.154,0.0,0.0,91.7,,,,1997.159,2450507.5,2.14
357.92700417,-9.11030556,J235142.4-090637,FITS,23 51 42.481,-09 06 37.10,0.014,29.9,31.56,0.153,1.56,1.13,120.8,,s,,1997.158,2450507.3,2.223
329.61932917,-9.11045278,J215828.6-090637,FITS,21 58 28.639,-09 06 37.63,0.144,1.17,0.75,0.155,0.0,0.0,90.7,,,,1997.219,2450529.6,17.284
14.82339583,-9.11052222,J005917.6-090637,FITS,00 59 17.615,-09 06 37.88,0.352,1.04,0.79,0.153,4.38,0.0,111.5,,,,1997.158,2450507.3,2.216
326.10829167,-9.1106,J214425.9-090638,FITS,21 44 25.990,-09 06 38.16,0.014,2.88,2.32,0.157,0.0,0.0,129.8,,,,1997.159,2450507.4,1.883
23.75050833,-9.11070278,J013500.1-090638,FITS,01 35 00.122,-09 06 38.53,0.424,1.28,2.98,0.193,9.03,4.71,31.5,,,,1997.156,2450506.5,2.693
357.39967083,-9.11081667,J234935.9-090638,FITS,23 49 35.921,-09 06 38.94,0.014,2.67,1.89,0.16,0.0,0.0,143.9,,g,,1997.154,2450505.7,2.852
337.29945833,-9.110925,J222911.8-090639,FITS,22 29 11.870,-09 06 39.33,0.016,2.23,1.57,0.155,0.0,0.0,68.7,,g,,1997.26,2450544.4,0.353
345.0504625,-9.11099167,J230012.1-090639,FITS,23 00 12.111,-09 06 39.57,0.214,1.11,0.65,0.143,0.0,0.0,92.1,,,,1997.255,2450542.7,7.842
341.87440833,-9.11102778,J224729.8-090639,FITS,22 47 29.858,-09 06 39.70,0.639,1.05,0.66,0.147,2.77,0.0,66.6,,,,1997.26,2450544.3,0.233
26.10615417,-9.11107778,J014425.4-090639,FITS,01 44 25.477,-09 06 39.88,0.421,1.02,0.85,0.148,3.6,0.0,111.8,,,,1997.159,2450507.7,1.893
6.69280833,-9.111125,J002646.2-090640,FITS,00 26 46.274,-09 06 40.05,0.094,1.27,4.38,0.143,9.94,8.48,159.8,,g,,1997.161,2450508.1,1.015
339.701,-9.111125,J223848.2-090640,FITS,22 38 48.240,-09 06 40.05,0.081,1.36,1.04,0.139,2.65,0.0,17.1,,,,1997.26,2450544.2,0.008
350.44382917,-9.11148333,J232146.5-090641,FITS,23 21 46.519,-09 06 41.34,0.132,1.19,0.92,0.157,0.0,0.0,92.0,,g,,1997.173,2450512.6,14.071
28.51773333,-9.11155,J015404.2-090641,FITS,01 54 04.256,-09 06 41.58,0.014,8.19,10.33,0.138,4.31,1.54,160.4,,,,1997.161,2450508.4,0.0
326.90672083,-9.11162778,J214737.6-090641,FITS,21 47 37.613,-09 06 41.86,0.574,1.07,0.5,0.145,0.0,0.0,94.5,,,,1997.16,2450507.9,1.364
16.44781667,-9.11168889,J010547.4-090642,FITS,01 05 47.476,-09 06 42.08,0.105,1.54,4.57,0.142,9.43,7.09,36.6,,,,1997.161,2450508.2,0.967
330.87030833,-9.11171389,J220328.8-090642,FITS,22 03 28.874,-09 06 42.17,0.602,1.05,0.67,0.147,2.42,0.0,114.6,,,,1997.173,2450512.6,11.515
345.5729,-9.11173611,J230217.4-090642,FITS,23 02 17.496,-09 06 42.25,0.637,1.02,0.73,0.153,3.57,0.0,106.4,,,,1997.233,2450534.7,17.474
333.2658375,-9.11188333,J221303.8-090642,FITS,22 13 03.801,-09 06 42.78,0.225,1.24,0.79,0.151,0.0,0.0,86.1,,g,,1997.247,2450539.8,11.75
32.08574583,-9.11189722,J020820.5-090642,FITS,02 08 20.579,-09 06 42.83,0.014,1.99,1.58,0.153,0.0,0.0,4.6,,g,,1997.159,2450507.5,2.092
6.0081625,-9.11204167,J002401.9-090643,FITS,00 24 01.959,-09 06 43.35,0.014,3.63,3.36,0.14,0.0,0.0,83.2,,g,,1997.161,2450508.4,0.0
7.08899583,-9.11220556,J002821.3-090643,FITS,00 28 21.359,-09 06 43.94,0.336,1.08,0.62,0.135,0.0,0.0,109.2,,g,,1997.227,2450532.3,40.092
338.11612083,-9.11228056,J223227.8-090644,FITS,22 32 27.869,-09 06 44.21,0.797,1.03,0.42,0.148,0.0,0.0,86.2,,,,1997.26,2450544.3,0.249
350.8509625,-9.11265556,J232324.2-090645,FITS,23 23 24.231,-09 06 45.56,0.777,1.02,0.61,0.15,0.91,0.0,52.4,,,,1997.168,2450510.9,11.113
31.14148333,-9.112675,J020433.9-090645,FITS,02 04 33.956,-09 06 45.63,0.667,1.14,0.59,0.157,0.0,0.0,121.8,,,,1997.155,2450505.9,2.852
351.30842083,-9.11269167,J232514.0-090645,FITS,23 25 14.021,-09 06 45.69,0.014,2.18,1.46,0.144,0.0,0.0,103.4,,,,1997.17,2450511.4,14.539
36.0606375,-9.11281667,J022414.5-090646,FITS,02 24 14.553,-09 06 46.14,0.014,1.67,1.28,0.142,0.0,0.0,57.9,,,,1997.161,2450508.2,1.037
327.63004167,-9.11390556,J215031.2-090650,FITS,21 50 31.210,-09 06 50.06,0.102,1.1,0.71,0.149,0.0,0.0,119.3,,s,,1997.159,2450507.7,1.63
356.59444583,-9.11391667,J234622.6-090650,FITS,23 46 22.667,-09 06 50.10,0.014,52.19,53.31,0.158,1.03,0.7,9.9,,,,1997.154,2450505.8,2.865
41.83409167,-9.11405556,J024720.1-090650,FITS,02 47 20.182,-09 06 50.60,0.865,1.04,0.68,0.153,1.55,0.0,114.4,,,,1997.159,2450507.6,2.096
36.91819167,-9.11428611,J022740.3-090651,FITS,02 27 40.366,-09 06 51.43,0.268,1.1,1.14,0.154,5.59,0.0,90.4,,s,,1997.159,2450507.5,2.116
41.45414167,-9.11439167,J024548.9-090651,FITS,02 45 48.994,-09 06 51.81,0.495,1.09,0.65,0.157,0.0,0.0,100.5,,,,1997.158,2450507.2,2.426
17.45449167,-9.11443889,J010949.0-090651,FITS,01 09 49.078,-09 06 51.98,0.492,1.06,0.41,0.157,0.0,0.0,92.4,,s,,1997.158,2450507.1,2.428
344.95832917,-9.11443889,J225949.9-090651,FITS,22 59 49.999,-09 06 51.98,0.66,1.0,0.39,0.143,0.0,0.0,88.8,,,,1997.256,2450543.0,7.08
341.114475,-9.11454167,J224427.4-090652,FITS,22 44 27.474,-09 06 52.35,0.336,1.05,0.45,0.149,0.0,0.0,101.2,,g,,1997.26,2450544.3,0.255
24.685375,-9.11474722,J013844.4-090653,FITS,01 38 44.490,-09 06 53.09,0.014,5.14,6.71,0.142,5.05,0.0,117.5,,g,,1997.161,2450508.2,1.063
351.15090833,-9.11478333,J232436.2-090653,FITS,23 24 36.218,-09 06 53.22,0.014,4.63,4.83,0.145,2.37,0.0,33.6,,g,,1997.164,2450509.3,8.337
354.18879167,-9.11486111,J233645.3-090653,FITS,23 36 45.310,-09 06 53.50,0.42,1.08,0.6,0.157,0.0,0.0,99.0,,,,1997.158,2450507.2,2.301
349.39951667,-9.11498611,J231735.8-090653,FITS,23 17 35.884,-09 06 53.95,0.016,1.5,1.13,0.145,1.56,0.0,99.0,,g,,1997.165,2450509.6,7.922
14.48964167,-9.115125,J005757.5-090654,FITS,00 57 57.514,-09 06 54.45,0.016,1.5,1.26,0.159,3.1,0.0,74.1,,,,1997.157,2450506.7,2.64
9.94047083,-9.11513889,J003945.7-090654,FITS,00 39 45.713,-09 06 54.50,0.693,1.03,0.81,0.155,4.75,0.0,109.8,,,,1997.158,2450507.2,2.313
338.97721667,-9.11527778,J223554.5-090655,FITS,22 35 54.532,-09 06 55.00,0.039,1.11,0.81,0.14,3.05,0.0,88.6,,,,1997.26,2450544.2,0.0
28.23377083,-9.11543333,J015256.1-090655,FITS,01 52 56.105,-09 06 55.56,0.014,1.78,1.28,0.157,1.93,0.0,85.2,,g,,1997.156,2450506.5,2.746
357.728125,-9.11546667,J235054.7-090655,FITS,23 50 54.750,-09 06 55.68,0.014,8.56,8.63,0.14,0.67,0.31,28.9,,,,1997.161,2450508.3,0.0
0.73010833,-9.11568056,J000255.2-090656,FITS,00 02 55.226,-09 06 56.45,0.014,1.65,1.3,0.138,0.0,0.0,84.5,,g,,1997.161,2450508.3,0.0
350.09770833,-9.1157,J232023.4-090656,FITS,23 20 23.450,-09 06 56.52,0.464,1.08,0.57,0.151,0.0,0.0,99.4,,g,,1997.169,2450511.1,11.515
14.9655,-9.11570278,J005951.7-090656,FITS,00 59 51.720,-09 06 56.53,0.014,19.05,21.86,0.139,2.92,1.38,138.1,,g,,1997.161,2450508.3,0.797
334.239325,-9.11593333,J221657.4-090657,FITS,22 16 57.438,-09 06 57.36,0.014,10.15,16.86,0.158,5.32,4.05,98.5,,,,1997.26,2450544.4,0.426
19.17626667,-9.11601944,J011642.3-090657,FITS,01 16 42.304,-09 06 57.67,0.014,2.15,2.13,0.159,2.52,0.0,97.6,,g,,1997.155,2450506.0,2.856
357.01875833,-9.11602778,J234804.5-090657,FITS,23 48 04.502,-09 06 57.70,0.047,1.45,1.0,0.141,1.74,0.0,17.8,,g,,1997.161,2450508.3,0.0
28.6817875,-9.11607222,J015443.6-090657,FITS,01 54 43.629,-09 06 57.86,0.66,1.06,0.47,0.153,0.0,0.0,89.9,,,,1997.159,2450507.4,2.23
18.56654583,-9.11614167,J011415.9-090658,FITS,01 14 15.971,-09 06 58.11,0.272,1.25,0.68,0.154,0.0,0.0,87.1,,,,1997.158,2450507.3,2.247
350.169525,-9.11616389,J232040.6-090658,FITS,23 20 40.686,-09 06 58.19,0.652,1.01,0.65,0.141,2.29,0.0,92.4,,g,,1997.164,2450509.2,6.734
33.53076667,-9.11622778,J021407.3-090658,FITS,02 14 07.384,-09 06 58.42,0.356,1.04,0.43,0.157,0.0,0.0,87.7,,,,1997.157,2450507.0,2.523
42.10757083,-9.11650278,J024825.8-090659,FITS,02 48 25.817,-09 06 59.41,0.014,1.84,1.57,0.149,1.97,0.0,14.9,,s,,1997.16,2450508.0,1.48
36.79827083,-9.11653056,J022711.5-090659,FITS,02 27 11.585,-09 06 59.51,0.014,5.73,5.47,0.141,0.41,0.0,86.3,,,,1997.161,2450508.3,0.907
16.90085833,-9.11661944,J010736.2-090659,FITS,01 07 36.206,-09 06 59.83,0.014,3.05,3.73,0.16,4.69,0.0,87.6,,,,1997.155,2450505.9,2.878
10.4292875,-9.11666111,J004143.0-090659,FITS,00 41 43.029,-09 06 59.98,0.184,1.05,2.06,0.141,6.54,4.89,46.3,,g,,1997.161,2450508.1,1.113
31.0549125,-9.11674167,J020413.1-090700,FITS,02 04 13.179,-09 07 00.27,0.014,1.65,1.27,0.159,0.97,0.0,47.2,,,,1997.155,2450506.2,2.833
0.03595,-9.11698611,J000008.6-090701,FITS,00 00 08.628,-09 07 01.15,0.02,1.08,0.92,0.138,0.0,0.0,89.9,,g,,1997.161,2450508.2,0.803
4.08366667,-9.11749722,J001620.0-090702,FITS,00 16 20.080,-09 07 02.99,0.014,1.89,1.81,0.158,3.19,0.0,179.4,,g,,1997.155,2450506.0,2.871
22.27583333,-9.11756667,J012906.2-090703,FITS,01 29 06.200,-09 07 03.24,0.014,1.49,1.36,0.156,4.1,0.0,78.9,,,,1997.157,2450506.9,2.549
9.03530417,-9.11756944,J003608.4-090703,FITS,00 36 08.473,-09 07 03.25,0.19,1.09,0.49,0.14,0.0,0.0,90.1,,s,,1997.161,2450508.2,0.795
19.21595833,-9.11778611,J011651.8-090704,FITS,01 16 51.830,-09 07 04.03,0.567,1.14,0.68,0.16,0.0,0.0,112.3,,,,1997.156,2450506.3,2.795
22.27304167,-9.11779722,J012905.5-090704,FITS,01 29 05.530,-09 07 04.07,0.1,1.31,1.73,0.156,8.03,0.0,86.4,,,,1997.157,2450506.9,2.565
40.92998333,-9.11780833,J024343.1-090704,FITS,02 43 43.196,-09 07 04.11,0.483,1.07,0.52,0.158,0.0,0.0,104.1,,,,1997.155,2450506.2,2.858
334.24134583,-9.11789444,J221657.9-090704,FITS,22 16 57.923,-09 07 04.42,0.014,9.35,15.22,0.158,5.81,3.17,66.5,,g,,1997.26,2450544.4,0.427
35.75213333,-9.117925,J022300.5-090704,FITS,02 23 00.512,-09 07 04.53,0.421,1.09,0.73,0.161,3.39,0.0,102.5,,s,,1997.157,2450506.7,2.674
24.48302083,-9.118175,J013755.9-090705,FITS,01 37 55.925,-09 07 05.43,0.514,1.12,0.63,0.161,1.06,0.0,106.4,,,,1997.156,2450506.5,2.747
338.32394167,-9.11818333,J223317.7-090705,FITS,22 33 17.746,-09 07 05.46,0.613,1.08,0.86,0.141,3.73,0.0,56.9,,,,1997.26,2450544.2,0.161
33.13267083,-9.1182,J021231.8-090705,FITS,02 12 31.841,-09 07 05.52,0.283,1.0,0.51,0.147,0.0,0.0,70.4,,g,,1997.16,2450507.9,1.728
330.9576125,-9.118275,J220349.8-090705,FITS,22 03 49.827,-09 07 05.79,0.457,1.07,1.12,0.158,8.43,0.0,83.1,,,,1997.191,2450519.2,16.298
330.5708875,-9.11841944,J220217.0-090706,FITS,22 02 17.013,-09 07 06.31,0.014,6.81,12.1,0.155,7.87,1.1,108.0,,g,,1997.184,2450516.6,14.961
34.15472083,-9.11842222,J021637.1-090706,FITS,02 16 37.133,-09 07 06.32,0.427,1.09,0.48,0.159,0.0,0.0,83.2,,,,1997.155,2450506.0,2.883
6.49511667,-9.11855556,J002558.8-090706,FITS,00 25 58.828,-09 07 06.80,0.492,1.08,0.46,0.161,0.0,0.0,90.2,,,,1997.156,2450506.6,2.702
40.33350833,-9.11864444,J024120.0-090707,FITS,02 41 20.042,-09 07 07.12,0.341,1.05,0.63,0.153,0.0,0.0,97.4,,g,,1997.159,2450507.6,2.073
16.88975,-9.11874722,J010733.5-090707,FITS,01 07 33.540,-09 07 07.49,0.014,10.47,15.79,0.158,4.86,3.29,107.4,,,,1997.155,2450506.0,2.879
350.59409583,-9.11884167,J232222.5-090707,FITS,23 22 22.583,-09 07 07.83,0.651,1.1,0.47,0.161,0.0,0.0,92.1,,,,1997.19,2450518.7,19.758
351.53214167,-9.11893333,J232607.7-090708,FITS,23 26 07.714,-09 07 08.16,0.638,1.01,0.6,0.15,0.0,0.0,115.4,,,,1997.167,2450510.6,12.008
38.00665417,-9.11900556,J023201.5-090708,FITS,02 32 01.597,-09 07 08.42,0.544,1.19,0.9,0.161,3.05,0.0,80.5,,,,1997.157,2450506.8,2.65
40.58862083,-9.11900833,J024221.2-090708,FITS,02 42 21.269,-09 07 08.43,0.576,1.0,0.49,0.142,0.0,0.0,84.6,,,,1997.161,2450508.2,1.271
23.66387917,-9.11906389,J013439.3-090708,FITS,01 34 39.331,-09 07 08.63,0.08,2.01,3.52,0.208,5.99,4.28,174.0,,g,,1997.155,2450506.1,2.878
23.66584583,-9.11911944,J013439.8-090708,FITS,01 34 39.803,-09 07 08.83,0.221,1.89,11.37,0.208,28.18,3.42,79.0,,s,,1997.155,2450506.1,2.876
23.6672625,-9.11911944,J013440.1-090708,FITS,01 34 40.143,-09 07 08.83,0.397,1.37,2.56,0.208,5.69,5.17,32.6,,s,,1997.155,2450506.1,2.875
12.87455,-9.11913333,J005129.8-090708,FITS,00 51 29.892,-09 07 08.88,0.232,1.1,0.6,0.147,0.0,0.0,70.0,,,,1997.16,2450507.9,1.638
19.1391125,-9.11921667,J011633.3-090709,FITS,01 16 33.387,-09 07 09.18,0.436,1.04,0.57,0.157,0.0,0.0,86.4,,g,,1997.155,2450506.0,2.88
328.41658333,-9.119225,J215339.9-090709,FITS,21 53 39.980,-09 07 09.21,0.014,1.19,0.78,0.141,2.03,0.0,116.9,,,,1997.164,2450509.3,6.264
37.02484583,-9.11935833,J022805.9-090709,FITS,02 28 05.963,-09 07 09.69,0.441,1.22,0.67,0.16,0.0,0.0,30.6,,,,1997.156,2450506.5,2.77
4.08419167,-9.11943333,J001620.2-090709,FITS,00 16 20.206,-09 07 09.96,0.045,1.28,1.19,0.158,6.28,0.0,120.5,,g,,1997.155,2450506.0,2.877
28.7851875,-9.11963889,J015508.4-090710,FITS,01 55 08.445,-09 07 10.70,0.567,1.14,0.42,0.159,0.0,0.0,89.9,,,,1997.156,2450506.4,2.796
23.65721667,-9.11974167,J013437.7-090711,FITS,01 34 37.732,-09 07 11.07,0.132,1.69,7.16,0.209,15.9,5.94,94.9,,g,,1997.155,2450506.0,2.886
351.4750125,-9.11993056,J232554.0-090711,FITS,23 25 54.003,-09 07 11.75,0.014,11.31,11.37,0.146,1.02,0.0,111.0,,g,,1997.17,2450511.7,14.196
23.66885833,-9.11995833,J013440.5-090711,FITS,01 34 40.526,-09 07 11.85,0.347,1.39,3.05,0.208,11.26,0.0,82.2,,,,1997.155,2450506.1,2.876
37.59657083,-9.12015278,J023023.1-090712,FITS,02 30 23.177,-09 07 12.55,0.797,1.01,0.54,0.143,0.0,0.0,110.4,,,,1997.161,2450508.1,1.343
329.03165833,-9.12037778,J215607.5-090713,FITS,21 56 07.598,-09 07 13.36,0.014,17.52,18.46,0.158,2.14,0.0,126.5,,g,,1997.193,2450520.0,16.59
341.65491667,-9.12038611,J224637.1-090713,FITS,22 46 37.180,-09 07 13.39,0.014,5.53,5.37,0.159,0.85,0.0,40.0,,g,,1997.26,2450544.5,0.469
34.48257917,-9.12051667,J021755.8-090713,FITS,02 17 55.819,-09 07 13.86,0.257,1.44,0.68,0.14,0.0,0.0,101.8,,g,,1997.161,2450508.4,0.0
357.8904625,-9.12055278,J235133.7-090713,FITS,23 51 33.711,-09 07 13.99,0.639,1.02,0.57,0.148,0.0,0.0,76.9,,,,1997.16,2450507.7,1.794
20.41308333,-9.12055556,J012139.1-090714,FITS,01 21 39.140,-09 07 14.00,0.014,2.0,1.22,0.153,0.0,0.0,108.3,,g,,1997.159,2450507.6,2.025
0.675025,-9.12055833,J000242.0-090714,FITS,00 02 42.006,-09 07 14.01,0.629,1.03,0.4,0.139,0.0,0.0,89.5,,,,1997.161,2450508.1,1.131
21.95473333,-9.12060556,J012749.1-090714,FITS,01 27 49.136,-09 07 14.18,0.014,9.61,9.32,0.155,1.03,0.0,50.7,,s,,1997.158,2450507.2,2.399
330.57568333,-9.12078333,J220218.1-090714,FITS,22 02 18.164,-09 07 14.82,0.014,10.59,12.57,0.154,2.75,2.31,141.0,,,,1997.182,2450516.0,14.574
23.204125,-9.12085278,J013248.9-090715,FITS,01 32 48.990,-09 07 15.07,0.014,15.36,15.69,0.14,1.2,0.47,171.2,,g,,1997.161,2450508.3,0.865
43.6437125,-9.12088333,J025434.4-090715,FITS,02 54 34.491,-09 07 15.18,0.014,2.58,1.55,0.154,0.0,0.0,129.0,,,,1997.159,2450507.7,1.837
349.47374583,-9.12103611,J231753.6-090715,FITS,23 17 53.699,-09 07 15.73,0.367,1.01,0.96,0.143,5.89,0.0,97.3,,,,1997.161,2450508.3,0.0
336.7074,-9.12108611,J222649.7-090715,FITS,22 26 49.776,-09 07 15.91,0.014,1.21,0.83,0.139,0.0,0.0,46.7,,g,,1997.26,2450544.2,0.007
24.48417917,-9.12113333,J013756.2-090716,FITS,01 37 56.203,-09 07 16.08,0.016,1.97,1.41,0.161,1.29,0.0,95.0,,g,,1997.156,2450506.6,2.739
23.64071667,-9.12130833,J013433.7-090716,FITS,01 34 33.772,-09 07 16.71,0.014,6.89,18.9,0.207,10.76,4.58,89.9,,,,1997.155,2450506.1,2.886
340.79685833,-9.12161667,J224311.2-090717,FITS,22 43 11.246,-09 07 17.82,0.014,3.79,3.14,0.158,0.0,0.0,46.9,,g,,1997.26,2450544.5,0.455
335.3044,-9.12170278,J222113.0-090718,FITS,22 21 13.056,-09 07 18.13,0.329,1.16,0.62,0.143,0.0,0.0,85.0,,,,1997.26,2450544.2,0.007
2.79535,-9.12198889,J001110.8-090719,FITS,00 11 10.884,-09 07 19.16,0.132,1.22,0.7,0.157,0.0,0.0,81.1,,g,,1997.158,2450507.1,2.393
21.61505417,-9.122175,J012627.6-090719,FITS,01 26 27.613,-09 07 19.83,0.335,1.01,0.36,0.146,0.0,0.0,90.0,,,,1997.16,2450507.9,1.726
38.8792875,-9.12221389,J023531.0-090719,FITS,02 35 31.029,-09 07 19.97,0.014,1.77,1.48,0.147,2.02,0.0,80.1,,,,1997.16,2450508.0,1.578
38.76624167,-9.12232778,J023503.8-090720,FITS,02 35 03.898,-09 07 20.38,0.429,1.16,0.7,0.171,0.0,0.0,95.8,,,,1997.157,2450507.0,2.588
2.46737917,-9.12233611,J000952.1-090720,FITS,00 09 52.171,-09 07 20.41,0.729,1.05,0.46,0.158,0.0,0.0,82.4,,,,1997.158,2450507.0,2.484
352.61464167,-9.12263333,J233027.5-090721,FITS,23 30 27.514,-09 07 21.48,0.06,1.1,0.65,0.145,0.0,0.0,90.0,,,,1997.16,2450507.9,1.511
350.16711667,-9.12266111,J232040.1-090721,FITS,23 20 40.108,-09 07 21.58,0.014,4.19,5.12,0.141,3.35,1.79,75.8,,,,1997.164,2450509.4,7.153
348.73873333,-9.12266667,J231457.2-090721,FITS,23 14 57.296,-09 07 21.60,0.081,1.12,1.48,0.091,5.17,0.0,63.5,,g,,1997.21,2450526.3,17.971
33.09762917,-9.12268333,J021223.4-090721,FITS,02 12 23.431,-09 07 21.66,0.014,1.35,0.94,0.142,0.0,0.0,111.9,,,,1997.161,2450508.1,1.337
42.0166,-9.12276111,J024803.9-090721,FITS,02 48 03.984,-09 07 21.94,0.695,1.02,0.54,0.141,0.0,0.0,107.4,,,,1997.162,2450508.5,0.0
24.05970417,-9.12289722,J013614.3-090722,FITS,01 36 14.329,-09 07 22.43,0.014,4.43,6.19,0.139,6.75,0.0,73.4,,g,,1997.161,2450508.3,0.978
18.77083333,-9.12290833,J011505.0-090722,FITS,01 15 05.000,-09 07 22.47,0.014,1.18,0.71,0.139,1.02,0.0,107.8,,s,,1997.161,2450508.4,0.0
16.8256625,-9.12315278,J010718.1-090723,FITS,01 07 18.159,-09 07 23.35,0.014,1.66,1.93,0.16,5.8,0.0,85.5,,,,1997.155,2450506.2,2.876
350.16408333,-9.12315833,J232039.3-090723,FITS,23 20 39.380,-09 07 23.37,0.014,1.27,1.12,0.141,4.38,0.0,107.9,,,,1997.164,2450509.5,7.364
16.82840833,-9.12325278,J010718.8-090723,FITS,01 07 18.818,-09 07 23.71,0.014,3.14,4.47,0.16,6.06,0.0,55.0,,,,1997.155,2450506.2,2.88
38.7115125,-9.12330278,J023450.7-090723,FITS,02 34 50.763,-09 07 23.89,0.396,1.21,0.47,0.176,0.0,0.0,91.4,,,,1997.156,2450506.5,2.806
16.43442917,-9.12335,J010544.2-090724,FITS,01 05 44.263,-09 07 24.06,0.014,6.56,14.02,0.141,6.76,5.81,4.1,,s,,1997.161,2450508.2,1.028
334.38167083,-9.12356111,J221731.6-090724,FITS,22 17 31.601,-09 07 24.82,0.014,1.87,1.04,0.146,0.0,0.0,54.8,,s,,1997.26,2450544.3,0.238
24.33734583,-9.12361389,J013720.9-090725,FITS,01 37 20.963,-09 07 25.01,0.061,1.2,1.14,0.161,4.37,0.0,68.4,,s,,1997.155,2450506.2,2.891
341.19049167,-9.12362778,J224445.7-090725,FITS,22 44 45.718,-09 07 25.06,0.014,26.3,28.14,0.141,2.03,0.91,141.2,,,,1997.26,2450544.2,0.146
13.54905417,-9.12410278,J005411.7-090726,FITS,00 54 11.773,-09 07 26.77,0.21,1.03,1.12,0.142,5.68,0.0,100.9,,,,1997.161,2450508.2,0.874
339.79032917,-9.12424722,J223909.6-090727,FITS,22 39 09.679,-09 07 27.29,0.77,1.02,0.5,0.139,0.0,0.0,109.7,,s,,1997.26,2450544.2,0.006
33.77029583,-9.12431667,J021504.8-090727,FITS,02 15 04.871,-09 07 27.54,0.014,18.0,19.55,0.137,2.28,1.16,174.7,,,,1997.161,2450508.4,0.0
40.3849125,-9.12433889,J024132.3-090727,FITS,02 41 32.379,-09 07 27.62,0.014,3.42,2.9,0.145,0.0,0.0,112.4,,,,1997.16,2450508.1,1.505
28.56052917,-9.12434722,J015414.5-090727,FITS,01 54 14.527,-09 07 27.65,0.104,1.18,0.67,0.137,0.0,0.0,89.4,,,,1997.161,2450508.3,0.977
32.03626667,-9.12468611,J020808.7-090728,FITS,02 08 08.704,-09 07 28.87,0.014,6.27,6.95,0.159,3.33,0.0,166.8,,,,1997.158,2450507.2,2.446
39.11015833,-9.12471389,J023626.4-090728,FITS,02 36 26.438,-09 07 28.97,0.802,1.04,0.75,0.142,3.52,0.0,72.6,,,,1997.161,2450508.1,1.452
17.20395833,-9.12485556,J010848.9-090729,FITS,01 08 48.950,-09 07 29.48,0.149,1.37,1.17,0.141,1.48,0.0,133.8,,,,1997.161,2450508.3,0.847
335.48568333,-9.12531944,J222156.5-090731,FITS,22 21 56.564,-09 07 31.15,0.262,1.63,1.35,0.16,0.0,0.0,124.6,,g,,1997.26,2450544.4,0.418
6.10682083,-9.12593611,J002425.6-090733,FITS,00 24 25.637,-09 07 33.37,0.192,1.04,1.09,0.144,2.86,0.0,89.0,,s,,1997.16,2450508.0,1.41
30.31058333,-9.12594444,J020114.5-090733,FITS,02 01 14.540,-09 07 33.40,0.377,1.17,0.48,0.16,0.0,0.0,96.7,,,,1997.156,2450506.4,2.853
34.25124583,-9.12596389,J021700.2-090733,FITS,02 17 00.299,-09 07 33.47,0.337,1.05,0.74,0.16,0.0,0.0,91.2,,g,,1997.157,2450506.9,2.654
12.82513333,-9.12606667,J005118.0-090733,FITS,00 51 18.032,-09 07 33.84,0.24,1.12,0.75,0.141,0.0,0.0,67.7,,g,,1997.161,2450508.2,1.1
9.6707375,-9.12614444,J003840.9-090734,FITS,00 38 40.977,-09 07 34.12,0.639,1.02,0.38,0.14,0.0,0.0,88.3,,,,1997.161,2450508.1,1.139
356.9430125,-9.12617778,J234746.3-090734,FITS,23 47 46.323,-09 07 34.24,0.014,1.61,1.23,0.14,1.59,0.0,87.4,,g,,1997.161,2450508.2,0.938
37.68918333,-9.12634722,J023045.4-090734,FITS,02 30 45.404,-09 07 34.85,0.802,1.04,1.16,0.156,5.37,0.0,90.1,,,,1997.159,2450507.5,2.236
342.80677917,-9.12638056,J225113.6-090734,FITS,22 51 13.627,-09 07 34.97,0.014,1.3,1.03,0.14,0.0,0.0,126.3,,,,1997.26,2450544.3,0.145
343.4043875,-9.12638056,J225337.0-090734,FITS,22 53 37.053,-09 07 34.97,0.014,7.05,7.16,0.142,1.51,0.0,55.8,,,,1997.26,2450544.3,0.203
12.36349583,-9.12670556,J004927.2-090736,FITS,00 49 27.239,-09 07 36.14,0.014,2.91,2.64,0.171,1.69,0.0,71.6,,g,,1997.155,2450506.2,2.899
5.896375,-9.12676944,J002335.1-090736,FITS,00 23 35.130,-09 07 36.37,0.014,14.66,15.17,0.143,1.45,0.71,165.9,,s,,1997.16,2450508.0,1.373
21.35610417,-9.12686389,J012525.4-090736,FITS,01 25 25.465,-09 07 36.71,0.473,1.05,0.67,0.158,0.77,0.0,65.1,,,,1997.156,2450506.3,2.896
30.88637083,-9.12730833,J020332.7-090738,FITS,02 03 32.729,-09 07 38.31,0.346,1.15,0.77,0.148,0.0,0.0,38.7,,g,,1997.16,2450507.9,1.704
41.73403333,-9.12733056,J024656.1-090738,FITS,02 46 56.168,-09 07 38.39,0.014,3.35,3.1,0.159,2.42,0.0,78.8,,,,1997.157,2450506.8,2.727
35.55100833,-9.12734444,J022212.2-090738,FITS,02 22 12.242,-09 07 38.44,0.197,1.08,1.41,0.16,6.08,0.0,65.3,,,,1997.156,2450506.5,2.834
341.24888333,-9.12740278,J224459.7-090738,FITS,22 44 59.732,-09 07 38.65,0.257,1.16,0.48,0.142,0.0,0.0,103.3,,,,1997.26,2450544.2,0.0
17.20474167,-9.12743889,J010849.1-090738,FITS,01 08 49.138,-09 07 38.78,0.014,1.61,1.22,0.141,1.46,0.0,137.7,,,,1997.161,2450508.3,0.827
41.35462917,-9.12779444,J024525.1-090740,FITS,02 45 25.111,-09 07 40.06,0.014,1.5,1.75,0.143,6.93,0.0,96.4,,g,,1997.161,2450508.1,1.376
2.5054,-9.12783611,J001001.2-090740,FITS,00 10 01.296,-09 07 40.21,0.713,1.08,0.44,0.16,0.0,0.0,90.9,,,,1997.157,2450506.7,2.681
21.85612917,-9.12787222,J012725.4-090740,FITS,01 27 25.471,-09 07 40.34,0.093,1.17,0.65,0.141,0.0,0.0,73.4,,,,1997.161,2450508.1,1.39
5.6144375,-9.12795833,J002227.4-090740,FITS,00 22 27.465,-09 07 40.65,0.616,1.05,0.39,0.158,0.0,0.0,92.4,,g,,1997.155,2450506.2,2.901
40.74217917,-9.12818611,J024258.1-090741,FITS,02 42 58.123,-09 07 41.47,0.066,1.24,0.96,0.159,2.4,0.0,35.9,,,,1997.157,2450507.0,2.612
38.03224167,-9.12835833,J023207.7-090742,FITS,02 32 07.738,-09 07 42.09,0.627,1.08,0.57,0.16,0.0,0.0,86.9,,,,1997.158,2450507.2,2.457
356.641475,-9.12861389,J234633.9-090743,FITS,23 46 33.954,-09 07 43.01,0.73,1.08,0.56,0.157,0.0,0.0,74.8,,,,1997.155,2450506.2,2.901
350.16915,-9.12882778,J232040.5-090743,FITS,23 20 40.596,-09 07 43.78,0.014,6.23,6.33,0.141,1.38,0.0,101.8,,s,,1997.164,2450509.5,7.291
335.96874583,-9.12891667,J222352.4-090744,FITS,22 23 52.499,-09 07 44.10,0.493,1.0,0.41,0.142,0.0,0.0,92.9,,s,,1997.26,2450544.2,0.0
8.346425,-9.12904722,J003323.1-090744,FITS,00 33 23.142,-09 07 44.57,0.034,2.86,2.32,0.427,0.0,0.0,105.3,,,,1997.161,2450508.1,1.286
342.0029875,-9.12914722,J224800.7-090744,FITS,22 48 00.717,-09 07 44.93,0.014,33.45,36.69,0.141,2.3,1.21,138.5,,s,,1997.26,2450544.2,0.0
32.0805125,-9.12915278,J020819.3-090744,FITS,02 08 19.323,-09 07 44.95,0.014,4.56,4.11,0.154,0.0,0.0,40.3,,s,,1997.159,2450507.7,2.032
22.78170417,-9.12933333,J013107.6-090745,FITS,01 31 07.609,-09 07 45.60,0.014,6.62,8.7,0.16,4.97,0.0,117.1,,,,1997.156,2450506.6,2.779
37.74024167,-9.12934444,J023057.6-090745,FITS,02 30 57.658,-09 07 45.64,0.191,2.23,0.88,0.16,0.0,0.0,90.4,,,,1997.158,2450507.0,2.597
339.79279583,-9.12975833,J223910.2-090747,FITS,22 39 10.271,-09 07 47.13,0.304,1.11,1.45,0.139,9.19,0.0,101.0,,s,,1997.26,2450544.2,0.006
18.19935833,-9.12983333,J011247.8-090747,FITS,01 12 47.846,-09 07 47.40,0.014,18.21,18.67,0.156,1.49,0.0,2.0,,,,1997.159,2450507.4,2.303
350.18435417,-9.12999444,J232044.2-090747,FITS,23 20 44.245,-09 07 47.98,0.014,1.68,1.32,0.14,0.2,0.0,77.6,,g,,1997.164,2450509.2,6.415
22.7858625,-9.130275,J013108.6-090748,FITS,01 31 08.607,-09 07 48.99,0.014,20.62,25.04,0.16,2.95,2.37,87.6,,,,1997.156,2450506.6,2.79
21.1076125,-9.13040278,J012425.8-090749,FITS,01 24 25.827,-09 07 49.45,0.098,1.15,1.16,0.145,4.83,0.0,36.2,,g,,1997.161,2450508.1,1.389
343.87921667,-9.13064167,J225531.0-090750,FITS,22 55 31.012,-09 07 50.31,0.495,1.08,0.81,0.159,3.59,0.0,75.9,,,,1997.233,2450534.4,17.896
343.79142083,-9.13064444,J225509.9-090750,FITS,22 55 09.941,-09 07 50.32,0.014,19.44,25.03,0.161,3.86,2.15,117.6,,,,1997.236,2450535.6,17.081
17.55584167,-9.13075278,J011013.4-090750,FITS,01 10 13.402,-09 07 50.71,0.429,1.05,0.58,0.158,0.0,0.0,99.0,,,,1997.156,2450506.5,2.843
16.48146667,-9.13105,J010555.5-090751,FITS,01 05 55.552,-09 07 51.78,0.049,1.07,0.81,0.141,2.22,0.0,73.4,,g,,1997.161,2450508.4,0.0
344.61244167,-9.13106667,J225826.9-090751,FITS,22 58 26.986,-09 07 51.84,0.367,1.72,1.21,0.221,2.25,0.0,109.0,,,,1997.205,2450524.4,20.839
341.518725,-9.13115556,J224604.4-090752,FITS,22 46 04.494,-09 07 52.16,0.014,11.35,11.46,0.16,1.53,0.0,113.8,,g,,1997.26,2450544.5,0.453
33.01013333,-9.13122778,J021202.4-090752,FITS,02 12 02.432,-09 07 52.42,0.014,2.07,2.15,0.139,4.09,0.0,79.1,,g,,1997.161,2450508.4,0.0
356.22705417,-9.13187778,J234454.4-090754,FITS,23 44 54.493,-09 07 54.76,0.35,1.11,0.53,0.14,0.0,0.0,104.1,,g,,1997.161,2450508.3,0.0
37.03239583,-9.13192222,J022807.7-090754,FITS,02 28 07.775,-09 07 54.92,0.601,1.06,1.98,0.161,7.48,3.03,115.8,,s,,1997.157,2450506.7,2.776
30.32594583,-9.13193889,J020118.2-090754,FITS,02 01 18.227,-09 07 54.98,0.014,3.46,3.14,0.16,0.67,0.0,111.1,,,,1997.156,2450506.5,2.881
22.82314167,-9.13199444,J013117.5-090755,FITS,01 31 17.554,-09 07 55.18,0.3,1.21,0.48,0.16,0.0,0.0,92.5,,g,,1997.156,2450506.5,2.878
328.43782083,-9.13202778,J215345.0-090755,FITS,21 53 45.077,-09 07 55.30,0.16,1.03,0.78,0.14,3.78,0.0,92.1,,g,,1997.163,2450508.9,4.841
9.44848333,-9.13204722,J003747.6-090755,FITS,00 37 47.636,-09 07 55.37,0.014,19.83,31.52,0.159,6.44,2.69,10.4,,,,1997.156,2450506.5,2.832
8.77074583,-9.13212778,J003504.9-090755,FITS,00 35 04.979,-09 07 55.66,0.014,3.26,3.09,0.161,2.3,0.0,95.7,,,,1997.158,2450507.1,2.517
328.5135,-9.13229444,J215403.2-090756,FITS,21 54 03.240,-09 07 56.26,0.445,1.0,0.68,0.142,0.0,0.0,86.6,,g,,1997.161,2450508.3,0.0
26.154125,-9.13229722,J014436.9-090756,FITS,01 44 36.990,-09 07 56.27,0.014,3.42,4.03,0.141,4.57,0.0,174.4,,,,1997.161,2450508.2,1.261
40.90936667,-9.13243333,J024338.2-090756,FITS,02 43 38.248,-09 07 56.76,0.469,1.06,0.51,0.159,0.0,0.0,101.0,,,,1997.156,2450506.4,2.907
343.60797917,-9.13267778,J225425.9-090757,FITS,22 54 25.915,-09 07 57.64,0.144,1.09,1.03,0.144,3.45,0.0,91.0,,,,1997.255,2450542.7,7.944
22.7582375,-9.132725,J013101.9-090757,FITS,01 31 01.977,-09 07 57.81,0.346,1.14,1.11,0.16,4.75,0.0,95.8,,,,1997.157,2450506.9,2.676
26.15638333,-9.13275556,J014437.5-090757,FITS,01 44 37.532,-09 07 57.92,0.014,8.72,9.86,0.141,2.58,1.67,155.3,,s,,1997.161,2450508.2,1.236
8.52427083,-9.13283611,J003405.8-090758,FITS,00 34 05.825,-09 07 58.21,0.032,2.44,1.7,0.293,0.0,0.0,53.8,,g,,1997.157,2450506.7,2.744
24.87807917,-9.13288333,J013930.7-090758,FITS,01 39 30.739,-09 07 58.38,0.014,7.44,6.88,0.15,0.0,0.0,146.6,,,,1997.16,2450508.0,1.582
343.7945,-9.13288611,J225510.6-090758,FITS,22 55 10.680,-09 07 58.39,0.014,14.77,29.59,0.161,8.95,2.34,124.0,,s,,1997.236,2450535.7,17.024
40.22897917,-9.133075,J024054.9-090759,FITS,02 40 54.955,-09 07 59.07,0.349,1.05,1.38,0.16,9.68,0.0,113.3,,g,,1997.157,2450506.8,2.731
326.9458625,-9.13308333,J214747.0-090759,FITS,21 47 47.007,-09 07 59.10,0.35,1.1,0.69,0.141,1.38,0.0,90.5,,,,1997.161,2450508.1,0.872
11.73329167,-9.133175,J004655.9-090759,FITS,00 46 55.990,-09 07 59.43,0.573,1.08,0.56,0.161,0.0,0.0,73.8,,,,1997.157,2450506.8,2.713
14.3467625,-9.13359167,J005723.2-090800,FITS,00 57 23.223,-09 08 00.93,0.014,2.96,2.39,0.141,0.0,0.0,52.9,,,,1997.161,2450508.1,1.26
41.07766667,-9.13374722,J024418.6-090801,FITS,02 44 18.640,-09 08 01.49,0.585,1.03,0.55,0.153,0.0,0.0,73.1,,,,1997.16,2450507.7,2.03
337.34494583,-9.13374722,J222922.7-090801,FITS,22 29 22.787,-09 08 01.49,0.014,1.58,0.87,0.149,0.0,0.0,117.4,,,,1997.26,2450544.3,0.316
11.47743333,-9.13376389,J004554.5-090801,FITS,00 45 54.584,-09 08 01.55,0.338,1.07,1.34,0.159,8.66,0.0,121.4,,g,,1997.158,2450507.1,2.495
2.2603375,-9.1339,J000902.4-090802,FITS,00 09 02.481,-09 08 02.04,0.014,2.29,2.0,0.14,1.6,0.0,102.8,,g,,1997.161,2450508.3,0.0
26.14951667,-9.13393333,J014435.8-090802,FITS,01 44 35.884,-09 08 02.16,0.308,1.01,0.7,0.142,2.36,0.0,54.5,,,,1997.161,2450508.1,1.296
30.26279583,-9.13396111,J020103.0-090802,FITS,02 01 03.071,-09 08 02.26,0.257,1.67,0.74,0.16,0.0,0.0,109.3,,s,,1997.157,2450506.9,2.691
352.985275,-9.13399167,J233156.4-090802,FITS,23 31 56.466,-09 08 02.37,0.014,9.92,9.97,0.302,2.1,0.0,82.8,,s,,1997.157,2450506.8,2.703
22.64042083,-9.13413056,J013033.7-090802,FITS,01 30 33.701,-09 08 02.87,0.014,5.24,4.96,0.146,0.0,0.0,125.5,,g,,1997.16,2450507.9,1.701
8.68073333,-9.13415,J003443.3-090802,FITS,00 34 43.376,-09 08 02.94,0.794,1.1,0.71,0.162,3.17,0.0,77.5,,,,1997.156,2450506.5,2.87
37.0184375,-9.13434722,J022804.4-090803,FITS,02 28 04.425,-09 08 03.65,0.612,1.19,4.19,0.161,14.16,4.78,88.1,,,,1997.157,2450506.9,2.716
28.8314,-9.13446111,J015519.5-090804,FITS,01 55 19.536,-09 08 04.06,0.641,1.05,0.81,0.159,4.1,0.0,70.6,,g,,1997.156,2450506.5,2.89
352.10771667,-9.13455278,J232825.8-090804,FITS,23 28 25.852,-09 08 04.39,0.639,1.05,0.49,0.16,0.0,0.0,88.7,,s,,1997.156,2450506.4,2.902
12.4361375,-9.13458611,J004944.6-090804,FITS,00 49 44.673,-09 08 04.51,0.034,2.2,3.94,0.174,8.46,0.0,102.8,,g,,1997.156,2450506.5,2.858
10.35705417,-9.13473333,J004125.6-090805,FITS,00 41 25.693,-09 08 05.04,0.622,1.05,0.67,0.15,0.0,0.0,121.2,,,,1997.16,2450507.9,1.724
333.15004583,-9.13473333,J221236.0-090805,FITS,22 12 36.011,-09 08 05.04,0.145,1.15,0.87,0.147,0.0,0.0,60.6,,s,,1997.254,2450542.1,8.344
356.95599583,-9.13478333,J234749.4-090805,FITS,23 47 49.439,-09 08 05.22,0.027,1.3,1.25,0.141,4.12,0.0,6.5,,g,,1997.161,2450508.2,0.782
15.07159167,-9.13486667,J010017.1-090805,FITS,01 00 17.182,-09 08 05.52,0.014,5.23,10.84,0.139,9.75,1.55,61.3,,g,,1997.161,2450508.2,1.018
13.25836667,-9.13488611,J005302.0-090805,FITS,00 53 02.008,-09 08 05.59,0.014,1.71,1.89,0.161,5.44,0.0,65.4,,,,1997.158,2450507.0,2.582
12.7162875,-9.13493056,J005051.9-090805,FITS,00 50 51.909,-09 08 05.75,0.06,1.41,1.05,0.142,1.34,0.0,103.1,,,,1997.161,2450508.4,0.0
355.25795,-9.1354,J234101.9-090807,FITS,23 41 01.908,-09 08 07.44,0.573,1.13,0.49,0.161,0.0,0.0,75.2,,g,,1997.157,2450507.0,2.581
38.49349167,-9.13558056,J023358.4-090808,FITS,02 33 58.438,-09 08 08.09,0.014,3.27,4.99,0.176,8.28,0.0,82.5,,,,1997.158,2450507.1,2.587
33.00379167,-9.13579444,J021200.9-090808,FITS,02 12 00.910,-09 08 08.86,0.181,1.24,0.66,0.138,0.0,0.0,168.4,,s,,1997.161,2450508.4,0.0
347.63560833,-9.13592778,J231032.5-090809,FITS,23 10 32.546,-09 08 09.34,0.421,1.04,0.95,0.158,5.18,0.0,47.2,,,,1997.208,2450525.3,20.811
357.23572917,-9.13596944,J234856.5-090809,FITS,23 48 56.575,-09 08 09.49,0.014,10.71,10.31,0.161,1.09,0.0,70.9,,g,,1997.158,2450507.0,2.539
349.879325,-9.13601389,J231931.0-090809,FITS,23 19 31.038,-09 08 09.65,0.345,1.23,0.59,0.16,0.0,0.0,74.6,,g,,1997.198,2450521.8,20.339
21.81779167,-9.13650278,J012716.2-090811,FITS,01 27 16.270,-09 08 11.41,0.09,1.17,0.57,0.138,0.0,0.0,83.3,,,,1997.161,2450508.3,0.976
333.06175833,-9.13657222,J221214.8-090811,FITS,22 12 14.822,-09 08 11.66,0.241,1.04,1.17,0.14,5.49,0.0,89.8,,,,1997.258,2450543.7,4.282
347.98280833,-9.13669722,J231155.8-090812,FITS,23 11 55.874,-09 08 12.11,0.014,3.38,3.82,0.142,3.65,0.0,81.1,,g,,1997.26,2450544.2,0.0
353.69329583,-9.13677778,J233446.3-090812,FITS,23 34 46.391,-09 08 12.40,0.016,26.2,27.65,0.534,1.74,0.87,49.1,,s,,1997.156,2450506.6,2.838
18.47745417,-9.13718333,J011354.5-090813,FITS,01 13 54.589,-09 08 13.86,0.195,1.36,0.75,0.16,0.0,0.0,90.9,,,,1997.157,2450506.9,2.723
13.260175,-9.13718611,J005302.4-090813,FITS,00 53 02.442,-09 08 13.87,0.014,2.18,2.25,0.161,1.96,0.0,80.0,,g,,1997.158,2450507.1,2.559
24.78017083,-9.13723056,J013907.2-090814,FITS,01 39 07.241,-09 08 14.03,0.072,1.14,1.33,0.14,4.61,0.0,95.8,,,,1997.161,2450508.4,0.0
35.59683333,-9.13727778,J022223.2-090814,FITS,02 22 23.240,-09 08 14.20,0.014,6.94,8.36,0.161,3.78,0.0,64.7,,,,1997.156,2450506.5,2.914
32.88875,-9.13732222,J021133.3-090814,FITS,02 11 33.300,-09 08 14.36,0.014,2.16,2.77,0.143,5.25,0.0,92.6,,,,1997.161,2450508.1,1.38
14.44559583,-9.13740833,J005746.9-090814,FITS,00 57 46.943,-09 08 14.67,0.486,1.07,0.73,0.155,4.0,0.0,78.0,,,,1997.159,2450507.5,2.221
350.17875417,-9.13744722,J232042.9-090814,FITS,23 20 42.901,-09 08 14.81,0.014,5.2,7.67,0.14,6.05,0.0,86.5,,s,,1997.164,2450509.5,7.054
352.94469583,-9.13746389,J233146.7-090814,FITS,23 31 46.727,-09 08 14.87,0.014,4.76,5.03,0.253,2.3,0.0,82.4,,,,1997.156,2450506.6,2.833
24.6427125,-9.137475,J013834.2-090814,FITS,01 38 34.251,-09 08 14.91,0.441,1.0,0.59,0.144,0.0,0.0,94.7,,,,1997.161,2450508.1,1.34
349.61220417,-9.13762778,J231826.9-090815,FITS,23 18 26.929,-09 08 15.46,0.014,1.98,1.46,0.146,0.0,0.0,89.8,,g,,1997.167,2450510.6,9.815
9.448925,-9.13772222,J003747.7-090815,FITS,00 37 47.742,-09 08 15.80,0.014,11.61,24.04,0.159,8.72,3.72,159.5,,,,1997.157,2450506.7,2.82
4.55814583,-9.13774167,J001813.9-090815,FITS,00 18 13.955,-09 08 15.87,0.014,10.86,11.14,0.147,1.1,0.62,89.0,,g,,1997.161,2450508.2,0.888
33.00133333,-9.13775,J021200.3-090815,FITS,02 12 00.320,-09 08 15.90,0.014,3.93,5.16,0.138,5.01,0.0,41.7,,,,1997.161,2450508.4,0.0
36.70515833,-9.13777222,J022649.2-090815,FITS,02 26 49.238,-09 08 15.98,0.014,3.91,3.81,0.141,1.35,0.0,33.5,,,,1997.161,2450508.3,0.774
11.6452125,-9.13823333,J004634.8-090817,FITS,00 46 34.851,-09 08 17.64,0.014,6.08,6.45,0.158,2.76,0.0,90.0,,g,,1997.156,2450506.5,2.896
357.26364583,-9.13826111,J234903.2-090817,FITS,23 49 03.275,-09 08 17.74,0.014,5.81,5.26,0.162,0.83,0.0,99.5,,g,,1997.157,2450506.9,2.681
333.48151667,-9.1383,J221355.5-090817,FITS,22 13 55.564,-09 08 17.88,0.014,7.95,9.77,0.147,4.71,0.0,22.4,,g,,1997.243,2450538.2,13.352
35.92774583,-9.13849722,J022342.6-090818,FITS,02 23 42.659,-09 08 18.59,0.549,1.03,0.51,0.141,0.0,0.0,112.2,,,,1997.161,2450508.3,1.005
330.882325,-9.13856944,J220331.7-090818,FITS,22 03 31.758,-09 08 18.85,0.392,1.05,1.43,0.148,4.16,2.53,89.1,,,,1997.172,2450512.1,10.943
340.739675,-9.1387,J224257.5-090819,FITS,22 42 57.522,-09 08 19.32,0.016,1.26,0.9,0.158,0.0,0.0,104.4,,g,,1997.26,2450544.5,0.44
7.56228333,-9.13870833,J003014.9-090819,FITS,00 30 14.948,-09 08 19.35,0.201,1.23,1.05,0.156,4.2,0.0,104.6,,,,1997.161,2450508.2,0.918
11.65220417,-9.138725,J004636.5-090819,FITS,00 46 36.529,-09 08 19.41,0.014,6.78,7.89,0.16,3.79,0.0,94.9,,,,1997.156,2450506.5,2.914
24.00653333,-9.13882778,J013601.5-090819,FITS,01 36 01.568,-09 08 19.78,0.331,1.01,0.74,0.139,3.99,0.0,45.2,,,,1997.161,2450508.4,0.0
326.91820417,-9.13883333,J214740.3-090819,FITS,21 47 40.369,-09 08 19.80,0.476,1.0,0.41,0.144,0.0,0.0,78.0,,,,1997.16,2450508.0,1.083
352.707875,-9.13928889,J233049.8-090821,FITS,23 30 49.890,-09 08 21.44,0.404,1.08,0.44,0.158,0.0,0.0,91.9,,,,1997.158,2450507.3,2.316
328.69950833,-9.13957222,J215447.8-090822,FITS,21 54 47.882,-09 08 22.46,0.484,1.05,0.46,0.157,0.0,0.0,97.2,,s,,1997.184,2450516.7,14.91
15.130575,-9.139625,J010031.3-090822,FITS,01 00 31.338,-09 08 22.65,0.061,1.2,0.81,0.146,2.47,0.0,84.2,,g,,1997.16,2450508.0,1.56
28.18915833,-9.13970556,J015245.3-090822,FITS,01 52 45.398,-09 08 22.94,0.58,1.13,0.51,0.158,0.0,0.0,80.6,,g,,1997.157,2450506.7,2.84
336.13368333,-9.13983611,J222432.0-090823,FITS,22 24 32.084,-09 08 23.41,0.456,1.16,0.46,0.147,0.0,0.0,90.3,,,,1997.26,2450544.3,0.288
350.633875,-9.13994444,J232232.1-090823,FITS,23 22 32.130,-09 08 23.80,0.014,5.36,6.59,0.159,4.63,0.0,52.7,,g,,1997.2,2450522.5,20.41
41.1219125,-9.14005556,J024429.2-090824,FITS,02 44 29.259,-09 08 24.20,0.323,1.02,1.07,0.146,5.51,0.0,63.0,,,,1997.161,2450508.1,1.534
26.25689583,-9.14024722,J014501.6-090824,FITS,01 45 01.655,-09 08 24.89,0.016,1.29,1.13,0.138,2.25,0.0,68.5,,g,,1997.161,2450508.4,0.0
340.5214125,-9.14027222,J224205.1-090824,FITS,22 42 05.139,-09 08 24.98,0.014,2.02,1.62,0.138,0.0,0.0,92.9,,,,1997.26,2450544.2,0.0
39.69911667,-9.14033333,J023847.7-090825,FITS,02 38 47.788,-09 08 25.20,0.331,1.06,0.42,0.139,0.0,0.0,92.0,,g,,1997.161,2450508.4,0.818
13.9987125,-9.14046944,J005559.6-090825,FITS,00 55 59.691,-09 08 25.69,0.104,1.46,0.98,0.161,0.0,0.0,112.9,,,,1997.158,2450507.1,2.606
18.17344583,-9.14051389,J011241.6-090825,FITS,01 12 41.627,-09 08 25.85,0.433,1.15,0.82,0.153,0.0,0.0,90.8,,,,1997.16,2450507.7,1.993
14.98158333,-9.14060278,J005955.5-090826,FITS,00 59 55.580,-09 08 26.17,0.027,1.2,2.65,0.139,11.16,0.0,102.2,,,,1997.161,2450508.4,0.0
30.4331125,-9.14064167,J020143.9-090826,FITS,02 01 43.947,-09 08 26.31,0.014,2.83,2.23,0.16,0.0,0.0,99.3,,s,,1997.157,2450506.7,2.851
42.704025,-9.14095,J025048.9-090827,FITS,02 50 48.966,-09 08 27.42,0.217,1.12,0.62,0.141,0.0,0.0,89.4,,,,1997.162,2450508.5,0.0
330.88302917,-9.14103056,J220331.9-090827,FITS,22 03 31.927,-09 08 27.71,0.409,1.06,0.89,0.148,5.79,0.0,49.7,,,,1997.172,2450512.1,10.859
341.21472917,-9.14115556,J224451.5-090828,FITS,22 44 51.535,-09 08 28.16,0.014,1.38,1.15,0.143,1.44,0.0,83.0,,,,1997.26,2450544.2,0.0
342.72030833,-9.14124167,J225052.8-090828,FITS,22 50 52.874,-09 08 28.47,0.014,14.36,23.94,0.141,7.18,1.24,64.8,,,,1997.26,2450544.2,0.0
37.33256667,-9.14126111,J022919.8-090828,FITS,02 29 19.816,-09 08 28.54,0.643,1.13,0.45,0.152,0.0,0.0,83.0,,,,1997.16,2450507.8,1.929
12.15369167,-9.14129167,J004836.8-090828,FITS,00 48 36.886,-09 08 28.65,0.014,18.06,21.38,0.157,2.99,2.03,154.7,,s,,1997.16,2450507.8,1.789
3.8307625,-9.14131389,J001519.3-090828,FITS,00 15 19.383,-09 08 28.73,0.634,1.03,0.46,0.142,0.0,0.0,75.4,,,,1997.161,2450508.2,1.064
38.72134583,-9.14132778,J023453.1-090828,FITS,02 34 53.123,-09 08 28.78,0.014,55.75,57.91,0.179,1.54,0.72,158.9,,,,1997.157,2450507.0,2.732
357.5829375,-9.14136944,J235019.9-090828,FITS,23 50 19.905,-09 08 28.93,0.014,2.3,1.8,0.152,0.0,0.0,117.0,,,,1997.159,2450507.7,1.925
355.32825417,-9.141375,J234118.7-090828,FITS,23 41 18.781,-09 08 28.95,0.014,3.96,3.71,0.155,0.11,0.0,82.6,,,,1997.159,2450507.7,1.971
1.92305,-9.14148056,J000741.5-090829,FITS,00 07 41.532,-09 08 29.33,0.709,1.09,0.74,0.159,1.87,0.0,70.2,,,,1997.156,2450506.6,2.874
329.243125,-9.14157778,J215658.3-090829,FITS,21 56 58.350,-09 08 29.68,0.034,1.2,0.87,0.139,3.62,0.0,109.1,,,,1997.161,2450508.3,0.0
1.64830417,-9.14189167,J000635.5-090830,FITS,00 06 35.593,-09 08 30.81,0.509,1.0,0.51,0.149,0.0,0.0,92.1,,s,,1997.16,2450507.8,1.729
337.95220833,-9.14191111,J223148.5-090830,FITS,22 31 48.530,-09 08 30.88,0.014,2.61,1.84,0.158,0.0,0.0,90.2,,,,1997.26,2450544.6,0.476
35.59908333,-9.14203611,J022223.7-090831,FITS,02 22 23.780,-09 08 31.33,0.014,1.78,2.2,0.161,4.94,0.0,123.7,,s,,1997.157,2450506.7,2.911
39.70430833,-9.14206389,J023849.0-090831,FITS,02 38 49.034,-09 08 31.43,0.261,1.02,0.95,0.14,3.76,0.0,94.4,,g,,1997.162,2450508.5,0.154
31.7066375,-9.14235556,J020649.5-090832,FITS,02 06 49.593,-09 08 32.48,0.476,1.15,1.07,0.159,4.52,0.0,99.0,,s,,1997.159,2450507.5,2.284
30.6620125,-9.14235833,J020238.8-090832,FITS,02 02 38.883,-09 08 32.49,0.014,1.43,1.14,0.141,0.33,0.0,86.9,,g,,1997.161,2450508.2,1.124
17.189,-9.14238611,J010845.3-090832,FITS,01 08 45.360,-09 08 32.59,0.014,5.1,5.12,0.14,1.5,0.0,162.0,,g,,1997.161,2450508.3,0.889
26.82920417,-9.14252222,J014719.0-090833,FITS,01 47 19.009,-09 08 33.08,0.365,1.03,0.59,0.153,0.0,0.0,92.2,,,,1997.16,2450507.8,1.953
349.11645,-9.14252778,J231627.9-090833,FITS,23 16 27.948,-09 08 33.10,0.408,1.05,0.79,0.155,3.07,0.0,115.1,,,,1997.204,2450524.0,20.59
28.52487917,-9.14256667,J015405.9-090833,FITS,01 54 05.971,-09 08 33.24,0.517,1.06,0.6,0.137,0.0,0.0,95.1,,,,1997.161,2450508.4,0.0
348.40879167,-9.14269444,J231338.1-090833,FITS,23 13 38.110,-09 08 33.70,0.492,1.06,0.44,0.157,0.0,0.0,90.6,,,,1997.206,2450524.8,20.665
349.59330417,-9.14279444,J231822.3-090834,FITS,23 18 22.393,-09 08 34.06,0.014,2.11,2.93,0.144,6.93,0.0,112.7,,g,,1997.166,2450510.2,8.739
351.35857917,-9.14301667,J232526.0-090834,FITS,23 25 26.059,-09 08 34.86,0.014,8.07,8.66,0.136,2.95,0.0,87.0,,g,,1997.179,2450514.8,16.747
342.71664583,-9.14318889,J225051.9-090835,FITS,22 50 51.995,-09 08 35.48,0.014,57.42,68.23,0.142,2.96,1.88,86.4,,,,1997.26,2450544.2,0.0
9.9517125,-9.14319722,J003948.4-090835,FITS,00 39 48.411,-09 08 35.51,0.014,2.3,2.55,0.157,2.94,0.0,98.5,,g,,1997.159,2450507.5,2.238
349.36260417,-9.14341389,J231727.0-090836,FITS,23 17 27.025,-09 08 36.29,0.385,1.1,0.67,0.149,1.8,0.0,101.2,,,,1997.171,2450511.9,11.955
20.57414167,-9.14358333,J012217.7-090836,FITS,01 22 17.794,-09 08 36.90,0.495,1.11,0.71,0.161,0.0,0.0,87.1,,,,1997.157,2450506.7,2.861
25.50188333,-9.14379722,J014200.4-090837,FITS,01 42 00.452,-09 08 37.67,0.441,1.0,0.6,0.14,0.15,0.0,84.3,,,,1997.161,2450508.4,0.0
19.4786,-9.14387222,J011754.8-090837,FITS,01 17 54.864,-09 08 37.94,0.014,3.78,3.87,0.141,2.05,0.0,172.6,,,,1997.161,2450508.4,0.0
35.18687917,-9.14387778,J022044.8-090837,FITS,02 20 44.851,-09 08 37.96,0.201,1.07,0.65,0.136,0.0,0.0,78.8,,,,1997.161,2450508.3,0.898
18.66965417,-9.14393611,J011440.7-090838,FITS,01 14 40.717,-09 08 38.17,0.565,1.01,0.44,0.14,0.0,0.0,90.1,,g,,1997.161,2450508.2,1.046
30.7633,-9.14406389,J020303.1-090838,FITS,02 03 03.192,-09 08 38.63,0.554,1.02,0.52,0.14,0.0,0.0,98.7,,,,1997.161,2450508.4,0.0
38.16019583,-9.14414167,J023238.4-090838,FITS,02 32 38.447,-09 08 38.91,0.014,1.86,1.95,0.143,3.39,0.0,52.3,,g,,1997.161,2450508.3,1.131
0.46040417,-9.14455556,J000150.4-090840,FITS,00 01 50.497,-09 08 40.40,0.014,92.46,112.06,0.161,3.55,1.84,19.0,,s,,1997.157,2450506.9,2.761
341.26925417,-9.14457222,J224504.6-090840,FITS,22 45 04.621,-09 08 40.46,0.014,1.55,1.29,0.142,3.47,0.0,58.0,,s,,1997.26,2450544.2,0.0
0.760325,-9.14458889,J000302.4-090840,FITS,00 03 02.478,-09 08 40.52,0.777,1.03,0.75,0.138,0.0,0.0,89.7,,g,,1997.161,2450508.3,0.0
16.749225,-9.14469722,J010659.8-090840,FITS,01 06 59.814,-09 08 40.91,0.51,1.13,0.62,0.161,0.0,0.0,87.6,,s,,1997.158,2450507.2,2.572
13.926225,-9.14479444,J005542.2-090841,FITS,00 55 42.294,-09 08 41.26,0.621,1.06,0.99,0.161,5.78,0.0,114.7,,,,1997.157,2450506.8,2.856
350.02504583,-9.14484167,J232006.0-090841,FITS,23 20 06.011,-09 08 41.43,0.108,1.49,1.75,0.16,5.93,0.0,90.0,,g,,1997.187,2450517.6,17.684
0.42875417,-9.14489444,J000142.9-090841,FITS,00 01 42.901,-09 08 41.62,0.113,1.44,1.14,0.161,3.67,0.0,59.2,,,,1997.157,2450506.7,2.852
339.2842375,-9.14508611,J223708.2-090842,FITS,22 37 08.217,-09 08 42.31,0.088,1.32,0.9,0.158,2.44,0.0,109.8,,,,1997.26,2450544.6,0.474
1.84956667,-9.14509444,J000723.8-090842,FITS,00 07 23.896,-09 08 42.34,0.014,3.44,2.56,0.16,0.0,0.0,111.6,,g,,1997.156,2450506.6,2.906
0.43246667,-9.14513889,J000143.7-090842,FITS,00 01 43.792,-09 08 42.50,0.865,1.11,0.65,0.161,0.0,0.0,73.0,,,,1997.157,2450506.7,2.842
32.1466,-9.14515556,J020835.1-090842,FITS,02 08 35.184,-09 08 42.56,0.014,1.84,1.87,0.144,3.14,0.0,46.1,,g,,1997.161,2450508.2,1.253
0.47415,-9.14518889,J000153.7-090842,FITS,00 01 53.796,-09 08 42.68,0.66,1.12,0.46,0.161,0.0,0.0,87.3,,s,,1997.157,2450507.0,2.704
328.54827917,-9.14519167,J215411.5-090842,FITS,21 54 11.587,-09 08 42.69,0.014,3.55,3.46,0.142,1.49,0.0,96.8,,,,1997.161,2450508.3,0.162
347.31957083,-9.14523056,J230916.6-090842,FITS,23 09 16.697,-09 08 42.83,0.51,1.01,0.58,0.141,0.74,0.0,68.1,,,,1997.256,2450542.8,7.547
9.61137917,-9.14536389,J003826.7-090843,FITS,00 38 26.731,-09 08 43.31,0.014,2.26,1.56,0.147,0.0,0.0,93.5,,,,1997.16,2450508.0,1.606
350.94302083,-9.14543611,J232346.3-090843,FITS,23 23 46.325,-09 08 43.57,0.615,1.01,0.6,0.138,1.01,0.0,97.9,,,,1997.164,2450509.3,6.499
356.04293333,-9.14561389,J234410.3-090844,FITS,23 44 10.304,-09 08 44.21,0.433,1.05,0.55,0.158,0.0,0.0,92.5,,,,1997.159,2450507.4,2.268
26.1353,-9.14565,J014432.4-090844,FITS,01 44 32.472,-09 08 44.34,0.383,1.0,0.73,0.143,2.08,0.0,72.1,,,,1997.161,2450508.1,1.361
36.9254875,-9.1458,J022742.1-090844,FITS,02 27 42.117,-09 08 44.88,0.014,30.33,43.35,0.154,4.97,2.18,73.0,,,,1997.16,2450507.8,1.976
38.042475,-9.14595833,J023210.1-090845,FITS,02 32 10.194,-09 08 45.45,0.781,1.05,0.51,0.159,0.0,0.0,114.7,,s,,1997.159,2450507.6,2.269
23.73820417,-9.14621111,J013457.1-090846,FITS,01 34 57.169,-09 08 46.36,0.014,5.71,5.59,0.211,0.21,0.0,94.0,,s,,1997.158,2450507.1,2.632
328.1252375,-9.14628056,J215230.0-090846,FITS,21 52 30.057,-09 08 46.61,0.014,2.97,2.63,0.142,1.9,0.0,117.3,,g,,1997.18,2450515.3,15.16
0.67577917,-9.14634444,J000242.1-090846,FITS,00 02 42.187,-09 08 46.84,0.014,1.7,1.35,0.138,0.0,0.0,90.0,,g,,1997.161,2450508.2,0.979
330.30876667,-9.1464,J220114.1-090847,FITS,22 01 14.104,-09 08 47.04,0.014,9.88,10.43,0.16,2.39,0.0,49.1,,,,1997.201,2450522.9,17.176
35.79572083,-9.14643333,J022310.9-090847,FITS,02 23 10.973,-09 08 47.16,0.014,16.55,25.96,0.158,6.56,0.0,81.1,,g,,1997.159,2450507.6,2.238
334.35903333,-9.14654722,J221726.1-090847,FITS,22 17 26.168,-09 08 47.57,0.014,1.26,0.92,0.149,2.63,0.0,105.5,,g,,1997.26,2450544.3,0.31
349.37952083,-9.14658611,J231731.0-090847,FITS,23 17 31.085,-09 08 47.71,0.289,1.05,1.33,0.147,8.84,0.0,85.9,,,,1997.169,2450511.3,10.871
0.3960875,-9.14660556,J000135.0-090847,FITS,00 01 35.061,-09 08 47.78,0.228,1.26,1.07,0.159,2.21,0.0,78.1,,,,1997.157,2450506.7,2.877
37.7624125,-9.14684444,J023102.9-090848,FITS,02 31 02.979,-09 08 48.64,0.865,1.11,0.7,0.161,2.39,0.0,118.3,,,,1997.158,2450507.2,2.632
350.06381667,-9.14685,J232015.3-090848,FITS,23 20 15.316,-09 08 48.66,0.014,4.56,4.05,0.156,0.0,0.0,78.8,,,,1997.18,2450515.1,15.597
1.48954167,-9.14688056,J000557.4-090848,FITS,00 05 57.490,-09 08 48.77,0.014,3.02,7.13,0.14,10.45,3.51,39.2,,,,1997.161,2450508.3,0.0
350.17920833,-9.14708889,J232043.0-090849,FITS,23 20 43.010,-09 08 49.52,0.64,1.04,1.41,0.14,8.32,0.0,100.6,,s,,1997.165,2450509.7,7.428
2.5231625,-9.14721667,J001005.5-090849,FITS,00 10 05.559,-09 08 49.98,0.014,2.66,4.27,0.161,7.72,0.0,54.8,,s,,1997.158,2450507.0,2.682
36.91312083,-9.14722222,J022739.1-090850,FITS,02 27 39.149,-09 08 50.00,0.014,23.74,26.23,0.153,2.27,1.34,62.7,,g,,1997.16,2450507.9,1.843
36.91532083,-9.14747222,J022739.6-090850,FITS,02 27 39.677,-09 08 50.90,0.014,9.86,19.42,0.153,7.46,3.72,101.1,,,,1997.16,2450507.9,1.863
36.19916667,-9.14752778,J022447.8-090851,FITS,02 24 47.800,-09 08 51.10,0.034,1.28,0.92,0.157,0.0,0.0,88.5,,s,,1997.159,2450507.7,2.186
342.62102917,-9.14760556,J225029.0-090851,FITS,22 50 29.047,-09 08 51.38,0.639,1.11,0.54,0.147,0.0,0.0,80.3,,,,1997.26,2450544.3,0.289
329.518025,-9.14765556,J215804.3-090851,FITS,21 58 04.326,-09 08 51.56,0.402,1.05,0.68,0.159,2.45,0.0,102.1,,,,1997.195,2450520.7,16.659
0.34029583,-9.14777222,J000121.6-090851,FITS,00 01 21.671,-09 08 51.98,0.014,1.42,1.48,0.162,3.81,0.0,61.9,,,,1997.157,2450506.7,2.882
328.652375,-9.14781944,J215436.5-090852,FITS,21 54 36.570,-09 08 52.15,0.092,1.19,0.66,0.151,0.0,0.0,97.5,,s,,1997.174,2450512.9,11.754
8.1597375,-9.14785,J003238.3-090852,FITS,00 32 38.337,-09 08 52.26,0.034,3.1,2.72,0.435,0.89,0.0,117.0,,,,1997.161,2450508.2,1.114
350.1526625,-9.14793611,J232036.6-090852,FITS,23 20 36.639,-09 08 52.57,0.303,1.07,1.81,0.142,12.18,0.0,94.5,,g,,1997.167,2450510.4,9.265
18.28220417,-9.14796111,J011307.7-090852,FITS,01 13 07.729,-09 08 52.66,0.471,1.18,0.71,0.16,2.08,0.0,66.7,,g,,1997.158,2450507.0,2.715
32.0911375,-9.14802778,J020821.8-090852,FITS,02 08 21.873,-09 08 52.90,0.014,5.48,5.04,0.152,0.0,0.0,136.3,,g,,1997.16,2450507.9,1.793
349.9135125,-9.14840833,J231939.2-090854,FITS,23 19 39.243,-09 08 54.27,0.508,1.07,1.03,0.161,5.63,0.0,95.1,,,,1997.204,2450524.0,20.463
355.13745,-9.14841944,J234032.9-090854,FITS,23 40 32.988,-09 08 54.31,0.527,1.2,0.77,0.159,2.2,0.0,104.4,,,,1997.157,2450506.7,2.876
352.21023333,-9.14864167,J232850.4-090855,FITS,23 28 50.456,-09 08 55.11,0.527,1.27,0.72,0.162,0.81,0.0,92.5,,,,1997.157,2450506.9,2.742
10.82235833,-9.14874722,J004317.3-090855,FITS,00 43 17.366,-09 08 55.49,0.014,9.28,9.7,0.161,1.72,0.0,111.2,,,,1997.157,2450506.8,2.839
25.689875,-9.14883889,J014245.5-090855,FITS,01 42 45.570,-09 08 55.82,0.421,1.06,0.81,0.156,4.08,0.0,43.4,,g,,1997.159,2450507.7,2.091
350.09302083,-9.14896111,J232022.3-090856,FITS,23 20 22.325,-09 08 56.26,0.72,1.09,1.18,0.151,6.75,0.0,77.2,,g,,1997.175,2450513.3,13.693
37.27835417,-9.14911667,J022906.8-090856,FITS,02 29 06.805,-09 08 56.82,0.368,1.34,0.7,0.159,0.0,0.0,101.0,,g,,1997.159,2450507.5,2.36
24.2789625,-9.14928889,J013706.9-090857,FITS,01 37 06.951,-09 08 57.44,0.014,21.58,22.75,0.161,1.63,1.11,158.0,,g,,1997.158,2450507.1,2.694
333.2068375,-9.14954722,J221249.6-090858,FITS,22 12 49.641,-09 08 58.37,0.629,1.09,0.48,0.149,0.0,0.0,84.8,,s,,1997.247,2450539.8,11.811
351.85631667,-9.14976389,J232725.5-090859,FITS,23 27 25.516,-09 08 59.15,0.014,1.97,1.79,0.145,2.69,0.0,80.6,,,,1997.161,2450508.1,1.253
342.76409167,-9.149775,J225103.3-090859,FITS,22 51 03.382,-09 08 59.19,0.877,1.01,0.86,0.141,5.64,0.0,82.7,,g,,1997.26,2450544.2,0.0
31.578575,-9.14980278,J020618.8-090859,FITS,02 06 18.858,-09 08 59.29,0.211,1.39,0.6,0.141,0.0,0.0,87.5,,,,1997.161,2450508.3,0.997
40.78718333,-9.14996667,J024308.9-090859,FITS,02 43 08.924,-09 08 59.88,0.014,2.98,2.5,0.16,0.0,0.0,87.9,,g,,1997.158,2450507.1,2.724
342.02902917,-9.15035833,J224806.9-090901,FITS,22 48 06.967,-09 09 01.29,0.272,1.11,0.9,0.141,2.64,0.0,127.3,,,,1997.26,2450544.2,0.0
354.60250833,-9.15038611,J233824.6-090901,FITS,23 38 24.602,-09 09 01.39,0.715,1.0,1.21,0.15,8.88,0.0,51.8,,g,,1997.16,2450507.9,1.662
39.41814167,-9.15040833,J023740.3-090901,FITS,02 37 40.354,-09 09 01.47,0.361,1.06,0.54,0.159,0.0,0.0,105.6,,,,1997.157,2450507.0,2.853
35.4718125,-9.15044444,J022153.2-090901,FITS,02 21 53.235,-09 09 01.60,0.284,1.05,0.64,0.157,2.23,0.0,70.6,,,,1997.159,2450507.5,2.351
32.5169625,-9.15052222,J021004.0-090901,FITS,02 10 04.071,-09 09 01.88,0.014,9.32,9.02,0.161,0.0,0.0,38.1,,g,,1997.158,2450507.2,2.633
8.153625,-9.15069444,J003236.8-090902,FITS,00 32 36.870,-09 09 02.50,0.032,5.28,5.41,0.435,1.8,0.0,95.3,,,,1997.161,2450508.2,1.153
9.45637083,-9.15073611,J003749.5-090902,FITS,00 37 49.529,-09 09 02.65,0.809,1.07,0.57,0.159,0.0,0.0,86.0,,,,1997.158,2450507.0,2.744
39.55986667,-9.15090278,J023814.3-090903,FITS,02 38 14.368,-09 09 03.25,0.508,1.03,0.9,0.155,5.01,0.0,44.3,,s,,1997.16,2450507.8,2.08
26.43772917,-9.15125,J014545.0-090904,FITS,01 45 45.055,-09 09 04.50,0.219,1.16,0.6,0.155,0.0,0.0,97.5,,s,,1997.16,2450507.8,2.053
41.91349583,-9.151375,J024739.2-090904,FITS,02 47 39.239,-09 09 04.95,0.364,1.1,0.75,0.142,2.71,0.0,74.0,,,,1997.161,2450508.3,1.059
24.82341667,-9.15157222,J013917.6-090905,FITS,01 39 17.620,-09 09 05.66,0.07,1.11,0.92,0.142,3.73,0.0,71.6,,g,,1997.161,2450508.3,0.944
39.562725,-9.15166667,J023815.0-090906,FITS,02 38 15.054,-09 09 06.00,0.014,9.02,19.92,0.155,8.72,4.44,23.8,,g,,1997.16,2450507.8,2.048
342.62679167,-9.15174167,J225030.4-090906,FITS,22 50 30.430,-09 09 06.27,0.014,2.88,2.35,0.146,0.0,0.0,145.0,,,,1997.26,2450544.3,0.285
14.80517917,-9.15190556,J005913.2-090906,FITS,00 59 13.243,-09 09 06.86,0.014,8.47,12.61,0.155,6.53,1.08,28.9,,,,1997.159,2450507.7,2.114
17.56635833,-9.15207222,J011015.9-090907,FITS,01 10 15.926,-09 09 07.46,0.014,4.43,3.92,0.158,0.0,0.0,106.0,,,,1997.157,2450507.0,2.808
8.959275,-9.15220833,J003550.2-090907,FITS,00 35 50.226,-09 09 07.95,0.793,1.0,0.63,0.141,0.0,0.0,79.1,,g,,1997.161,2450508.4,0.156
336.05893333,-9.15221389,J222414.1-090907,FITS,22 24 14.144,-09 09 07.97,0.014,2.85,3.18,0.14,2.29,1.73,8.9,,,,1997.26,2450544.2,0.174
1.48629583,-9.15238056,J000556.7-090908,FITS,00 05 56.711,-09 09 08.57,0.014,7.75,10.16,0.14,3.99,2.39,49.4,,,,1997.161,2450508.3,0.0
349.97575417,-9.15243889,J231954.1-090908,FITS,23 19 54.181,-09 09 08.78,0.014,8.35,15.37,0.161,8.75,0.0,79.1,,s,,1997.198,2450521.9,19.626
358.43972917,-9.15279722,J235345.5-090910,FITS,23 53 45.535,-09 09 10.07,0.014,2.17,1.86,0.14,0.0,0.0,94.9,,s,,1997.161,2450508.2,0.831
4.8543375,-9.15349167,J001925.0-090912,FITS,00 19 25.041,-09 09 12.57,0.014,19.82,20.88,0.257,1.81,0.77,33.8,,g,,1997.157,2450506.9,2.848
358.43610417,-9.15396944,J235344.6-090914,FITS,23 53 44.665,-09 09 14.29,0.014,7.25,10.86,0.14,5.27,2.93,140.5,,g,,1997.161,2450508.2,0.854
0.41042083,-9.15398611,J000138.5-090914,FITS,00 01 38.501,-09 09 14.35,0.014,1.66,1.19,0.161,0.44,0.0,114.6,,,,1997.157,2450506.9,2.854
21.53954583,-9.15399444,J012609.4-090914,FITS,01 26 09.491,-09 09 14.38,0.56,1.04,0.86,0.157,2.95,0.0,32.0,,,,1997.159,2450507.6,2.236
6.46608333,-9.15405833,J002551.8-090914,FITS,00 25 51.860,-09 09 14.61,0.016,1.68,1.09,0.161,0.0,0.0,98.2,,,,1997.158,2450507.1,2.688
31.98540417,-9.15406944,J020756.4-090914,FITS,02 07 56.497,-09 09 14.65,0.014,2.34,2.17,0.161,2.57,0.0,86.2,,s,,1997.158,2450507.3,2.599
27.0417875,-9.15415,J014810.0-090914,FITS,01 48 10.029,-09 09 14.94,0.417,1.03,0.73,0.14,0.0,0.0,135.6,,g,,1997.161,2450508.5,0.16
330.3042625,-9.15423056,J220113.0-090915,FITS,22 01 13.023,-09 09 15.23,0.014,10.38,10.37,0.16,1.05,0.0,36.6,,g,,1997.198,2450521.6,16.848
342.62838333,-9.15425833,J225030.8-090915,FITS,22 50 30.812,-09 09 15.33,0.014,2.52,2.34,0.146,2.23,0.0,77.5,,,,1997.26,2450544.3,0.285
336.05904167,-9.15438611,J222414.1-090915,FITS,22 24 14.170,-09 09 15.79,0.014,3.25,3.85,0.14,2.94,1.81,94.2,,,,1997.26,2450544.2,0.177
14.89894583,-9.15446667,J005935.7-090916,FITS,00 59 35.747,-09 09 16.08,0.014,5.14,7.72,0.142,6.11,2.27,172.4,,g,,1997.161,2450508.2,1.173
33.95810417,-9.15486944,J021549.9-090917,FITS,02 15 49.945,-09 09 17.53,0.499,1.05,0.43,0.156,0.0,0.0,84.4,,g,,1997.159,2450507.7,2.209
358.44754167,-9.15487222,J235347.4-090917,FITS,23 53 47.410,-09 09 17.54,0.014,1.32,1.62,0.141,6.72,0.0,87.0,,,,1997.161,2450508.4,0.178
358.41715417,-9.15490556,J235340.1-090917,FITS,23 53 40.117,-09 09 17.66,0.532,1.04,0.96,0.142,4.67,0.0,98.5,,g,,1997.161,2450508.2,1.007
11.6500125,-9.15512778,J004636.0-090918,FITS,00 46 36.003,-09 09 18.46,0.492,1.06,0.54,0.16,0.0,0.0,89.6,,,,1997.157,2450506.9,2.866
34.10345833,-9.15520833,J021624.8-090918,FITS,02 16 24.830,-09 09 18.75,0.519,1.05,0.51,0.16,0.0,0.0,65.9,,,,1997.158,2450507.0,2.872
2.51583333,-9.15526111,J001003.8-090918,FITS,00 10 03.800,-09 09 18.94,0.014,3.96,6.12,0.161,6.36,0.77,71.8,,s,,1997.158,2450507.2,2.599
31.19239167,-9.15530833,J020446.1-090919,FITS,02 04 46.174,-09 09 19.11,0.014,3.58,2.52,0.161,0.0,0.0,68.1,,,,1997.158,2450507.1,2.763
6.07164583,-9.15546111,J002417.1-090919,FITS,00 24 17.195,-09 09 19.66,0.255,1.04,0.8,0.14,4.57,0.0,62.3,,,,1997.161,2450508.2,0.909
344.40974167,-9.15565556,J225738.3-090920,FITS,22 57 38.338,-09 09 20.36,0.014,2.25,3.05,0.18,6.3,0.0,70.5,,g,,1997.246,2450539.3,13.565
11.0810875,-9.1559,J004419.4-090921,FITS,00 44 19.461,-09 09 21.24,0.344,1.07,0.84,0.154,3.85,0.0,93.1,,,,1997.16,2450507.9,1.838
25.60894583,-9.15594444,J014226.1-090921,FITS,01 42 26.147,-09 09 21.40,0.016,2.32,1.94,0.145,0.0,0.0,64.1,,g,,1997.161,2450508.2,1.239
356.42605417,-9.155975,J234542.2-090921,FITS,23 45 42.253,-09 09 21.51,0.785,1.11,0.66,0.154,0.0,0.0,72.1,,g,,1997.16,2450507.8,1.908
337.1819125,-9.15606667,J222843.6-090921,FITS,22 28 43.659,-09 09 21.84,0.06,1.65,1.28,0.159,2.94,0.0,98.2,,,,1997.261,2450544.7,0.485
0.0361125,-9.15621389,J000008.6-090922,FITS,00 00 08.667,-09 09 22.37,0.709,1.01,0.48,0.138,0.0,0.0,108.7,,,,1997.161,2450508.4,0.154
15.23364167,-9.15635,J010056.0-090922,FITS,01 00 56.074,-09 09 22.86,0.014,7.62,8.71,0.159,3.36,0.58,159.4,,g,,1997.159,2450507.5,2.395
341.96895833,-9.15649444,J224752.5-090923,FITS,22 47 52.550,-09 09 23.38,0.014,1.27,1.17,0.142,2.0,0.0,69.0,,,,1997.26,2450544.2,0.0
33.68385833,-9.15651667,J021444.1-090923,FITS,02 14 44.126,-09 09 23.46,0.014,3.84,3.32,0.137,0.0,0.0,101.4,,g,,1997.161,2450508.3,0.859
330.341675,-9.15686667,J220122.0-090924,FITS,22 01 22.002,-09 09 24.72,0.214,1.18,0.74,0.16,2.41,0.0,105.9,,g,,1997.2,2450522.4,16.997
333.753375,-9.15698056,J221500.8-090925,FITS,22 15 00.810,-09 09 25.13,0.04,1.35,1.03,0.139,3.27,0.0,120.9,,g,,1997.259,2450544.2,0.0
10.36790417,-9.15698889,J004128.2-090925,FITS,00 41 28.297,-09 09 25.16,0.014,1.72,1.01,0.148,0.0,0.0,99.6,,,,1997.161,2450508.1,1.459
40.45821667,-9.15699722,J024149.9-090925,FITS,02 41 49.972,-09 09 25.19,0.016,1.16,1.03,0.141,0.45,0.0,71.4,,,,1997.162,2450508.5,0.162
32.29275417,-9.15710278,J020910.2-090925,FITS,02 09 10.261,-09 09 25.57,0.014,1.69,1.54,0.141,2.6,0.0,88.7,,,,1997.162,2450508.5,0.165
18.98769167,-9.15710833,J011557.0-090925,FITS,01 15 57.046,-09 09 25.59,0.565,1.11,0.49,0.159,0.0,0.0,92.2,,g,,1997.159,2450507.5,2.419
9.39044167,-9.15719444,J003733.7-090925,FITS,00 37 33.706,-09 09 25.90,0.014,3.27,2.67,0.157,0.0,0.0,115.4,,g,,1997.158,2450507.0,2.832
340.85725833,-9.15721944,J224325.7-090925,FITS,22 43 25.742,-09 09 25.99,0.014,10.74,12.69,0.156,2.64,2.34,150.1,,,,1997.261,2450544.7,0.486
39.82093333,-9.15734722,J023917.0-090926,FITS,02 39 17.024,-09 09 26.45,0.014,1.45,1.15,0.14,1.81,0.0,69.5,,,,1997.161,2450508.4,0.894
29.92455,-9.15735,J015941.8-090926,FITS,01 59 41.892,-09 09 26.46,0.126,1.07,1.55,0.14,7.82,0.0,101.7,,g,,1997.161,2450508.3,0.93
13.268775,-9.15739722,J005304.5-090926,FITS,00 53 04.506,-09 09 26.63,0.558,1.08,0.52,0.161,0.0,0.0,99.0,,,,1997.159,2450507.5,2.374
32.66836667,-9.15761389,J021040.4-090927,FITS,02 10 40.408,-09 09 27.41,0.014,9.38,9.52,0.16,1.3,0.0,149.0,,,,1997.158,2450507.1,2.816
10.539875,-9.15761667,J004209.5-090927,FITS,00 42 09.570,-09 09 27.42,0.014,1.24,0.94,0.141,2.68,0.0,135.6,,g,,1997.161,2450508.4,0.16
10.53356667,-9.15773889,J004208.0-090927,FITS,00 42 08.056,-09 09 27.86,0.014,1.43,1.51,0.142,4.35,0.0,76.1,,g,,1997.161,2450508.4,0.0
338.76154583,-9.15775833,J223502.7-090927,FITS,22 35 02.771,-09 09 27.93,0.014,9.04,16.07,0.159,7.9,2.2,141.4,,s,,1997.26,2450544.5,0.459
7.05332083,-9.15781389,J002812.7-090928,FITS,00 28 12.797,-09 09 28.13,0.145,1.11,0.77,0.146,2.13,0.0,69.2,,g,,1997.201,2450522.9,32.953
14.89980417,-9.15790278,J005935.9-090928,FITS,00 59 35.953,-09 09 28.45,0.014,4.89,7.11,0.142,5.22,2.04,106.0,,g,,1997.161,2450508.2,1.144
11.80181667,-9.15797778,J004712.4-090928,FITS,00 47 12.436,-09 09 28.72,0.299,1.17,0.7,0.158,0.0,0.0,109.6,,g,,1997.16,2450507.7,2.101
39.23879167,-9.15799722,J023657.3-090928,FITS,02 36 57.310,-09 09 28.79,0.505,1.06,0.5,0.158,0.0,0.0,71.1,,,,1997.159,2450507.6,2.42
358.392825,-9.158125,J235334.2-090929,FITS,23 53 34.278,-09 09 29.25,0.441,1.07,0.51,0.145,0.0,0.0,89.7,,,,1997.161,2450508.1,1.209
353.6463375,-9.15840556,J233435.1-090930,FITS,23 34 35.121,-09 09 30.26,0.032,5.16,5.67,0.529,4.18,0.0,124.3,,,,1997.157,2450507.0,2.856
350.8938625,-9.15843056,J232334.5-090930,FITS,23 23 34.527,-09 09 30.35,0.515,1.21,0.5,0.143,0.0,0.0,90.8,,,,1997.169,2450511.2,10.411
338.76459167,-9.15856111,J223503.5-090930,FITS,22 35 03.502,-09 09 30.82,0.014,2.02,2.27,0.159,4.62,0.0,117.4,,,,1997.26,2450544.5,0.457
33.46997917,-9.1586,J021352.7-090930,FITS,02 13 52.795,-09 09 30.96,0.499,1.06,0.48,0.16,0.0,0.0,71.4,,,,1997.158,2450507.3,2.642
18.74085,-9.15860278,J011457.8-090930,FITS,01 14 57.804,-09 09 30.97,0.014,41.7,58.39,0.139,5.27,0.87,108.1,,g,,1997.161,2450508.4,0.0
3.00062083,-9.15871944,J001200.1-090931,FITS,00 12 00.149,-09 09 31.39,0.014,1.4,0.97,0.139,0.0,0.0,121.9,,,,1997.161,2450508.3,0.0
355.7073875,-9.15888611,J234249.7-090931,FITS,23 42 49.773,-09 09 31.99,0.014,2.85,2.94,0.159,2.13,0.0,123.8,,g,,1997.159,2450507.6,2.174
30.87574583,-9.15896667,J020330.1-090932,FITS,02 03 30.179,-09 09 32.28,0.014,2.19,2.49,0.146,3.5,0.1,176.9,,g,,1997.161,2450508.2,1.381
2.2728625,-9.158975,J000905.4-090932,FITS,00 09 05.487,-09 09 32.31,0.014,17.51,17.58,0.14,0.66,0.0,5.2,,,,1997.161,2450508.3,0.0
34.3722375,-9.15933056,J021729.3-090933,FITS,02 17 29.337,-09 09 33.59,0.543,1.02,0.78,0.147,0.0,0.0,80.1,,,,1997.161,2450508.2,1.399
358.21580833,-9.15965,J235251.7-090934,FITS,23 52 51.794,-09 09 34.74,0.498,1.09,0.64,0.16,1.17,0.0,96.9,,,,1997.158,2450507.2,2.654
338.6601875,-9.16005278,J223438.4-090936,FITS,22 34 38.445,-09 09 36.19,0.877,1.1,1.64,0.159,8.14,0.0,78.4,,g,,1997.261,2450544.7,0.485
20.59352083,-9.16006667,J012222.4-090936,FITS,01 22 22.445,-09 09 36.24,0.014,7.55,7.73,0.161,1.93,0.0,74.1,,g,,1997.158,2450507.1,2.826
353.6436,-9.16011667,J233434.4-090936,FITS,23 34 34.464,-09 09 36.42,0.104,4.91,15.1,0.518,15.1,2.32,60.3,,g,,1997.158,2450507.0,2.814
355.01830833,-9.16029167,J234004.3-090937,FITS,23 40 04.394,-09 09 37.05,0.272,1.35,0.88,0.16,0.0,0.0,57.4,,s,,1997.158,2450507.3,2.577
37.7599125,-9.16041389,J023102.3-090937,FITS,02 31 02.379,-09 09 37.49,0.516,1.47,0.66,0.161,0.0,0.0,89.4,,,,1997.159,2450507.5,2.531
22.14419167,-9.160575,J012834.6-090938,FITS,01 28 34.606,-09 09 38.07,0.406,1.04,0.82,0.155,4.79,0.0,88.2,,s,,1997.158,2450507.1,2.808
347.54961667,-9.160625,J231011.9-090938,FITS,23 10 11.908,-09 09 38.25,0.495,1.05,0.74,0.159,3.02,0.0,94.7,,,,1997.224,2450531.3,19.548
7.26904583,-9.16065,J002904.5-090938,FITS,00 29 04.571,-09 09 38.34,0.585,1.01,0.64,0.151,2.02,0.0,66.5,,,,1997.188,2450518.3,28.072
340.85617917,-9.16066389,J224325.4-090938,FITS,22 43 25.483,-09 09 38.39,0.014,9.14,9.79,0.156,2.56,0.0,159.5,,g,,1997.261,2450544.7,0.485
40.37886667,-9.16084444,J024130.9-090939,FITS,02 41 30.928,-09 09 39.04,0.014,5.04,4.99,0.146,1.44,0.0,119.7,,,,1997.161,2450508.2,1.325
37.75614167,-9.16095556,J023101.4-090939,FITS,02 31 01.474,-09 09 39.44,0.191,2.45,1.26,0.16,0.0,0.0,40.0,,,,1997.159,2450507.5,2.506
39.55654583,-9.161275,J023813.5-090940,FITS,02 38 13.571,-09 09 40.59,0.014,4.08,8.83,0.156,9.21,3.76,25.0,,g,,1997.16,2450507.9,2.033
328.6057875,-9.16128611,J215425.3-090940,FITS,21 54 25.389,-09 09 40.63,0.014,2.45,2.55,0.145,3.44,0.0,126.0,,,,1997.167,2450510.3,8.055
30.53779167,-9.16136111,J020209.0-090940,FITS,02 02 09.070,-09 09 40.90,0.014,2.47,1.71,0.158,0.0,0.0,62.4,,g,,1997.16,2450507.7,2.194
339.8075375,-9.16148056,J223913.8-090941,FITS,22 39 13.809,-09 09 41.33,0.014,1.59,1.68,0.14,4.21,0.0,69.5,,g,,1997.26,2450544.3,0.183
37.961,-9.16154167,J023150.6-090941,FITS,02 31 50.640,-09 09 41.55,0.809,1.13,0.73,0.161,2.07,0.0,53.4,,,,1997.159,2450507.4,2.659
31.6523375,-9.16158611,J020636.5-090941,FITS,02 06 36.561,-09 09 41.71,0.098,1.74,2.02,0.151,7.34,0.0,13.8,,g,,1997.161,2450508.1,1.629
337.69929167,-9.16161667,J223047.8-090941,FITS,22 30 47.830,-09 09 41.82,0.713,1.05,1.01,0.155,6.3,0.0,58.9,,,,1997.26,2450544.5,0.424
8.74182083,-9.1617,J003458.0-090942,FITS,00 34 58.037,-09 09 42.12,0.014,5.94,5.5,0.161,0.0,0.0,58.6,,s,,1997.159,2450507.4,2.512
354.91140833,-9.16173611,J233938.7-090942,FITS,23 39 38.738,-09 09 42.25,0.781,1.01,0.44,0.152,0.0,0.0,90.3,,g,,1997.16,2450507.9,1.72
13.81152083,-9.161975,J005514.7-090943,FITS,00 55 14.765,-09 09 43.11,0.513,1.06,0.56,0.161,0.0,0.0,90.1,,,,1997.158,2450507.2,2.734
33.1388625,-9.16198333,J021233.3-090943,FITS,02 12 33.327,-09 09 43.14,0.35,1.0,0.81,0.148,3.23,0.0,131.8,,g,,1997.161,2450508.1,1.491
10.74059167,-9.16203889,J004257.7-090943,FITS,00 42 57.742,-09 09 43.34,0.459,1.16,0.92,0.161,1.65,0.0,95.7,,g,,1997.159,2450507.5,2.402
328.25674583,-9.16208333,J215301.6-090943,FITS,21 53 01.619,-09 09 43.50,0.41,1.04,1.22,0.151,9.26,0.0,85.8,,,,1997.173,2450512.5,12.103
342.3285,-9.16216389,J224918.8-090943,FITS,22 49 18.840,-09 09 43.79,0.361,1.11,0.46,0.157,0.0,0.0,78.3,,s,,1997.261,2450544.7,0.484
8.96790417,-9.16221667,J003552.2-090943,FITS,00 35 52.297,-09 09 43.98,0.266,1.25,0.57,0.142,0.0,0.0,106.6,,,,1997.161,2450508.4,0.0
31.48497917,-9.16228333,J020556.3-090944,FITS,02 05 56.395,-09 09 44.22,0.014,6.18,5.9,0.141,0.75,0.0,131.6,,,,1997.161,2450508.4,0.0
344.70464167,-9.16234722,J225849.1-090944,FITS,22 58 49.114,-09 09 44.45,0.469,1.52,0.95,0.234,0.0,0.0,104.7,,,,1997.225,2450531.7,19.371
354.360875,-9.16264167,J233726.6-090945,FITS,23 37 26.610,-09 09 45.51,0.014,6.0,5.52,0.16,1.26,0.0,91.2,,,,1997.158,2450507.1,2.8
355.11585833,-9.16291111,J234027.8-090946,FITS,23 40 27.806,-09 09 46.48,0.014,3.73,3.29,0.158,2.59,0.0,96.9,,g,,1997.158,2450507.1,2.8
2.52792083,-9.16298611,J001006.7-090946,FITS,00 10 06.701,-09 09 46.75,0.859,1.08,2.91,0.16,9.2,5.93,99.3,,s,,1997.158,2450507.3,2.602
40.3687625,-9.16302222,J024128.5-090946,FITS,02 41 28.503,-09 09 46.88,0.014,5.66,10.47,0.148,6.28,4.4,118.7,,,,1997.161,2450508.2,1.41
14.5888,-9.16315833,J005821.3-090947,FITS,00 58 21.312,-09 09 47.37,0.383,1.12,0.48,0.158,0.0,0.0,96.4,,g,,1997.158,2450507.2,2.795
332.11545,-9.16342778,J220827.7-090948,FITS,22 08 27.708,-09 09 48.34,0.049,5.24,5.3,0.335,1.9,0.0,84.5,,g,,1997.208,2450525.4,17.796
352.64410833,-9.16343333,J233034.5-090948,FITS,23 30 34.586,-09 09 48.36,0.014,2.21,1.58,0.15,0.0,0.0,72.5,,,,1997.16,2450508.0,1.534
36.58803333,-9.16346111,J022621.1-090948,FITS,02 26 21.128,-09 09 48.46,0.396,1.1,0.4,0.152,0.0,0.0,90.1,,,,1997.16,2450508.1,1.713
14.81395417,-9.163575,J005915.3-090948,FITS,00 59 15.349,-09 09 48.87,0.197,1.03,0.96,0.154,2.41,0.0,93.4,,,,1997.16,2450507.9,1.945
339.28075417,-9.16369444,J223707.3-090949,FITS,22 37 07.381,-09 09 49.30,0.014,2.33,1.95,0.157,1.82,0.0,65.7,,,,1997.261,2450544.6,0.481
350.6316,-9.16403056,J232231.5-090950,FITS,23 22 31.584,-09 09 50.51,0.798,1.1,0.67,0.158,0.96,0.0,108.2,,,,1997.212,2450527.0,20.314
37.72827917,-9.16413889,J023054.7-090950,FITS,02 30 54.787,-09 09 50.90,0.014,202.42,209.29,0.16,1.58,0.44,168.6,,,,1997.159,2450507.7,2.299
338.08444167,-9.16453889,J223220.2-090952,FITS,22 32 20.266,-09 09 52.34,0.77,1.09,0.49,0.152,0.0,0.0,93.2,,,,1997.26,2450544.4,0.378
342.66590833,-9.16458056,J225039.8-090952,FITS,22 50 39.818,-09 09 52.49,0.014,5.7,9.64,0.142,7.31,1.8,52.1,,,,1997.26,2450544.3,0.23
33.63372917,-9.16460278,J021432.0-090952,FITS,02 14 32.095,-09 09 52.57,0.493,1.01,0.58,0.143,0.0,0.0,92.2,,,,1997.161,2450508.3,1.253
30.65064583,-9.16466667,J020236.1-090952,FITS,02 02 36.155,-09 09 52.80,0.014,1.52,1.05,0.143,0.0,0.0,71.2,,,,1997.161,2450508.3,1.096
340.861025,-9.16473889,J224326.6-090953,FITS,22 43 26.646,-09 09 53.06,0.181,1.07,0.7,0.155,2.11,0.0,74.3,,s,,1997.261,2450544.7,0.483
33.12654167,-9.164775,J021230.3-090953,FITS,02 12 30.370,-09 09 53.19,0.014,1.38,3.69,0.146,9.58,5.84,156.6,,,,1997.161,2450508.2,1.351
37.89413333,-9.16482778,J023134.5-090953,FITS,02 31 34.592,-09 09 53.38,0.014,2.67,1.79,0.158,0.0,0.0,66.3,,,,1997.158,2450507.3,2.78
17.72699167,-9.16486389,J011054.4-090953,FITS,01 10 54.478,-09 09 53.51,0.198,1.07,1.4,0.158,5.85,0.0,68.5,,,,1997.159,2450507.4,2.564
359.27575833,-9.16486667,J235706.1-090953,FITS,23 57 06.182,-09 09 53.52,0.014,2.32,2.34,0.139,1.64,0.0,90.6,,g,,1997.161,2450508.3,0.0
342.4543,-9.16511944,J224949.0-090954,FITS,22 49 49.032,-09 09 54.43,0.014,1.42,1.47,0.157,4.72,0.0,105.7,,,,1997.261,2450544.7,0.483
31.25916667,-9.16535278,J020502.2-090955,FITS,02 05 02.200,-09 09 55.27,0.014,2.99,2.53,0.161,1.09,0.0,90.8,,,,1997.159,2450507.6,2.376
16.00470833,-9.16537222,J010401.1-090955,FITS,01 04 01.130,-09 09 55.34,0.691,1.05,0.62,0.159,0.0,0.0,85.6,,,,1997.159,2450507.5,2.463
330.870175,-9.165375,J220328.8-090955,FITS,22 03 28.842,-09 09 55.35,0.471,1.03,0.46,0.147,0.0,0.0,74.1,,s,,1997.168,2450510.7,8.74
30.6790625,-9.16555278,J020242.9-090955,FITS,02 02 42.975,-09 09 55.99,0.014,8.75,9.16,0.14,2.0,0.0,102.6,,g,,1997.161,2450508.4,0.852
35.62427917,-9.165575,J022229.8-090956,FITS,02 22 29.827,-09 09 56.07,0.016,1.48,0.83,0.157,0.0,0.0,124.4,,,,1997.158,2450507.3,2.782
341.16292917,-9.16563333,J224439.1-090956,FITS,22 44 39.103,-09 09 56.28,0.014,3.2,3.02,0.143,1.91,0.0,63.7,,g,,1997.26,2450544.3,0.237
346.43263333,-9.16566944,J230543.8-090956,FITS,23 05 43.832,-09 09 56.41,0.014,1.16,0.89,0.139,0.0,0.0,145.8,,,,1997.257,2450543.2,6.485
30.653875,-9.16572222,J020236.9-090956,FITS,02 02 36.930,-09 09 56.60,0.014,1.5,1.73,0.143,6.46,0.0,126.0,,g,,1997.161,2450508.3,1.061
328.2384875,-9.16575278,J215257.2-090956,FITS,21 52 57.237,-09 09 56.71,0.014,4.49,4.71,0.151,3.16,0.0,97.6,,g,,1997.173,2450512.8,12.407
335.847775,-9.16586111,J222323.4-090957,FITS,22 23 23.466,-09 09 57.10,0.014,1.55,1.57,0.151,2.04,0.0,94.2,,s,,1997.26,2450544.4,0.357
24.14094167,-9.16598611,J013633.8-090957,FITS,01 36 33.826,-09 09 57.55,0.014,3.9,3.97,0.149,2.45,0.0,56.2,,g,,1997.161,2450508.1,1.484
0.41585417,-9.16601944,J000139.8-090957,FITS,00 01 39.805,-09 09 57.67,0.797,1.15,0.66,0.161,0.0,0.0,82.7,,g,,1997.158,2450507.2,2.766
337.52713333,-9.16621667,J223006.5-090958,FITS,22 30 06.512,-09 09 58.38,0.014,5.28,4.95,0.14,0.0,0.0,86.7,,,,1997.26,2450544.2,0.001
4.33295,-9.16636667,J001719.9-090958,FITS,00 17 19.908,-09 09 58.92,0.014,1.5,1.12,0.152,0.0,0.0,167.4,,g,,1997.16,2450508.0,1.741
40.3697625,-9.16663056,J024128.7-090959,FITS,02 41 28.743,-09 09 59.87,0.014,2.22,11.92,0.148,18.07,7.7,129.1,,g,,1997.161,2450508.2,1.375
359.7952625,-9.16675556,J235910.8-091000,FITS,23 59 10.863,-09 10 00.32,0.483,1.06,0.5,0.157,0.0,0.0,74.4,,,,1997.16,2450507.8,2.091
354.37947083,-9.16675833,J233731.0-091000,FITS,23 37 31.073,-09 10 00.33,0.014,69.67,95.07,0.159,4.87,1.06,90.8,,g,,1997.158,2450507.2,2.774
339.95587917,-9.16683333,J223949.4-091000,FITS,22 39 49.411,-09 10 00.60,0.014,12.59,13.66,0.156,1.89,1.49,40.8,,s,,1997.26,2450544.5,0.438
353.07424167,-9.16700556,J233217.8-091001,FITS,23 32 17.818,-09 10 01.22,0.014,17.3,18.47,0.397,1.92,0.77,73.2,,,,1997.16,2450507.9,1.822
337.4109125,-9.16703611,J222938.6-091001,FITS,22 29 38.619,-09 10 01.33,0.257,1.01,0.69,0.141,2.39,0.0,99.4,,,,1997.26,2450544.3,0.242
343.16866667,-9.16713056,J225240.4-091001,FITS,22 52 40.480,-09 10 01.67,0.136,1.4,0.77,0.156,0.0,0.0,78.0,,g,,1997.261,2450544.7,0.482
37.98272917,-9.16719444,J023155.8-091001,FITS,02 31 55.855,-09 10 01.90,0.672,1.13,0.76,0.161,0.0,0.0,90.3,,,,1997.159,2450507.6,2.517
24.72889167,-9.16730278,J013854.9-091002,FITS,01 38 54.934,-09 10 02.29,0.014,8.01,8.0,0.141,0.94,0.0,77.6,,s,,1997.161,2450508.4,0.0
5.10757917,-9.16745556,J002025.8-091002,FITS,00 20 25.819,-09 10 02.84,0.502,1.18,0.93,0.177,2.74,0.0,81.5,,,,1997.161,2450508.1,1.489
336.0934125,-9.16752222,J222422.4-091003,FITS,22 24 22.419,-09 10 03.08,0.681,1.09,0.65,0.143,1.64,0.0,117.8,,s,,1997.26,2450544.3,0.251
40.94282917,-9.16778889,J024346.2-091004,FITS,02 43 46.279,-09 10 04.04,0.195,1.24,0.9,0.159,0.0,0.0,73.6,,,,1997.159,2450507.5,2.677
38.30409583,-9.16785278,J023312.9-091004,FITS,02 33 12.983,-09 10 04.27,0.014,2.07,1.79,0.145,1.97,0.0,36.6,,,,1997.162,2450508.5,0.194
335.19048333,-9.16798889,J222045.7-091004,FITS,22 20 45.716,-09 10 04.76,0.014,1.84,1.32,0.143,0.0,0.0,85.6,,g,,1997.26,2450544.2,0.193
0.45305833,-9.16806111,J000148.7-091005,FITS,00 01 48.734,-09 10 05.02,0.526,1.19,1.05,0.16,2.11,0.0,101.0,,,,1997.159,2450507.4,2.641
348.9738125,-9.16819167,J231553.7-091005,FITS,23 15 53.715,-09 10 05.49,0.042,1.07,0.82,0.136,2.26,0.0,83.7,,,,1997.216,2450528.3,19.311
335.84914583,-9.16828889,J222323.7-091005,FITS,22 23 23.795,-09 10 05.84,0.014,1.43,1.42,0.151,3.3,0.0,82.9,,,,1997.26,2450544.4,0.357
352.36553333,-9.16828889,J232927.7-091005,FITS,23 29 27.728,-09 10 05.84,0.636,1.12,0.61,0.149,0.0,0.0,60.5,,,,1997.161,2450508.1,1.406
24.14006667,-9.16831111,J013633.6-091005,FITS,01 36 33.616,-09 10 05.92,0.014,5.18,5.51,0.149,3.27,0.0,33.5,,,,1997.161,2450508.2,1.459
334.06236667,-9.16831667,J221614.9-091005,FITS,22 16 14.968,-09 10 05.94,0.014,1.52,1.91,0.156,6.28,0.0,50.2,,g,,1997.261,2450544.7,0.483
38.0055625,-9.16835833,J023201.3-091006,FITS,02 32 01.335,-09 10 06.09,0.797,1.06,0.75,0.161,2.95,0.0,71.4,,,,1997.159,2450507.7,2.377
333.76324583,-9.16870833,J221503.1-091007,FITS,22 15 03.179,-09 10 07.35,0.014,3.02,2.58,0.14,0.0,0.0,94.1,,g,,1997.259,2450544.2,0.0
40.369,-9.16880833,J024128.5-091007,FITS,02 41 28.560,-09 10 07.71,0.014,8.46,12.77,0.148,5.72,2.65,155.9,,,,1997.161,2450508.2,1.368
354.59571667,-9.16883889,J233822.9-091007,FITS,23 38 22.972,-09 10 07.82,0.462,1.13,1.1,0.152,4.37,0.0,66.6,,g,,1997.16,2450508.0,1.597
346.5990125,-9.169025,J230623.7-091008,FITS,23 06 23.763,-09 10 08.49,0.205,1.1,0.78,0.142,3.98,0.0,121.8,,,,1997.255,2450542.6,8.345
328.609475,-9.16911667,J215426.2-091008,FITS,21 54 26.274,-09 10 08.82,0.323,1.05,1.56,0.146,8.83,0.0,75.1,,s,,1997.166,2450510.2,7.898
344.79944167,-9.16918611,J225911.8-091009,FITS,22 59 11.866,-09 10 09.07,0.123,2.29,1.49,0.206,0.0,0.0,98.7,,s,,1997.242,2450537.7,15.364
333.5482875,-9.16941111,J221411.5-091009,FITS,22 14 11.589,-09 10 09.88,0.234,1.11,0.86,0.146,3.07,0.0,131.6,,,,1997.245,2450539.1,12.525
342.45370417,-9.16958889,J224948.8-091010,FITS,22 49 48.889,-09 10 10.52,0.197,1.25,0.8,0.157,0.0,0.0,90.5,,g,,1997.261,2450544.7,0.482
334.8680375,-9.16959444,J221928.3-091010,FITS,22 19 28.329,-09 10 10.54,0.014,7.42,7.04,0.155,0.61,0.0,88.7,,g,,1997.261,2450544.7,0.48
35.8383375,-9.169775,J022321.2-091011,FITS,02 23 21.201,-09 10 11.19,0.014,5.58,5.17,0.153,1.22,0.0,83.4,,,,1997.161,2450508.1,1.663
339.62023333,-9.16984167,J223828.8-091011,FITS,22 38 28.856,-09 10 11.43,0.573,1.06,0.76,0.146,3.23,0.0,44.2,,,,1997.26,2450544.3,0.321
15.71545417,-9.16988889,J010251.7-091011,FITS,01 02 51.709,-09 10 11.60,0.098,1.15,1.11,0.139,5.61,0.0,78.9,,g,,1997.161,2450508.4,0.163
42.88702083,-9.17002222,J025132.8-091012,FITS,02 51 32.885,-09 10 12.08,0.361,1.12,0.62,0.159,0.0,0.0,88.2,,,,1997.16,2450508.0,1.432
1.1994375,-9.17003611,J000447.8-091012,FITS,00 04 47.865,-09 10 12.13,0.654,1.08,0.87,0.16,3.38,0.0,80.2,,,,1997.159,2450507.4,2.637
8.67368333,-9.17038889,J003441.6-091013,FITS,00 34 41.684,-09 10 13.40,0.68,1.09,0.87,0.16,0.28,0.0,18.4,,,,1997.159,2450507.4,2.711
355.6913875,-9.17046667,J234245.9-091013,FITS,23 42 45.933,-09 10 13.68,0.582,1.14,0.5,0.158,0.0,0.0,90.9,,,,1997.16,2450507.9,1.942
333.76577083,-9.17052222,J221503.7-091013,FITS,22 15 03.785,-09 10 13.88,0.014,6.93,8.96,0.14,4.21,1.34,84.9,,,,1997.259,2450544.2,0.0
16.913775,-9.17059167,J010739.3-091014,FITS,01 07 39.306,-09 10 14.13,0.014,4.77,8.02,0.16,8.98,0.0,164.3,,s,,1997.159,2450507.4,2.732
31.5601,-9.17059722,J020614.4-091014,FITS,02 06 14.424,-09 10 14.15,0.739,1.05,0.56,0.143,0.0,0.0,71.8,,s,,1997.162,2450508.5,0.209
332.716325,-9.17060833,J221051.9-091014,FITS,22 10 51.918,-09 10 14.19,0.638,1.15,0.73,0.159,2.6,0.0,98.3,,,,1997.212,2450526.7,17.437
13.3735,-9.17061667,J005329.6-091014,FITS,00 53 29.640,-09 10 14.22,0.576,1.07,0.72,0.149,0.0,0.0,134.6,,,,1997.161,2450508.2,1.313
348.07628333,-9.17063611,J231218.3-091014,FITS,23 12 18.308,-09 10 14.29,0.014,1.69,0.96,0.143,0.0,0.0,97.6,,,,1997.257,2450543.1,6.798
354.97229167,-9.17100833,J233953.3-091015,FITS,23 39 53.350,-09 10 15.63,0.014,66.67,70.14,0.159,1.71,0.98,3.3,,,,1997.159,2450507.7,2.199
329.1674875,-9.17103611,J215640.1-091015,FITS,21 56 40.197,-09 10 15.73,0.016,1.55,1.22,0.142,0.0,0.0,55.6,,,,1997.164,2450509.5,6.259
354.68231667,-9.17103611,J233843.7-091015,FITS,23 38 43.756,-09 10 15.73,0.014,1.62,1.17,0.142,0.0,0.0,72.6,,g,,1997.161,2450508.4,0.223
332.59187917,-9.17118889,J221022.0-091016,FITS,22 10 22.051,-09 10 16.28,0.014,2.01,1.48,0.177,0.0,0.0,63.7,,,,1997.199,2450522.0,16.829
343.99385,-9.17129722,J225558.5-091016,FITS,22 55 58.524,-09 10 16.67,0.06,1.62,1.48,0.16,1.92,0.0,109.1,,g,,1997.247,2450539.7,13.507
31.29758333,-9.171325,J020511.4-091016,FITS,02 05 11.420,-09 10 16.77,0.014,7.41,7.8,0.159,2.2,0.0,88.1,,s,,1997.16,2450507.9,2.031
358.37027917,-9.17138056,J235328.8-091016,FITS,23 53 28.867,-09 10 16.97,0.014,1.78,1.21,0.148,0.0,0.0,50.0,,s,,1997.161,2450508.1,1.338
28.19206667,-9.17151111,J015246.0-091017,FITS,01 52 46.096,-09 10 17.44,0.638,1.12,0.7,0.157,0.0,0.0,93.7,,s,,1997.159,2450507.5,2.648
350.63640833,-9.17155,J232232.7-091017,FITS,23 22 32.738,-09 10 17.58,0.689,1.16,1.38,0.157,8.21,0.0,115.3,,,,1997.216,2450528.4,20.089
37.6644,-9.17156667,J023039.4-091017,FITS,02 30 39.456,-09 10 17.64,0.21,1.54,1.12,0.153,0.0,0.0,82.9,,,,1997.161,2450508.1,1.676
339.77362917,-9.17167222,J223905.6-091018,FITS,22 39 05.671,-09 10 18.02,0.679,1.0,0.63,0.14,0.0,0.0,120.5,,,,1997.26,2450544.2,0.0
357.7969875,-9.171775,J235111.2-091018,FITS,23 51 11.277,-09 10 18.39,0.014,1.44,1.09,0.14,0.0,0.0,177.2,,g,,1997.161,2450508.4,0.187
335.18927083,-9.171875,J222045.4-091018,FITS,22 20 45.425,-09 10 18.75,0.16,1.12,0.89,0.143,2.66,0.0,66.2,,,,1997.26,2450544.3,0.199
345.6208125,-9.17202222,J230228.9-091019,FITS,23 02 28.995,-09 10 19.28,0.014,2.0,1.47,0.146,0.0,0.0,83.5,,g,,1997.252,2450541.6,10.289
2.86125,-9.17203333,J001126.7-091019,FITS,00 11 26.700,-09 10 19.32,0.421,1.0,0.59,0.148,0.0,0.0,127.9,,,,1997.161,2450508.1,1.421
354.48435,-9.17211667,J233756.2-091019,FITS,23 37 56.244,-09 10 19.62,0.205,1.28,1.37,0.161,7.33,0.0,70.4,,s,,1997.159,2450507.5,2.468
354.48755833,-9.17218611,J233757.0-091019,FITS,23 37 57.014,-09 10 19.87,0.014,12.01,13.92,0.161,3.21,0.0,96.3,,,,1997.159,2450507.6,2.451
354.4755375,-9.17242222,J233754.1-091020,FITS,23 37 54.129,-09 10 20.72,0.027,1.76,2.59,0.161,6.81,0.0,74.2,,,,1997.159,2450507.5,2.51
345.78504583,-9.17246389,J230308.4-091020,FITS,23 03 08.411,-09 10 20.87,0.014,1.15,0.96,0.139,0.0,0.0,123.9,,g,,1997.26,2450544.3,0.158
328.59164583,-9.17261667,J215421.9-091021,FITS,21 54 21.995,-09 10 21.42,0.118,1.08,1.44,0.144,6.95,0.0,63.2,,,,1997.165,2450509.7,6.696
329.89108333,-9.17263333,J215933.8-091021,FITS,21 59 33.860,-09 10 21.48,0.014,12.4,16.0,0.145,4.27,1.04,98.1,,,,1997.166,2450510.1,7.693
329.89354167,-9.172825,J215934.4-091022,FITS,21 59 34.450,-09 10 22.17,0.014,16.05,17.59,0.144,2.11,1.4,61.6,,s,,1997.166,2450510.1,7.539
337.53920417,-9.17289444,J223009.4-091022,FITS,22 30 09.409,-09 10 22.42,0.014,4.55,4.34,0.139,2.02,0.0,135.2,,g,,1997.26,2450544.2,0.164
354.45755,-9.17296111,J233749.8-091022,FITS,23 37 49.812,-09 10 22.66,0.28,1.4,3.36,0.161,13.88,0.0,87.4,,g,,1997.159,2450507.5,2.582
339.40396667,-9.17311111,J223736.9-091023,FITS,22 37 36.952,-09 10 23.20,0.502,1.07,0.63,0.156,0.0,0.0,91.5,,g,,1997.261,2450544.8,0.476
347.16697917,-9.17311389,J230840.0-091023,FITS,23 08 40.075,-09 10 23.21,0.281,1.07,0.53,0.143,0.0,0.0,85.7,,g,,1997.256,2450543.0,7.1
329.8981875,-9.17319444,J215935.5-091023,FITS,21 59 35.565,-09 10 23.50,0.055,1.25,2.59,0.144,10.52,0.0,78.6,,g,,1997.166,2450509.9,7.25
21.4486375,-9.17333056,J012547.6-091023,FITS,01 25 47.673,-09 10 23.99,0.014,3.44,3.32,0.158,0.46,0.0,114.5,,,,1997.159,2450507.5,2.61
346.69979167,-9.17335833,J230647.9-091024,FITS,23 06 47.950,-09 10 24.09,0.014,10.95,12.16,0.155,3.25,0.0,102.9,,,,1997.243,2450538.1,15.017
14.75487083,-9.17340556,J005901.1-091024,FITS,00 59 01.169,-09 10 24.26,0.014,2.58,1.64,0.158,0.0,0.0,99.1,,g,,1997.159,2450507.7,2.337
337.54482083,-9.17351389,J223010.7-091024,FITS,22 30 10.757,-09 10 24.65,0.014,26.05,26.38,0.139,1.3,0.0,84.8,,g,,1997.26,2450544.2,0.174
341.07199583,-9.17382222,J224417.2-091025,FITS,22 44 17.279,-09 10 25.76,0.336,1.05,0.41,0.155,0.0,0.0,89.6,,,,1997.26,2450544.5,0.409
346.70227083,-9.17415833,J230648.5-091026,FITS,23 06 48.545,-09 10 26.97,0.014,7.12,7.97,0.156,2.85,0.0,89.9,,g,,1997.243,2450538.0,15.103
8.15244583,-9.17420556,J003236.5-091027,FITS,00 32 36.587,-09 10 27.14,0.014,23.27,23.77,0.435,0.94,0.72,111.9,,s,,1997.161,2450508.3,1.026
342.224825,-9.17436667,J224853.9-091027,FITS,22 48 53.958,-09 10 27.72,0.797,1.07,0.53,0.157,0.0,0.0,100.9,,,,1997.26,2450544.6,0.462
28.32799583,-9.17456111,J015318.7-091028,FITS,01 53 18.719,-09 10 28.42,0.11,1.29,1.1,0.151,0.0,0.0,2.7,,,,1997.161,2450508.1,1.726
31.6225875,-9.17457778,J020629.4-091028,FITS,02 06 29.421,-09 10 28.48,0.014,4.75,5.21,0.148,3.39,0.0,67.4,,g,,1997.161,2450508.3,1.249
328.001375,-9.17462222,J215200.3-091028,FITS,21 52 00.330,-09 10 28.64,0.014,6.89,6.68,0.151,1.05,0.0,49.2,,g,,1997.172,2450512.2,11.544
354.33597917,-9.17475,J233720.6-091029,FITS,23 37 20.635,-09 10 29.10,0.877,1.09,0.7,0.161,2.17,0.0,123.4,,,,1997.159,2450507.4,2.697
35.653825,-9.17481111,J022236.9-091029,FITS,02 22 36.918,-09 10 29.32,0.347,1.06,0.39,0.158,0.0,0.0,89.1,,g,,1997.159,2450507.5,2.716
350.9147625,-9.17488056,J232339.5-091029,FITS,23 23 39.543,-09 10 29.57,0.726,1.03,0.67,0.141,0.0,0.0,86.7,,,,1997.168,2450510.8,9.664
32.90486667,-9.17563333,J021137.1-091032,FITS,02 11 37.168,-09 10 32.28,0.014,2.52,2.12,0.142,0.0,0.0,25.7,,g,,1997.161,2450508.3,0.997
36.33126667,-9.17566111,J022519.5-091032,FITS,02 25 19.504,-09 10 32.38,0.436,1.05,0.43,0.158,0.0,0.0,79.8,,g,,1997.159,2450507.6,2.676
39.6744,-9.17584722,J023841.8-091033,FITS,02 38 41.856,-09 10 33.05,0.014,1.29,0.88,0.141,2.74,0.0,121.0,,g,,1997.161,2450508.4,0.838
35.4753,-9.17586111,J022154.0-091033,FITS,02 21 54.072,-09 10 33.10,0.014,2.1,1.36,0.157,0.0,0.0,111.3,,,,1997.16,2450507.9,2.179
40.39751667,-9.17613056,J024135.4-091034,FITS,02 41 35.404,-09 10 34.07,0.094,2.47,2.47,0.145,2.82,0.0,86.0,,,,1997.161,2450508.4,1.058
345.3338875,-9.17647222,J230120.1-091035,FITS,23 01 20.133,-09 10 35.30,0.184,1.27,1.13,0.156,2.72,0.0,91.9,,,,1997.228,2450532.8,19.021
30.2923125,-9.17658333,J020110.1-091035,FITS,02 01 10.155,-09 10 35.70,0.014,2.16,1.62,0.159,1.24,0.0,59.5,,g,,1997.159,2450507.7,2.545
334.00731667,-9.17668889,J221601.7-091036,FITS,22 16 01.756,-09 10 36.08,0.542,1.04,1.21,0.157,6.7,0.0,81.5,,g,,1997.261,2450544.6,0.478
327.98830417,-9.17694444,J215157.1-091037,FITS,21 51 57.193,-09 10 37.00,0.014,9.35,9.08,0.152,0.6,0.0,97.7,,g,,1997.171,2450511.8,11.003
0.47682083,-9.17726389,J000154.4-091038,FITS,00 01 54.437,-09 10 38.15,0.655,1.09,0.82,0.16,4.62,0.0,84.3,,,,1997.159,2450507.6,2.459
19.32399583,-9.17728611,J011717.7-091038,FITS,01 17 17.759,-09 10 38.23,0.014,6.7,6.48,0.155,0.65,0.0,174.5,,g,,1997.161,2450508.1,1.743
348.48964167,-9.177425,J231357.5-091038,FITS,23 13 57.514,-09 10 38.73,0.014,2.23,2.53,0.146,3.0,0.2,60.9,,g,,1997.221,2450530.0,19.289
15.23278333,-9.17754444,J010055.8-091039,FITS,01 00 55.868,-09 10 39.16,0.014,21.82,27.84,0.159,4.5,0.83,45.3,,,,1997.16,2450507.8,2.218
8.4771375,-9.17816667,J003354.5-091041,FITS,00 33 54.513,-09 10 41.40,0.032,2.68,2.79,0.348,3.97,0.0,118.5,,g,,1997.16,2450507.8,2.173
28.67952917,-9.17819722,J015443.0-091041,FITS,01 54 43.087,-09 10 41.51,0.566,1.02,0.64,0.153,1.81,0.0,59.9,,,,1997.161,2450508.1,1.768
352.7149875,-9.17828611,J233051.5-091041,FITS,23 30 51.597,-09 10 41.83,0.304,1.12,0.62,0.159,0.0,0.0,107.3,,,,1997.16,2450507.8,2.079
6.90825417,-9.17831389,J002737.9-091041,FITS,00 27 37.981,-09 10 41.93,0.293,1.0,1.03,0.15,6.07,0.0,74.5,,g,,1997.172,2450512.4,18.31
11.141575,-9.17841944,J004433.9-091042,FITS,00 44 33.978,-09 10 42.31,0.416,1.02,1.34,0.146,9.2,0.0,77.5,,,,1997.161,2450508.3,1.096
31.93615417,-9.17852222,J020744.6-091042,FITS,02 07 44.677,-09 10 42.68,0.014,21.99,29.68,0.159,5.42,0.0,37.2,,g,,1997.159,2450507.7,2.602
25.97279167,-9.17878333,J014353.4-091043,FITS,01 43 53.470,-09 10 43.62,0.014,1.83,1.23,0.159,0.0,0.0,82.8,,,,1997.16,2450507.7,2.462
31.0086375,-9.17895556,J020402.0-091044,FITS,02 04 02.073,-09 10 44.24,0.186,1.45,1.11,0.16,2.76,0.0,57.6,,g,,1997.16,2450507.8,2.366
337.94370417,-9.17896389,J223146.4-091044,FITS,22 31 46.489,-09 10 44.27,0.014,6.45,6.34,0.156,1.35,0.0,92.9,,,,1997.261,2450544.7,0.478
29.40185833,-9.17896944,J015736.4-091044,FITS,01 57 36.446,-09 10 44.29,0.014,10.47,12.09,0.151,3.56,0.0,26.1,,s,,1997.161,2450508.2,1.497
357.52505833,-9.1792,J235006.0-091045,FITS,23 50 06.014,-09 10 45.12,0.571,1.05,1.48,0.159,7.44,0.0,94.6,,g,,1997.16,2450507.8,2.148
351.5839625,-9.17920556,J232620.1-091045,FITS,23 26 20.151,-09 10 45.14,0.014,6.77,6.6,0.144,0.4,0.0,76.9,,,,1997.172,2450512.2,11.993
9.293,-9.17943056,J003710.3-091045,FITS,00 37 10.320,-09 10 45.95,0.195,1.28,1.5,0.158,7.62,0.0,109.5,,s,,1997.159,2450507.6,2.522
346.79219167,-9.17943611,J230710.1-091045,FITS,23 07 10.126,-09 10 45.97,0.452,1.15,1.01,0.156,5.38,0.0,72.4,,s,,1997.232,2450534.3,18.13
13.28914583,-9.17953889,J005309.3-091046,FITS,00 53 09.395,-09 10 46.34,0.014,6.44,5.95,0.16,0.96,0.0,63.5,,,,1997.16,2450507.9,2.036
338.5716125,-9.17967222,J223417.1-091046,FITS,22 34 17.187,-09 10 46.82,0.127,1.28,1.04,0.157,3.6,0.0,177.9,,g,,1997.261,2450544.8,0.475
2.59386667,-9.17979722,J001022.5-091047,FITS,00 10 22.528,-09 10 47.27,0.014,2.16,1.96,0.159,1.63,0.0,128.9,,s,,1997.159,2450507.5,2.665
16.31521667,-9.1798,J010515.6-091047,FITS,01 05 15.652,-09 10 47.28,0.014,3.54,3.29,0.156,1.68,0.0,113.3,,g,,1997.16,2450508.1,1.805
42.71660833,-9.17983889,J025051.9-091047,FITS,02 50 51.986,-09 10 47.42,0.319,1.06,0.73,0.141,0.0,0.0,16.1,,,,1997.162,2450508.5,0.0
343.17463333,-9.17996667,J225241.9-091047,FITS,22 52 41.912,-09 10 47.88,0.016,1.68,1.86,0.155,5.06,0.0,77.9,,g,,1997.261,2450544.8,0.473
6.59851667,-9.18005833,J002623.6-091048,FITS,00 26 23.644,-09 10 48.21,0.556,1.03,0.96,0.153,5.82,0.0,125.8,,,,1997.161,2450508.1,1.487
9.26457917,-9.180075,J003703.4-091048,FITS,00 37 03.499,-09 10 48.27,0.014,33.06,38.23,0.159,2.92,1.43,122.5,,,,1997.16,2450507.7,2.389
43.64070833,-9.18008333,J025433.7-091048,FITS,02 54 33.770,-09 10 48.30,0.501,1.08,0.59,0.162,0.0,0.0,92.7,,,,1997.16,2450508.0,1.401
341.85235833,-9.18011944,J224724.5-091048,FITS,22 47 24.566,-09 10 48.43,0.3,1.02,0.56,0.151,0.0,0.0,41.4,,,,1997.26,2450544.4,0.367
18.30132917,-9.18026667,J011312.3-091048,FITS,01 13 12.319,-09 10 48.96,0.014,9.45,8.98,0.158,0.0,0.0,96.4,,,,1997.159,2450507.7,2.544
38.03056667,-9.18032778,J023207.3-091049,FITS,02 32 07.336,-09 10 49.18,0.441,1.45,0.81,0.16,0.0,0.0,68.9,,,,1997.16,2450508.0,2.096
341.8491125,-9.18046389,J224723.7-091049,FITS,22 47 23.787,-09 10 49.67,0.014,79.51,103.39,0.151,4.01,2.14,56.6,,,,1997.26,2450544.4,0.373
31.5677125,-9.18061667,J020616.2-091050,FITS,02 06 16.251,-09 10 50.22,0.582,1.07,0.82,0.144,4.15,0.0,84.7,,g,,1997.162,2450508.5,0.235
37.7487,-9.18065556,J023059.6-091050,FITS,02 30 59.688,-09 10 50.36,0.456,1.41,0.56,0.16,0.0,0.0,91.1,,,,1997.16,2450507.9,2.294
335.3463875,-9.180675,J222123.1-091050,FITS,22 21 23.133,-09 10 50.43,0.014,3.37,2.89,0.146,0.0,0.0,56.1,,,,1997.26,2450544.3,0.273
32.60819583,-9.18085556,J021025.9-091051,FITS,02 10 25.967,-09 10 51.08,0.51,1.07,0.56,0.157,0.0,0.0,58.2,,,,1997.159,2450507.7,2.639
330.2349625,-9.18088333,J220056.3-091051,FITS,22 00 56.391,-09 10 51.18,0.138,1.17,0.95,0.159,4.6,0.0,109.3,,s,,1997.181,2450515.5,13.852
335.64158333,-9.18098611,J222233.9-091051,FITS,22 22 33.980,-09 10 51.55,0.132,1.41,1.0,0.155,2.8,0.0,100.1,,g,,1997.261,2450544.8,0.47
348.42115,-9.18116389,J231341.0-091052,FITS,23 13 41.076,-09 10 52.19,0.142,1.14,0.65,0.153,0.0,0.0,88.8,,s,,1997.225,2450531.6,19.277
344.22483333,-9.181175,J225653.9-091052,FITS,22 56 53.960,-09 10 52.23,0.832,1.02,0.5,0.141,0.0,0.0,97.2,,,,1997.26,2450544.3,0.15
8.4726,-9.18122222,J003353.4-091052,FITS,00 33 53.424,-09 10 52.40,0.032,2.79,2.21,0.352,0.0,0.0,153.7,,g,,1997.16,2450507.9,2.111
38.14265833,-9.18131389,J023234.2-091052,FITS,02 32 34.238,-09 10 52.73,0.364,1.29,1.0,0.147,3.28,0.0,115.5,,s,,1997.161,2450508.4,1.07
20.65116667,-9.18173611,J012236.2-091054,FITS,01 22 36.280,-09 10 54.25,0.285,1.1,1.0,0.159,3.39,0.0,86.9,,g,,1997.159,2450507.6,2.653
10.1593375,-9.18208056,J004038.2-091055,FITS,00 40 38.241,-09 10 55.49,0.635,1.08,0.57,0.16,0.0,0.0,103.0,,,,1997.159,2450507.6,2.633
328.293625,-9.18229167,J215310.4-091056,FITS,21 53 10.470,-09 10 56.25,0.014,1.96,2.37,0.154,5.72,0.0,61.3,,g,,1997.168,2450510.9,9.546
328.61669167,-9.18236944,J215428.0-091056,FITS,21 54 28.006,-09 10 56.53,0.014,1.86,2.04,0.148,4.72,0.0,176.1,,,,1997.166,2450510.1,7.669
9.27120833,-9.18255556,J003705.0-091057,FITS,00 37 05.090,-09 10 57.20,0.014,37.28,56.71,0.159,5.26,2.78,94.1,,s,,1997.16,2450507.8,2.398
340.5422125,-9.18260556,J224210.1-091057,FITS,22 42 10.131,-09 10 57.38,0.016,3.07,8.91,0.139,8.72,7.4,78.1,,,,1997.26,2450544.3,0.179
24.62161667,-9.18263333,J013829.1-091057,FITS,01 38 29.188,-09 10 57.48,0.441,1.04,0.42,0.148,0.0,0.0,87.0,,g,,1997.161,2450508.3,1.25
348.02431667,-9.18278611,J231205.8-091058,FITS,23 12 05.836,-09 10 58.03,0.014,48.75,50.05,0.142,1.27,0.64,8.7,,g,,1997.26,2450544.3,0.15
9.37692083,-9.18296111,J003730.4-091058,FITS,00 37 30.461,-09 10 58.66,0.342,1.21,0.66,0.155,0.0,0.0,92.7,,,,1997.159,2450507.6,2.624
334.99818333,-9.18335556,J221959.5-091100,FITS,22 19 59.564,-09 11 00.08,0.014,3.47,2.61,0.158,0.0,0.0,91.7,,s,,1997.261,2450544.6,0.477
11.054725,-9.1834,J004413.1-091100,FITS,00 44 13.134,-09 11 00.24,0.018,1.26,1.01,0.158,2.24,0.0,78.8,,,,1997.16,2450508.0,1.869
13.28855417,-9.18354167,J005309.2-091100,FITS,00 53 09.253,-09 11 00.75,0.014,3.94,3.88,0.16,2.83,0.0,62.2,,,,1997.16,2450508.0,2.006
21.02069583,-9.18361111,J012404.9-091101,FITS,01 24 04.967,-09 11 01.00,0.014,1.37,1.22,0.142,2.14,0.0,52.2,,,,1997.161,2450508.4,0.154
357.82227083,-9.18371667,J235117.3-091101,FITS,23 51 17.345,-09 11 01.38,0.014,18.83,19.02,0.142,0.96,0.0,83.3,,,,1997.161,2450508.4,0.248
339.9454625,-9.18373889,J223946.9-091101,FITS,22 39 46.911,-09 11 01.46,0.014,6.06,6.59,0.155,2.42,0.0,91.0,,,,1997.26,2450544.5,0.443
39.27514167,-9.18409444,J023706.0-091102,FITS,02 37 06.034,-09 11 02.74,0.143,1.15,1.35,0.157,2.72,1.94,108.6,,,,1997.16,2450507.9,2.401
332.6552875,-9.18411111,J221037.2-091102,FITS,22 10 37.269,-09 11 02.80,0.354,1.04,0.99,0.157,5.3,0.0,108.7,,g,,1997.198,2450521.7,16.68
41.6760375,-9.18423056,J024642.2-091103,FITS,02 46 42.249,-09 11 03.23,0.369,1.21,0.68,0.156,0.0,0.0,118.8,,g,,1997.16,2450507.8,2.572
352.74807917,-9.184275,J233059.5-091103,FITS,23 30 59.539,-09 11 03.39,0.419,1.08,0.74,0.16,0.0,0.0,29.3,,g,,1997.16,2450507.8,2.257
350.55712917,-9.18435556,J232213.7-091103,FITS,23 22 13.711,-09 11 03.68,0.877,1.11,1.76,0.158,8.79,0.0,110.4,,s,,1997.218,2450529.1,19.665
15.04940833,-9.18435833,J010011.8-091103,FITS,01 00 11.858,-09 11 03.69,0.014,5.6,4.96,0.14,0.0,0.0,129.0,,g,,1997.161,2450508.4,0.205
12.77592917,-9.18438056,J005106.2-091103,FITS,00 51 06.223,-09 11 03.77,0.058,1.52,1.2,0.142,1.93,0.0,63.3,,,,1997.161,2450508.4,0.164
0.04435417,-9.18463611,J000010.6-091104,FITS,00 00 10.645,-09 11 04.69,0.342,1.11,0.54,0.139,0.0,0.0,77.1,,,,1997.161,2450508.4,0.196
328.27128333,-9.18464444,J215305.1-091104,FITS,21 53 05.108,-09 11 04.72,0.016,1.57,1.63,0.154,3.69,0.0,74.8,,g,,1997.17,2450511.4,10.209
18.69014167,-9.18485,J011445.6-091105,FITS,01 14 45.634,-09 11 05.46,0.014,2.43,2.61,0.141,3.31,0.0,93.2,,g,,1997.161,2450508.5,0.223
11.02727917,-9.18496667,J004406.5-091105,FITS,00 44 06.547,-09 11 05.88,0.356,1.06,0.93,0.16,2.92,0.0,69.3,,,,1997.16,2450508.0,2.078
327.7203,-9.184975,J215052.8-091105,FITS,21 50 52.872,-09 11 05.91,0.195,1.1,0.58,0.142,0.0,0.0,117.3,,,,1997.161,2450508.3,0.0
349.69015833,-9.18545278,J231845.6-091107,FITS,23 18 45.638,-09 11 07.63,0.014,3.59,3.39,0.158,1.91,0.0,89.7,,g,,1997.191,2450519.1,17.538
342.74405,-9.18547222,J225058.5-091107,FITS,22 50 58.572,-09 11 07.70,0.809,1.01,0.65,0.143,3.1,0.0,85.8,,g,,1997.26,2450544.2,0.0
3.90204167,-9.18554444,J001536.4-091107,FITS,00 15 36.490,-09 11 07.96,0.016,1.38,1.06,0.153,2.34,0.0,93.1,,,,1997.161,2450508.2,1.452
341.67484167,-9.18555,J224641.9-091107,FITS,22 46 41.962,-09 11 07.98,0.287,1.24,1.13,0.155,5.23,0.0,43.3,,,,1997.261,2450544.8,0.468
353.98765417,-9.18559444,J233557.0-091108,FITS,23 35 57.037,-09 11 08.14,0.014,2.09,3.16,0.143,4.84,3.3,89.5,,g,,1997.161,2450508.3,0.0
355.474925,-9.18566667,J234153.9-091108,FITS,23 41 53.982,-09 11 08.40,0.377,1.08,0.53,0.143,0.0,0.0,85.1,,,,1997.161,2450508.4,0.163
14.251925,-9.18581667,J005700.4-091108,FITS,00 57 00.462,-09 11 08.94,0.014,9.39,10.9,0.141,3.16,1.54,11.2,,g,,1997.161,2450508.4,0.0
8.9642375,-9.18584722,J003551.4-091109,FITS,00 35 51.417,-09 11 09.05,0.266,1.2,0.47,0.142,0.0,0.0,94.7,,,,1997.161,2450508.4,0.181
350.56355833,-9.18585833,J232215.2-091109,FITS,23 22 15.254,-09 11 09.09,0.014,4.3,4.6,0.158,2.88,0.0,103.2,,,,1997.22,2450529.7,19.58
31.35714167,-9.18586111,J020525.7-091109,FITS,02 05 25.714,-09 11 09.10,0.456,1.25,0.56,0.152,0.0,0.0,82.8,,g,,1997.161,2450508.3,1.363
37.76930417,-9.185925,J023104.6-091109,FITS,02 31 04.633,-09 11 09.33,0.877,1.05,0.93,0.159,5.24,0.0,120.3,,g,,1997.16,2450507.9,2.355
26.5748875,-9.18613611,J014617.9-091110,FITS,01 46 17.973,-09 11 10.09,0.137,1.2,0.67,0.157,0.0,0.0,62.5,,g,,1997.16,2450507.8,2.553
9.1450875,-9.18638056,J003634.8-091110,FITS,00 36 34.821,-09 11 10.97,0.734,1.1,0.83,0.151,3.81,0.0,91.4,,,,1997.161,2450508.2,1.381
12.77448333,-9.18641944,J005105.8-091111,FITS,00 51 05.876,-09 11 11.11,0.04,2.12,1.79,0.142,1.3,0.0,80.6,,,,1997.161,2450508.4,0.164
341.8564625,-9.18698611,J224725.5-091113,FITS,22 47 25.551,-09 11 13.15,0.014,1.88,1.11,0.151,0.0,0.0,90.5,,g,,1997.26,2450544.4,0.369
23.114575,-9.18701944,J013227.4-091113,FITS,01 32 27.498,-09 11 13.27,0.016,1.45,1.18,0.15,4.46,0.0,101.5,,g,,1997.161,2450508.3,1.286
40.8434625,-9.18707222,J024322.4-091113,FITS,02 43 22.431,-09 11 13.46,0.098,1.37,1.43,0.157,5.17,0.0,36.2,,s,,1997.16,2450507.8,2.585
11.0514375,-9.18723056,J004412.3-091114,FITS,00 44 12.345,-09 11 14.03,0.172,1.25,0.66,0.159,0.0,0.0,91.6,,s,,1997.16,2450508.1,1.865
29.4581,-9.18744722,J015749.9-091114,FITS,01 57 49.944,-09 11 14.81,0.27,1.18,0.67,0.158,0.0,0.0,55.4,,,,1997.161,2450508.1,1.941
14.07022917,-9.18769167,J005616.8-091115,FITS,00 56 16.855,-09 11 15.69,0.507,1.07,1.03,0.156,5.34,0.0,88.1,,,,1997.161,2450508.1,1.694
16.90954167,-9.18771944,J010738.2-091115,FITS,01 07 38.290,-09 11 15.79,0.014,10.34,12.79,0.158,4.33,0.44,36.1,,,,1997.16,2450507.8,2.571
15.53372083,-9.18773333,J010208.0-091115,FITS,01 02 08.093,-09 11 15.84,0.59,1.06,1.05,0.158,3.31,0.0,90.6,,,,1997.16,2450508.0,2.004
40.3106,-9.18775556,J024114.5-091115,FITS,02 41 14.544,-09 11 15.92,0.175,1.13,1.08,0.157,6.5,0.0,110.2,,g,,1997.161,2450508.2,1.781
14.25307917,-9.18802222,J005700.7-091116,FITS,00 57 00.739,-09 11 16.88,0.014,15.69,29.7,0.139,7.3,4.01,10.7,,g,,1997.161,2450508.4,0.313
340.5427625,-9.18806111,J224210.2-091117,FITS,22 42 10.263,-09 11 17.02,0.224,1.05,1.13,0.139,2.47,0.0,17.2,,g,,1997.26,2450544.3,0.185
24.292275,-9.18808333,J013710.1-091117,FITS,01 37 10.146,-09 11 17.10,0.157,1.24,1.08,0.158,5.91,0.0,90.7,,,,1997.16,2450507.9,2.43
338.471075,-9.18854722,J223353.0-091118,FITS,22 33 53.058,-09 11 18.77,0.262,1.23,0.83,0.159,0.0,0.0,119.1,,,,1997.26,2450544.6,0.468
346.50406667,-9.18872778,J230600.9-091119,FITS,23 06 00.976,-09 11 19.42,0.519,1.0,0.65,0.139,2.95,0.0,61.4,,s,,1997.26,2450544.3,0.159
19.44920417,-9.18883611,J011747.8-091119,FITS,01 17 47.809,-09 11 19.81,0.014,6.33,6.36,0.143,1.03,0.0,91.9,,g,,1997.161,2450508.5,0.211
11.14417083,-9.1889,J004434.6-091120,FITS,00 44 34.601,-09 11 20.04,0.016,1.48,0.84,0.147,0.0,0.0,89.7,,,,1997.161,2450508.3,1.013
354.2466625,-9.18897778,J233659.1-091120,FITS,23 36 59.199,-09 11 20.32,0.382,1.23,0.83,0.161,2.81,0.0,83.6,,,,1997.16,2450507.9,2.201
15.5221,-9.18941944,J010205.3-091121,FITS,01 02 05.304,-09 11 21.91,0.434,1.06,0.72,0.158,0.0,0.0,85.5,,,,1997.16,2450508.0,2.074
15.51672917,-9.18943611,J010204.0-091121,FITS,01 02 04.015,-09 11 21.97,0.014,6.76,7.81,0.158,3.7,0.0,121.1,,,,1997.16,2450508.0,2.11
41.53507083,-9.18944444,J024608.4-091122,FITS,02 46 08.417,-09 11 22.00,0.483,1.05,0.64,0.156,0.0,0.0,97.8,,,,1997.16,2450508.0,2.388
352.4179375,-9.18949722,J232940.3-091122,FITS,23 29 40.305,-09 11 22.19,0.184,1.17,0.78,0.146,1.24,0.0,83.1,,g,,1997.161,2450508.4,0.274
24.0259875,-9.18956667,J013606.2-091122,FITS,01 36 06.237,-09 11 22.44,0.492,1.01,0.37,0.139,0.0,0.0,89.1,,,,1997.162,2450508.5,0.35
343.99056667,-9.18956667,J225557.7-091122,FITS,22 55 57.736,-09 11 22.44,0.208,1.33,0.78,0.159,0.0,0.0,75.9,,,,1997.25,2450540.7,12.294
19.01793333,-9.189875,J011604.3-091123,FITS,01 16 04.304,-09 11 23.55,0.561,1.04,0.88,0.158,4.7,0.0,103.4,,g,,1997.16,2450507.9,2.307
14.67972917,-9.19001667,J005843.1-091124,FITS,00 58 43.135,-09 11 24.06,0.06,1.19,1.06,0.155,3.3,0.0,90.1,,g,,1997.16,2450507.8,2.498
342.42818333,-9.19016389,J224942.7-091124,FITS,22 49 42.764,-09 11 24.59,0.014,10.13,17.23,0.154,5.84,3.74,72.7,,,,1997.261,2450544.8,0.464
4.34189583,-9.19016944,J001722.0-091124,FITS,00 17 22.055,-09 11 24.61,0.548,1.08,0.62,0.152,0.0,0.0,85.2,,g,,1997.161,2450508.2,1.475
18.0443,-9.190175,J011210.6-091124,FITS,01 12 10.632,-09 11 24.63,0.09,1.24,0.71,0.139,0.0,0.0,66.6,,,,1997.162,2450508.5,0.363
347.66405,-9.1902,J231039.3-091124,FITS,23 10 39.372,-09 11 24.72,0.419,1.08,0.86,0.155,0.0,0.0,89.9,,,,1997.234,2450534.8,17.958
1.3674875,-9.19024722,J000528.1-091124,FITS,00 05 28.197,-09 11 24.89,0.014,1.49,1.54,0.15,4.3,0.0,100.3,,,,1997.161,2450508.2,1.239
19.41572917,-9.19030833,J011739.7-091125,FITS,01 17 39.775,-09 11 25.11,0.014,7.36,7.24,0.146,1.13,0.0,125.4,,g,,1997.162,2450508.5,0.279
15.92689583,-9.19031111,J010342.4-091125,FITS,01 03 42.455,-09 11 25.12,0.014,3.27,2.71,0.154,1.25,0.0,36.3,,g,,1997.161,2450508.2,1.647
340.57555417,-9.19061111,J224218.1-091126,FITS,22 42 18.133,-09 11 26.20,0.014,3.52,3.21,0.142,1.12,0.0,78.4,,,,1997.26,2450544.3,0.248
347.86650833,-9.19071389,J231127.9-091126,FITS,23 11 27.962,-09 11 26.57,0.372,1.05,0.45,0.151,0.0,0.0,89.9,,,,1997.254,2450542.1,9.451
8.27469583,-9.19081944,J003305.9-091126,FITS,00 33 05.927,-09 11 26.95,0.208,2.76,6.48,0.431,10.39,3.15,126.4,,s,,1997.161,2450508.4,0.354
354.30807917,-9.19083333,J233713.9-091127,FITS,23 37 13.939,-09 11 27.00,0.797,1.15,0.41,0.159,0.0,0.0,90.2,,g,,1997.16,2450507.8,2.455
343.74817917,-9.19084444,J225459.5-091127,FITS,22 54 59.563,-09 11 27.04,0.136,1.4,0.85,0.159,0.0,0.0,104.9,,,,1997.251,2450541.0,11.871
349.13764583,-9.19088333,J231633.0-091127,FITS,23 16 33.035,-09 11 27.18,0.361,1.04,0.51,0.151,0.0,0.0,98.3,,,,1997.227,2450532.3,18.977
10.11274583,-9.19088889,J004027.0-091127,FITS,00 40 27.059,-09 11 27.20,0.733,1.05,1.0,0.156,4.19,0.0,86.9,,g,,1997.16,2450507.8,2.532
9.00646667,-9.19108889,J003601.5-091127,FITS,00 36 01.552,-09 11 27.92,0.014,1.62,1.42,0.142,0.0,0.0,110.2,,g,,1997.161,2450508.4,0.324
353.68545833,-9.19149722,J233444.5-091129,FITS,23 34 44.510,-09 11 29.39,0.014,19.52,20.06,0.456,1.19,0.76,165.2,,,,1997.16,2450507.8,2.467
37.75791667,-9.19156667,J023101.9-091129,FITS,02 31 01.900,-09 11 29.64,0.528,1.27,0.6,0.159,0.0,0.0,63.4,,g,,1997.16,2450508.0,2.238
340.54274167,-9.19174444,J224210.2-091130,FITS,22 42 10.258,-09 11 30.28,0.014,6.52,12.98,0.138,5.91,5.75,49.2,,,,1997.26,2450544.3,0.241
0.49738333,-9.19183333,J000159.3-091130,FITS,00 01 59.372,-09 11 30.60,0.651,1.05,0.83,0.16,3.9,0.0,73.2,,,,1997.16,2450507.9,2.207
30.99037917,-9.19183333,J020357.6-091130,FITS,02 03 57.691,-09 11 30.60,0.648,1.05,2.34,0.16,8.46,4.41,118.2,,,,1997.16,2450508.1,2.132
8.2756,-9.19189444,J003306.1-091130,FITS,00 33 06.144,-09 11 30.82,0.014,50.55,53.96,0.431,1.98,0.99,151.4,,,,1997.161,2450508.4,0.358
14.11671667,-9.19193889,J005628.0-091130,FITS,00 56 28.012,-09 11 30.98,0.594,1.01,0.7,0.149,3.19,0.0,72.4,,,,1997.161,2450508.3,1.234
337.28882917,-9.19202778,J222909.3-091131,FITS,22 29 09.319,-09 11 31.30,0.018,1.4,0.9,0.158,0.0,0.0,100.6,,,,1997.26,2450544.6,0.463
30.40613333,-9.19246111,J020137.4-091132,FITS,02 01 37.472,-09 11 32.86,0.014,6.74,10.03,0.157,7.27,0.0,21.7,,,,1997.16,2450507.9,2.521
349.31065,-9.19250556,J231714.5-091133,FITS,23 17 14.556,-09 11 33.02,0.487,1.04,0.67,0.157,0.27,0.0,110.5,,,,1997.193,2450519.8,17.735
338.6056875,-9.19255,J223425.3-091133,FITS,22 34 25.365,-09 11 33.18,0.014,91.88,93.56,0.156,1.1,0.4,153.7,,s,,1997.261,2450544.9,0.45
36.25347917,-9.19258056,J022500.8-091133,FITS,02 25 00.835,-09 11 33.29,0.389,1.16,0.65,0.158,0.0,0.0,63.8,,,,1997.16,2450508.1,2.203
359.98747083,-9.19289722,J235956.9-091134,FITS,23 59 56.993,-09 11 34.43,0.014,1.83,1.55,0.139,2.39,0.0,63.1,,g,,1997.161,2450508.4,0.331
34.54282083,-9.19295556,J021810.2-091134,FITS,02 18 10.277,-09 11 34.64,0.014,15.55,20.6,0.142,4.68,1.98,15.3,,,,1997.162,2450508.5,0.372
21.99487917,-9.19314722,J012758.7-091135,FITS,01 27 58.771,-09 11 35.33,0.014,1.46,1.42,0.156,4.85,0.0,72.1,,g,,1997.16,2450508.0,2.147
43.63505,-9.19328056,J025432.4-091135,FITS,02 54 32.412,-09 11 35.81,0.501,1.13,0.62,0.163,0.0,0.0,101.8,,,,1997.161,2450508.1,1.249
14.01071667,-9.19350278,J005602.5-091136,FITS,00 56 02.572,-09 11 36.61,0.014,3.54,3.37,0.16,2.66,0.0,132.9,,,,1997.16,2450508.0,2.109
350.6968625,-9.19353056,J232247.2-091136,FITS,23 22 47.247,-09 11 36.71,0.877,1.05,0.68,0.157,0.0,0.0,85.7,,,,1997.221,2450530.3,19.308
357.8491875,-9.19366667,J235123.8-091137,FITS,23 51 23.805,-09 11 37.20,0.427,1.03,0.85,0.144,3.84,0.0,86.9,,g,,1997.161,2450508.3,0.933
7.30426667,-9.1937,J002913.0-091137,FITS,00 29 13.024,-09 11 37.32,0.014,4.19,3.97,0.154,1.93,0.0,53.8,,,,1997.175,2450513.5,20.344
357.2147125,-9.19370278,J234851.5-091137,FITS,23 48 51.531,-09 11 37.33,0.286,1.07,0.61,0.16,0.0,0.0,108.5,,,,1997.16,2450508.0,1.937
10.49505417,-9.19392778,J004158.8-091138,FITS,00 41 58.813,-09 11 38.14,0.457,1.08,1.17,0.145,7.32,0.0,97.8,,,,1997.161,2450508.4,0.335
326.15543333,-9.19393333,J214437.3-091138,FITS,21 44 37.304,-09 11 38.16,0.014,1.55,1.66,0.154,5.75,0.0,58.6,,,,1997.161,2450508.1,0.87
18.1107125,-9.19398333,J011226.5-091138,FITS,01 12 26.571,-09 11 38.34,0.014,1.21,1.4,0.146,4.07,0.0,136.0,,g,,1997.161,2450508.3,1.025
0.5298125,-9.19401111,J000207.1-091138,FITS,00 02 07.155,-09 11 38.44,0.014,1.35,1.15,0.159,2.8,0.0,78.7,,g,,1997.16,2450508.0,1.975
329.31060417,-9.1941,J215714.5-091138,FITS,21 57 14.545,-09 11 38.76,0.014,11.45,11.51,0.143,1.22,0.0,88.0,,s,,1997.161,2450508.4,0.238
342.8459,-9.19419444,J225123.0-091139,FITS,22 51 23.016,-09 11 39.10,0.014,1.29,1.0,0.146,1.44,0.0,97.8,,g,,1997.26,2450544.3,0.289
344.403325,-9.19427222,J225736.7-091139,FITS,22 57 36.798,-09 11 39.38,0.014,22.04,22.79,0.189,1.57,0.42,162.2,,s,,1997.252,2450541.6,10.548
336.091475,-9.19427778,J222421.9-091139,FITS,22 24 21.954,-09 11 39.40,0.639,1.05,0.54,0.145,0.0,0.0,69.4,,,,1997.26,2450544.3,0.281
13.6648375,-9.1943,J005439.5-091139,FITS,00 54 39.561,-09 11 39.48,0.014,9.16,8.88,0.156,0.28,0.0,103.7,,,,1997.161,2450508.2,1.505
38.7683625,-9.19436667,J023504.4-091139,FITS,02 35 04.407,-09 11 39.72,0.137,2.58,1.89,0.18,0.0,0.0,104.0,,s,,1997.161,2450508.2,2.051
9.89915833,-9.19448889,J003935.7-091140,FITS,00 39 35.798,-09 11 40.16,0.014,2.48,3.57,0.152,5.63,0.5,74.2,,g,,1997.161,2450508.3,1.361
349.6677875,-9.19455,J231840.2-091140,FITS,23 18 40.269,-09 11 40.38,0.492,1.05,0.59,0.156,0.0,0.0,89.7,,,,1997.187,2450517.7,16.626
345.38222917,-9.19483333,J230131.7-091141,FITS,23 01 31.735,-09 11 41.40,0.282,1.05,0.43,0.152,0.0,0.0,88.7,,g,,1997.235,2450535.4,17.599
348.22237917,-9.19486667,J231253.3-091141,FITS,23 12 53.371,-09 11 41.52,0.014,3.86,3.11,0.16,0.0,0.0,98.6,,g,,1997.245,2450538.8,14.548
348.37566667,-9.19488333,J231330.1-091141,FITS,23 13 30.160,-09 11 41.58,0.014,5.33,4.87,0.152,0.0,0.0,5.9,,g,,1997.233,2450534.7,17.986
13.70586667,-9.19543056,J005449.4-091143,FITS,00 54 49.408,-09 11 43.55,0.801,1.15,1.38,0.16,4.2,0.0,66.1,,,,1997.161,2450508.1,1.851
14.24961667,-9.195575,J005659.9-091144,FITS,00 56 59.908,-09 11 44.07,0.261,1.0,0.85,0.14,2.93,0.0,63.5,,,,1997.161,2450508.4,0.342
16.204,-9.19561111,J010448.9-091144,FITS,01 04 48.960,-09 11 44.20,0.014,4.46,4.02,0.156,2.07,0.0,58.2,,g,,1997.16,2450508.0,2.359
355.04745,-9.19567778,J234011.3-091144,FITS,23 40 11.388,-09 11 44.44,0.797,1.06,0.65,0.157,0.0,0.0,73.5,,,,1997.16,2450507.9,2.365
352.1309125,-9.19586667,J232831.4-091145,FITS,23 28 31.419,-09 11 45.12,0.797,1.07,0.57,0.156,0.0,0.0,73.2,,s,,1997.16,2450507.9,2.476
4.0292125,-9.19588333,J001607.0-091145,FITS,00 16 07.011,-09 11 45.18,0.197,1.25,1.95,0.156,7.0,0.0,96.5,,g,,1997.16,2450508.0,2.292
11.454975,-9.19620556,J004549.1-091146,FITS,00 45 49.194,-09 11 46.34,0.014,3.82,4.4,0.158,4.69,0.0,157.8,,g,,1997.161,2450508.1,1.837
36.1775875,-9.19622222,J022442.6-091146,FITS,02 24 42.621,-09 11 46.40,0.286,1.03,0.62,0.156,1.75,0.0,107.8,,,,1997.161,2450508.3,1.605
25.55769583,-9.19626944,J014213.8-091146,FITS,01 42 13.847,-09 11 46.57,0.014,3.02,3.76,0.143,3.34,2.24,95.2,,,,1997.162,2450508.5,0.393
30.52621667,-9.19628889,J020206.2-091146,FITS,02 02 06.292,-09 11 46.64,0.014,4.99,5.73,0.159,4.08,0.0,56.1,,,,1997.161,2450508.2,1.977
327.61112917,-9.19648056,J215026.6-091147,FITS,21 50 26.671,-09 11 47.33,0.014,1.72,1.17,0.166,0.0,0.0,62.6,,,,1997.16,2450507.9,1.267
41.50629583,-9.19652778,J024601.5-091147,FITS,02 46 01.511,-09 11 47.50,0.014,2.46,2.01,0.157,0.0,0.0,100.4,,g,,1997.161,2450508.1,2.177
327.1278625,-9.19653889,J214830.6-091147,FITS,21 48 30.687,-09 11 47.54,0.014,53.81,54.51,0.163,0.88,0.37,39.6,,,,1997.16,2450508.0,1.154
2.76719583,-9.19664444,J001104.1-091147,FITS,00 11 04.127,-09 11 47.92,0.014,2.77,2.7,0.159,2.14,0.0,154.3,,g,,1997.16,2450508.1,2.037
4.485,-9.19667778,J001756.4-091148,FITS,00 17 56.400,-09 11 48.04,0.014,1.68,1.61,0.139,2.34,0.0,4.5,,g,,1997.161,2450508.4,0.37
327.61275833,-9.19685,J215027.0-091148,FITS,21 50 27.062,-09 11 48.66,0.014,1.38,0.85,0.166,0.0,0.0,83.6,,,,1997.16,2450508.0,1.247
7.1515875,-9.19686667,J002836.3-091148,FITS,00 28 36.381,-09 11 48.72,0.585,1.03,0.42,0.147,0.0,0.0,89.0,,,,1997.189,2450518.3,27.534
41.27162083,-9.19706389,J024505.1-091149,FITS,02 45 05.189,-09 11 49.43,0.336,1.13,0.69,0.142,2.36,0.0,107.5,,,,1997.162,2450508.5,0.168
24.3176,-9.19706667,J013716.2-091149,FITS,01 37 16.224,-09 11 49.44,0.014,7.69,26.99,0.156,10.52,8.04,104.2,,s,,1997.16,2450508.0,2.408
5.341425,-9.19726944,J002121.9-091150,FITS,00 21 21.942,-09 11 50.17,0.014,15.93,16.07,0.148,1.18,0.0,10.1,,,,1997.162,2450508.5,0.424
2.79863333,-9.19727222,J001111.6-091150,FITS,00 11 11.672,-09 11 50.18,0.014,1.76,1.95,0.158,3.88,0.0,105.1,,g,,1997.161,2450508.1,1.799
20.871625,-9.19737778,J012329.1-091150,FITS,01 23 29.190,-09 11 50.56,0.014,1.27,1.05,0.151,3.96,0.0,64.1,,g,,1997.161,2450508.3,1.155
8.97065,-9.19738056,J003552.9-091150,FITS,00 35 52.956,-09 11 50.57,0.014,95.32,101.63,0.141,1.66,1.28,116.4,,s,,1997.161,2450508.5,0.38
358.12656667,-9.19765,J235230.3-091151,FITS,23 52 30.376,-09 11 51.54,0.361,1.04,0.51,0.153,0.0,0.0,82.1,,,,1997.16,2450507.9,2.455
329.30853333,-9.19795,J215714.0-091152,FITS,21 57 14.048,-09 11 52.62,0.014,28.86,29.85,0.143,1.23,0.93,36.2,,s,,1997.161,2450508.4,0.238
11.82647917,-9.19798889,J004718.3-091152,FITS,00 47 18.355,-09 11 52.76,0.014,6.32,6.23,0.157,2.02,0.0,106.7,,s,,1997.161,2450508.2,1.555
39.063975,-9.19799167,J023615.3-091152,FITS,02 36 15.354,-09 11 52.77,0.429,1.01,0.48,0.14,0.0,0.0,83.6,,,,1997.162,2450508.6,0.403
6.0401125,-9.19825278,J002409.6-091153,FITS,00 24 09.627,-09 11 53.71,0.014,1.2,1.2,0.14,4.16,0.0,40.6,,g,,1997.161,2450508.5,0.389
24.3141375,-9.19835278,J013715.3-091154,FITS,01 37 15.393,-09 11 54.07,0.014,7.52,12.93,0.156,6.65,3.2,138.9,,g,,1997.16,2450508.0,2.383
24.31278333,-9.198575,J013715.0-091154,FITS,01 37 15.068,-09 11 54.87,0.014,4.1,29.22,0.156,30.63,4.69,94.2,,,,1997.16,2450508.0,2.376
341.26797917,-9.19861667,J224504.3-091155,FITS,22 45 04.315,-09 11 55.02,0.014,1.98,1.79,0.141,2.7,0.0,93.7,,s,,1997.26,2450544.3,0.229
357.0069,-9.19871944,J234801.6-091155,FITS,23 48 01.656,-09 11 55.39,0.014,3.81,4.25,0.142,3.09,0.0,90.2,,g,,1997.161,2450508.4,0.354
26.90867917,-9.19877222,J014738.0-091155,FITS,01 47 38.083,-09 11 55.58,0.478,1.07,0.51,0.145,0.0,0.0,106.4,,,,1997.162,2450508.6,0.429
37.71619167,-9.19888889,J023051.8-091156,FITS,02 30 51.886,-09 11 56.00,0.197,1.7,0.75,0.159,0.0,0.0,90.4,,g,,1997.161,2450508.2,1.898
12.91137917,-9.19898333,J005138.7-091156,FITS,00 51 38.731,-09 11 56.34,0.148,1.27,0.76,0.155,0.0,0.0,59.3,,s,,1997.161,2450508.3,1.44
30.52507917,-9.19901389,J020206.0-091156,FITS,02 02 06.019,-09 11 56.45,0.014,46.95,49.26,0.159,1.54,1.05,31.0,,s,,1997.161,2450508.2,1.958
341.73041667,-9.19906111,J224655.3-091156,FITS,22 46 55.300,-09 11 56.62,0.014,3.88,2.96,0.156,0.0,0.0,99.2,,g,,1997.261,2450544.8,0.473
41.26597917,-9.19906667,J024503.8-091156,FITS,02 45 03.835,-09 11 56.64,0.014,1.59,1.0,0.142,0.0,0.0,124.1,,,,1997.162,2450508.5,0.16
13.37156667,-9.19918889,J005329.1-091157,FITS,00 53 29.176,-09 11 57.08,0.599,1.08,1.77,0.152,10.25,0.0,76.0,,,,1997.161,2450508.3,1.146
354.92197083,-9.19928889,J233941.2-091157,FITS,23 39 41.273,-09 11 57.44,0.877,1.03,0.83,0.156,4.96,0.0,113.3,,g,,1997.161,2450508.2,1.531
34.543525,-9.19936944,J021810.4-091157,FITS,02 18 10.446,-09 11 57.73,0.014,6.71,7.46,0.142,3.04,0.33,15.0,,g,,1997.162,2450508.6,0.396
20.45527083,-9.19948333,J012149.2-091158,FITS,01 21 49.265,-09 11 58.14,0.014,8.76,8.39,0.159,0.0,0.0,78.1,,s,,1997.161,2450508.2,1.809
38.59433333,-9.19951944,J023422.6-091158,FITS,02 34 22.640,-09 11 58.27,0.06,2.19,2.03,0.187,2.89,0.0,82.2,,g,,1997.161,2450508.1,2.437
36.81605,-9.19958056,J022715.8-091158,FITS,02 27 15.852,-09 11 58.49,0.014,7.94,10.44,0.143,3.78,2.74,134.7,,g,,1997.162,2450508.6,0.41
332.8437875,-9.19958333,J221122.5-091158,FITS,22 11 22.509,-09 11 58.50,0.014,5.18,4.65,0.155,0.0,0.0,44.0,,,,1997.236,2450535.6,15.009
41.0399625,-9.19960556,J024409.5-091158,FITS,02 44 09.591,-09 11 58.58,0.014,40.6,47.15,0.158,2.82,1.58,98.2,,s,,1997.161,2450508.3,1.845
330.4103375,-9.19969722,J220138.4-091158,FITS,22 01 38.481,-09 11 58.91,0.134,1.31,0.77,0.156,0.0,0.0,131.5,,g,,1997.184,2450516.7,14.358
357.90460417,-9.1997,J235137.1-091158,FITS,23 51 37.105,-09 11 58.92,0.43,1.06,1.15,0.152,7.18,0.0,68.7,,,,1997.161,2450508.2,1.373
28.41095833,-9.19976667,J015338.6-091159,FITS,01 53 38.630,-09 11 59.16,0.014,3.47,2.77,0.142,0.0,0.0,84.9,,,,1997.162,2450508.6,0.43
342.681225,-9.19995278,J225043.4-091159,FITS,22 50 43.494,-09 11 59.83,0.77,1.0,0.51,0.143,0.0,0.0,119.3,,,,1997.26,2450544.3,0.289
2.220225,-9.19995556,J000852.8-091159,FITS,00 08 52.854,-09 11 59.84,0.014,19.35,55.17,0.14,11.17,4.73,80.9,,s,,1997.161,2450508.4,0.39
37.4709625,-9.20005278,J022953.0-091200,FITS,02 29 53.031,-09 12 00.19,0.668,1.02,0.58,0.14,0.0,0.0,91.9,,s,,1997.162,2450508.6,0.389
7.7616875,-9.20018056,J003102.8-091200,FITS,00 31 02.805,-09 12 00.65,0.014,126.86,243.05,0.229,9.04,1.79,138.1,,,,1997.161,2450508.1,2.164
41.983575,-9.20020556,J024756.0-091200,FITS,02 47 56.058,-09 12 00.74,0.383,1.1,0.78,0.143,3.76,0.0,113.4,,,,1997.162,2450508.5,0.162
2.21543333,-9.20028889,J000851.7-091201,FITS,00 08 51.704,-09 12 01.04,0.014,18.09,32.26,0.14,6.74,3.25,108.9,,,,1997.161,2450508.4,0.394
14.22265417,-9.20039722,J005653.4-091201,FITS,00 56 53.437,-09 12 01.43,0.547,1.01,0.62,0.139,1.48,0.0,107.4,,,,1997.162,2450508.5,0.391
353.85456667,-9.20043333,J233525.0-091201,FITS,23 35 25.096,-09 12 01.56,0.032,2.61,1.9,0.273,0.0,0.0,93.1,,g,,1997.161,2450508.2,1.286
30.54427083,-9.20050556,J020210.6-091201,FITS,02 02 10.625,-09 12 01.82,0.014,2.3,2.1,0.158,0.0,0.0,173.1,,g,,1997.161,2450508.3,1.802
20.88083333,-9.20051944,J012331.4-091201,FITS,01 23 31.400,-09 12 01.87,0.489,1.01,0.47,0.15,0.0,0.0,103.7,,,,1997.161,2450508.4,1.058
24.31345417,-9.20065833,J013715.2-091202,FITS,01 37 15.229,-09 12 02.37,0.014,10.48,43.44,0.155,17.32,4.63,84.3,,,,1997.161,2450508.1,2.352
19.81100417,-9.200925,J011914.6-091203,FITS,01 19 14.641,-09 12 03.33,0.21,1.04,1.57,0.156,8.88,0.0,105.1,,,,1997.161,2450508.1,2.342
328.60835,-9.20125,J215426.0-091204,FITS,21 54 26.004,-09 12 04.50,0.571,1.01,1.33,0.149,7.2,0.0,90.0,,,,1997.165,2450509.6,6.311
357.871525,-9.20125278,J235129.1-091204,FITS,23 51 29.166,-09 12 04.51,0.344,1.0,0.71,0.148,4.04,0.0,64.3,,g,,1997.161,2450508.3,1.074
13.6168375,-9.20138333,J005428.0-091204,FITS,00 54 28.041,-09 12 04.98,0.742,1.06,0.86,0.15,1.27,0.0,9.7,,,,1997.161,2450508.4,1.033
357.81904583,-9.20178056,J235116.5-091206,FITS,23 51 16.571,-09 12 06.41,0.014,1.67,2.85,0.142,9.21,0.0,86.0,,g,,1997.161,2450508.5,0.421
13.26955,-9.2018,J005304.6-091206,FITS,00 53 04.692,-09 12 06.48,0.266,1.23,0.77,0.16,0.0,0.0,83.6,,,,1997.161,2450508.2,1.97
345.4990375,-9.20182222,J230159.7-091206,FITS,23 01 59.769,-09 12 06.56,0.014,10.54,10.92,0.156,1.96,0.0,80.2,,g,,1997.243,2450538.3,15.105
9.3566625,-9.20188056,J003725.5-091206,FITS,00 37 25.599,-09 12 06.77,0.803,1.07,0.59,0.155,0.0,0.0,106.8,,,,1997.16,2450508.0,2.427
34.54285,-9.20196944,J021810.2-091207,FITS,02 18 10.284,-09 12 07.09,0.014,1.5,2.59,0.143,10.8,0.0,48.0,,,,1997.162,2450508.6,0.405
2.13033333,-9.20202778,J000831.2-091207,FITS,00 08 31.280,-09 12 07.30,0.8,1.08,1.35,0.149,9.29,0.0,72.1,,g,,1997.161,2450508.3,1.054
41.2102375,-9.20209722,J024450.4-091207,FITS,02 44 50.457,-09 12 07.55,0.786,1.02,1.07,0.143,6.09,0.0,96.0,,,,1997.162,2450508.5,0.204
7.763325,-9.20217778,J003103.1-091207,FITS,00 31 03.198,-09 12 07.84,0.014,62.48,76.73,0.228,4.24,0.96,21.9,,g,,1997.161,2450508.1,2.149
332.7700125,-9.20218056,J221104.8-091207,FITS,22 11 04.803,-09 12 07.85,0.014,2.47,1.92,0.159,0.0,0.0,73.8,,g,,1997.214,2450527.4,17.43
357.81544167,-9.20238056,J235115.7-091208,FITS,23 51 15.706,-09 12 08.57,0.212,1.06,0.81,0.141,3.6,0.0,63.2,,,,1997.161,2450508.5,0.421
25.55508333,-9.20241389,J014213.2-091208,FITS,01 42 13.220,-09 12 08.69,0.014,19.37,23.74,0.144,3.61,1.57,55.4,,,,1997.162,2450508.5,0.413
26.58722083,-9.20263611,J014620.9-091209,FITS,01 46 20.933,-09 12 09.49,0.014,1.41,0.9,0.155,0.0,0.0,31.3,,s,,1997.161,2450508.1,2.383
339.226225,-9.20266944,J223654.2-091209,FITS,22 36 54.294,-09 12 09.61,0.014,5.8,5.5,0.156,0.0,0.0,134.4,,g,,1997.261,2450544.7,0.475
34.525975,-9.20267778,J021806.2-091209,FITS,02 18 06.234,-09 12 09.64,0.274,1.04,1.13,0.142,6.3,0.0,53.7,,s,,1997.162,2450508.6,0.399
356.50627083,-9.20271667,J234601.5-091209,FITS,23 46 01.505,-09 12 09.78,0.014,3.35,2.69,0.157,0.0,0.0,81.6,,,,1997.161,2450508.1,2.109
30.86999583,-9.20277778,J020328.7-091210,FITS,02 03 28.799,-09 12 10.00,0.855,1.0,0.88,0.149,5.52,0.0,75.4,,g,,1997.161,2450508.4,1.051
341.7115875,-9.20310278,J224650.7-091211,FITS,22 46 50.781,-09 12 11.17,0.349,1.2,0.64,0.154,0.0,0.0,93.2,,g,,1997.261,2450544.8,0.463
349.23345833,-9.20321389,J231656.0-091211,FITS,23 16 56.030,-09 12 11.57,0.016,1.38,1.54,0.156,5.04,0.0,87.1,,,,1997.218,2450529.0,19.219
40.98970417,-9.20350278,J024357.5-091212,FITS,02 43 57.529,-09 12 12.61,0.014,10.63,10.1,0.158,0.0,0.0,102.4,,,,1997.161,2450508.2,2.12
25.52909583,-9.20350833,J014206.9-091212,FITS,01 42 06.983,-09 12 12.63,0.136,1.15,0.81,0.143,0.0,0.0,88.6,,,,1997.162,2450508.5,0.403
350.63729167,-9.20358333,J232232.9-091212,FITS,23 22 32.950,-09 12 12.90,0.014,55.41,60.57,0.153,2.38,0.42,107.0,,,,1997.23,2450533.6,18.307
41.98490417,-9.20372222,J024756.3-091213,FITS,02 47 56.377,-09 12 13.40,0.574,1.03,0.41,0.146,0.0,0.0,88.9,,,,1997.162,2450508.5,0.0
21.28459583,-9.20380278,J012508.3-091213,FITS,01 25 08.303,-09 12 13.69,0.014,5.75,5.16,0.157,0.19,0.0,31.6,,,,1997.161,2450508.2,2.221
333.58835833,-9.20384444,J221421.2-091213,FITS,22 14 21.206,-09 12 13.84,0.797,1.0,0.79,0.144,3.39,0.0,103.0,,,,1997.247,2450539.6,11.973
12.51599167,-9.20406667,J005003.8-091214,FITS,00 50 03.838,-09 12 14.64,0.014,4.31,4.36,0.176,2.21,0.0,25.3,,,,1997.161,2450508.2,1.967
341.64518333,-9.20410278,J224634.8-091214,FITS,22 46 34.844,-09 12 14.77,0.736,1.04,0.58,0.153,0.0,0.0,89.8,,,,1997.261,2450544.9,0.43
18.49409583,-9.20420556,J011358.5-091215,FITS,01 13 58.583,-09 12 15.14,0.014,72.49,94.76,0.157,4.84,1.29,28.4,,,,1997.161,2450508.2,2.089
8.985525,-9.20425,J003556.5-091215,FITS,00 35 56.526,-09 12 15.30,0.728,1.01,0.44,0.143,0.0,0.0,88.1,,,,1997.161,2450508.4,0.376
327.90809583,-9.20427222,J215137.9-091215,FITS,21 51 37.943,-09 12 15.38,0.456,1.03,0.82,0.151,0.0,0.0,57.3,,g,,1997.165,2450509.6,6.439
35.54471667,-9.20434722,J022210.7-091215,FITS,02 22 10.732,-09 12 15.65,0.48,1.04,0.8,0.154,3.74,0.0,141.3,,g,,1997.161,2450508.2,2.25
341.596975,-9.20436389,J224623.2-091215,FITS,22 46 23.274,-09 12 15.71,0.865,1.02,0.58,0.152,0.0,0.0,65.6,,,,1997.261,2450544.9,0.433
9.57525833,-9.20441389,J003818.0-091215,FITS,00 38 18.062,-09 12 15.89,0.014,1.52,1.2,0.155,0.0,0.0,90.5,,g,,1997.161,2450508.3,1.513
357.73200417,-9.20450556,J235055.6-091216,FITS,23 50 55.681,-09 12 16.22,0.049,1.08,1.63,0.139,8.62,0.0,91.0,,s,,1997.161,2450508.4,0.402
354.36634167,-9.20453889,J233727.9-091216,FITS,23 37 27.922,-09 12 16.34,0.014,1.89,1.82,0.155,0.0,0.0,63.7,,,,1997.16,2450508.0,2.366
330.44274583,-9.20460278,J220146.2-091216,FITS,22 01 46.259,-09 12 16.57,0.014,2.17,1.84,0.156,0.0,0.0,36.5,,g,,1997.181,2450515.6,13.644
330.20908333,-9.20487222,J220050.1-091217,FITS,22 00 50.180,-09 12 17.54,0.014,16.5,16.53,0.158,1.07,0.0,75.0,,,,1997.173,2450512.8,11.192
28.83525,-9.20498056,J015520.4-091217,FITS,01 55 20.460,-09 12 17.93,0.014,2.32,1.95,0.153,0.0,0.0,68.5,,,,1997.161,2450508.2,2.347
332.69609167,-9.20501111,J221047.0-091218,FITS,22 10 47.062,-09 12 18.04,0.014,3.95,5.16,0.155,5.27,0.65,177.8,,,,1997.196,2450520.9,16.416
36.65517083,-9.20506389,J022637.2-091218,FITS,02 26 37.241,-09 12 18.23,0.014,2.53,2.47,0.147,2.62,0.0,86.7,,,,1997.162,2450508.6,0.451
330.217625,-9.20507778,J220052.2-091218,FITS,22 00 52.230,-09 12 18.28,0.404,1.09,0.4,0.159,0.0,0.0,90.1,,,,1997.174,2450513.1,11.509
40.88772917,-9.20513333,J024333.0-091218,FITS,02 43 33.055,-09 12 18.48,0.014,2.43,1.89,0.153,0.0,0.0,94.6,,g,,1997.161,2450508.2,2.355
31.771225,-9.205175,J020705.0-091218,FITS,02 07 05.094,-09 12 18.63,0.339,1.81,1.37,0.158,0.0,0.0,73.9,,,,1997.161,2450508.2,2.15
6.75617083,-9.20526111,J002701.4-091218,FITS,00 27 01.481,-09 12 18.94,0.364,1.0,0.53,0.144,0.0,0.0,81.8,,,,1997.161,2450508.4,0.381
350.64001667,-9.205425,J232233.6-091219,FITS,23 22 33.604,-09 12 19.53,0.014,16.93,66.96,0.152,17.65,4.33,133.6,,,,1997.231,2450533.9,18.182
37.7375375,-9.20561944,J023057.0-091220,FITS,02 30 57.009,-09 12 20.23,0.351,1.26,0.74,0.158,0.0,0.0,91.0,,g,,1997.161,2450508.3,1.972
331.05200417,-9.20583889,J220412.4-091221,FITS,22 04 12.481,-09 12 21.02,0.014,2.06,2.26,0.156,5.47,0.0,97.0,,g,,1997.181,2450515.4,13.476
354.76595,-9.20588889,J233903.8-091221,FITS,23 39 03.828,-09 12 21.20,0.014,4.7,4.39,0.14,0.43,0.0,90.5,,s,,1997.161,2450508.4,0.407
35.93808333,-9.20619167,J022345.1-091222,FITS,02 23 45.140,-09 12 22.29,0.476,1.03,0.45,0.143,0.0,0.0,90.1,,g,,1997.162,2450508.6,0.431
24.22381667,-9.2062,J013653.7-091222,FITS,01 36 53.716,-09 12 22.32,0.029,1.72,22.04,0.158,29.44,13.39,80.2,,g,,1997.161,2450508.3,1.878
34.39577917,-9.20643333,J021734.9-091223,FITS,02 17 34.987,-09 12 23.16,0.522,1.08,0.61,0.147,0.0,0.0,77.3,,,,1997.162,2450508.5,0.955
339.95764583,-9.20680556,J223949.8-091224,FITS,22 39 49.835,-09 12 24.50,0.014,1.86,2.99,0.156,7.8,0.0,49.6,,g,,1997.261,2450544.6,0.469
354.26634583,-9.20689444,J233703.9-091224,FITS,23 37 03.923,-09 12 24.82,0.014,2.38,1.81,0.159,0.0,0.0,102.4,,s,,1997.161,2450508.1,2.11
12.19627917,-9.20703056,J004847.1-091225,FITS,00 48 47.107,-09 12 25.31,0.184,1.34,1.14,0.173,3.23,0.0,96.6,,,,1997.161,2450508.3,1.669
4.26930417,-9.20705833,J001704.6-091225,FITS,00 17 04.633,-09 12 25.41,0.014,2.67,2.38,0.157,2.87,0.0,90.7,,,,1997.161,2450508.2,1.915
349.40615417,-9.20719444,J231737.4-091225,FITS,23 17 37.477,-09 12 25.90,0.014,11.3,11.19,0.147,1.06,0.0,48.0,,,,1997.176,2450513.7,13.064
22.22267917,-9.20731667,J012853.4-091226,FITS,01 28 53.443,-09 12 26.34,0.404,1.05,0.75,0.153,2.19,0.0,84.3,,g,,1997.161,2450508.2,2.15
37.87967917,-9.20764722,J023131.1-091227,FITS,02 31 31.123,-09 12 27.53,0.725,1.09,0.73,0.152,0.0,0.0,79.7,,,,1997.161,2450508.2,2.324
26.65657917,-9.20769722,J014637.5-091227,FITS,01 46 37.579,-09 12 27.71,0.014,3.8,3.59,0.154,0.27,0.0,76.3,,,,1997.161,2450508.2,2.327
14.81428333,-9.20776111,J005915.4-091227,FITS,00 59 15.428,-09 12 27.94,0.283,1.07,0.65,0.156,0.0,0.0,88.6,,,,1997.161,2450508.3,1.577
350.64342083,-9.20787222,J232234.4-091228,FITS,23 22 34.421,-09 12 28.34,0.014,78.19,83.02,0.154,1.96,0.78,143.9,,,,1997.234,2450534.9,17.74
40.26151667,-9.20789444,J024102.7-091228,FITS,02 41 02.764,-09 12 28.42,0.016,2.18,1.62,0.158,0.83,0.0,83.2,,g,,1997.161,2450508.3,1.953
26.58537083,-9.20804722,J014620.4-091228,FITS,01 46 20.489,-09 12 28.97,0.014,11.34,13.23,0.154,3.48,1.11,19.2,,,,1997.161,2450508.2,2.308
334.54621667,-9.20808056,J221811.0-091229,FITS,22 18 11.092,-09 12 29.09,0.014,11.64,12.67,0.143,2.55,0.61,154.0,,g,,1997.26,2450544.3,0.276
338.4898,-9.20811667,J223357.5-091229,FITS,22 33 57.552,-09 12 29.22,0.09,1.4,0.71,0.158,0.0,0.0,95.1,,,,1997.261,2450544.7,0.476
24.53969167,-9.20841111,J013809.5-091230,FITS,01 38 09.526,-09 12 30.28,0.014,10.12,14.58,0.158,5.64,0.0,97.1,,g,,1997.161,2450508.3,1.762
336.51298333,-9.20845,J222603.1-091230,FITS,22 26 03.116,-09 12 30.42,0.66,1.05,0.45,0.155,0.0,0.0,89.4,,g,,1997.261,2450544.7,0.475
354.40107917,-9.20857222,J233736.2-091230,FITS,23 37 36.259,-09 12 30.86,0.797,1.04,0.39,0.156,0.0,0.0,93.9,,g,,1997.161,2450508.1,2.327
19.13130833,-9.20860833,J011631.5-091230,FITS,01 16 31.514,-09 12 30.99,0.033,1.17,0.89,0.151,2.32,0.0,119.6,,,,1997.161,2450508.2,2.311
328.45972917,-9.208675,J215350.3-091231,FITS,21 53 50.335,-09 12 31.23,0.014,3.3,2.87,0.146,0.0,0.0,94.6,,g,,1997.161,2450508.3,0.214
15.5160625,-9.20869722,J010203.8-091231,FITS,01 02 03.855,-09 12 31.31,0.014,6.8,12.12,0.158,7.04,3.56,8.4,,,,1997.161,2450508.3,1.917
39.76093333,-9.208775,J023902.6-091231,FITS,02 39 02.624,-09 12 31.59,0.014,3.15,2.55,0.141,0.0,0.0,120.6,,,,1997.162,2450508.6,0.416
350.9915375,-9.20878056,J232357.9-091231,FITS,23 23 57.969,-09 12 31.61,0.272,1.12,0.95,0.141,3.12,0.0,96.3,,,,1997.165,2450509.8,7.351
344.07489583,-9.20881667,J225617.9-091231,FITS,22 56 17.975,-09 12 31.74,0.014,2.43,2.05,0.157,0.0,0.0,90.0,,g,,1997.256,2450543.0,7.872
339.95578333,-9.20883056,J223949.3-091231,FITS,22 39 49.388,-09 12 31.79,0.014,4.65,4.5,0.156,1.07,0.0,53.1,,g,,1997.261,2450544.6,0.469
12.27242083,-9.20894167,J004905.3-091232,FITS,00 49 05.381,-09 12 32.19,0.492,1.14,0.41,0.178,0.0,0.0,90.1,,g,,1997.161,2450508.2,2.111
33.62774583,-9.209025,J021430.6-091232,FITS,02 14 30.659,-09 12 32.49,0.612,1.09,0.61,0.146,0.0,0.0,118.7,,,,1997.162,2450508.5,1.072
326.27469167,-9.2091,J214505.9-091232,FITS,21 45 05.926,-09 12 32.76,0.014,12.64,15.64,0.147,2.98,2.72,145.0,,,,1997.161,2450508.3,0.0
334.25390417,-9.20949167,J221700.9-091234,FITS,22 17 00.937,-09 12 34.17,0.014,2.51,2.94,0.156,5.3,0.0,30.9,,g,,1997.261,2450544.7,0.473
356.3395,-9.20964167,J234521.4-091234,FITS,23 45 21.480,-09 12 34.71,0.014,2.51,1.99,0.145,0.54,0.0,88.4,,g,,1997.162,2450508.5,0.464
345.390675,-9.20966389,J230133.7-091234,FITS,23 01 33.762,-09 12 34.79,0.245,1.35,0.76,0.151,0.0,0.0,63.9,,g,,1997.24,2450537.2,16.374
38.89044583,-9.20985833,J023533.7-091235,FITS,02 35 33.707,-09 12 35.49,0.014,3.64,3.36,0.151,1.72,0.0,104.0,,,,1997.162,2450508.5,0.978
7.64304167,-9.20996944,J003034.3-091235,FITS,00 30 34.330,-09 12 35.89,0.014,3.48,3.05,0.178,0.0,0.0,36.9,,g,,1997.161,2450508.3,1.2
32.28083333,-9.21006389,J020907.4-091236,FITS,02 09 07.400,-09 12 36.23,0.014,3.0,3.21,0.142,3.51,0.0,98.6,,,,1997.162,2450508.6,0.43
359.62802917,-9.21008333,J235830.7-091236,FITS,23 58 30.727,-09 12 36.30,0.101,1.35,0.86,0.152,1.81,0.0,123.3,,g,,1997.161,2450508.2,2.293
38.41925833,-9.21014167,J023340.6-091236,FITS,02 33 40.622,-09 12 36.51,0.014,36.56,69.17,0.172,8.61,1.66,122.1,,,,1997.161,2450508.4,1.421
328.84540833,-9.21014167,J215522.8-091236,FITS,21 55 22.898,-09 12 36.51,0.154,1.27,0.77,0.153,0.0,0.0,64.9,,,,1997.181,2450515.6,13.554
326.177525,-9.21015556,J214442.6-091236,FITS,21 44 42.606,-09 12 36.56,0.014,22.94,23.34,0.154,1.05,0.37,136.1,,,,1997.161,2450508.3,0.0
38.3102625,-9.21030556,J023314.4-091237,FITS,02 33 14.463,-09 12 37.10,0.429,1.01,0.48,0.147,0.0,0.0,87.3,,,,1997.162,2450508.6,0.445
4.13780417,-9.21031667,J001633.0-091237,FITS,00 16 33.073,-09 12 37.14,0.547,1.05,0.8,0.15,3.34,0.0,82.8,,s,,1997.161,2450508.2,2.286
15.50250417,-9.21041389,J010200.6-091237,FITS,01 02 00.601,-09 12 37.49,0.498,1.12,0.95,0.157,4.82,0.0,121.7,,,,1997.161,2450508.3,1.975
330.41628333,-9.21044722,J220139.9-091237,FITS,22 01 39.908,-09 12 37.61,0.361,1.05,0.42,0.154,0.0,0.0,91.9,,,,1997.181,2450515.5,13.439
339.95440833,-9.21052778,J223949.0-091237,FITS,22 39 49.058,-09 12 37.90,0.11,1.63,6.54,0.156,31.24,0.0,43.8,,s,,1997.261,2450544.6,0.469
10.1974625,-9.21058333,J004047.3-091238,FITS,00 40 47.391,-09 12 38.10,0.014,2.06,2.96,0.157,6.35,0.0,128.7,,g,,1997.161,2450508.2,2.196
344.79339583,-9.21063611,J225910.4-091238,FITS,22 59 10.415,-09 12 38.29,0.032,1.92,1.36,0.225,0.0,0.0,86.5,,g,,1997.249,2450540.5,12.49
331.90335417,-9.21064167,J220736.8-091238,FITS,22 07 36.805,-09 12 38.31,0.032,9.99,11.51,0.468,3.8,0.0,53.9,,g,,1997.185,2450516.9,14.428
350.33631667,-9.21066389,J232120.7-091238,FITS,23 21 20.716,-09 12 38.39,0.014,2.96,3.81,0.145,5.59,0.0,179.1,,g,,1997.175,2450513.5,12.835
348.395175,-9.21089444,J231334.8-091239,FITS,23 13 34.842,-09 12 39.22,0.014,39.96,41.87,0.151,1.57,0.99,157.8,,g,,1997.238,2450536.3,16.912
338.3775625,-9.21093333,J223330.6-091239,FITS,22 33 30.615,-09 12 39.36,0.014,2.48,1.98,0.149,0.0,0.0,79.3,,g,,1997.26,2450544.4,0.391
20.513875,-9.21126667,J012203.3-091240,FITS,01 22 03.330,-09 12 40.56,0.014,1.69,1.06,0.157,0.0,0.0,94.3,,s,,1997.161,2450508.3,2.046
350.90554167,-9.21134444,J232337.3-091240,FITS,23 23 37.330,-09 12 40.84,0.014,7.24,13.54,0.145,9.11,0.0,79.6,,s,,1997.177,2450514.0,13.361
25.62185833,-9.21136389,J014229.2-091240,FITS,01 42 29.246,-09 12 40.91,0.31,1.12,0.62,0.15,0.0,0.0,101.6,,,,1997.162,2450508.5,1.058
335.98645,-9.211475,J222356.7-091241,FITS,22 23 56.748,-09 12 41.31,0.014,2.5,2.33,0.142,2.16,0.0,130.5,,,,1997.26,2450544.3,0.25
335.33997917,-9.21151667,J222121.5-091241,FITS,22 21 21.595,-09 12 41.46,0.504,1.08,0.64,0.147,0.0,0.0,69.4,,,,1997.26,2450544.3,0.34
334.44879583,-9.21154722,J221747.7-091241,FITS,22 17 47.711,-09 12 41.57,0.014,2.09,1.35,0.143,0.0,0.0,81.2,,,,1997.26,2450544.3,0.288
2.1207375,-9.21173889,J000828.9-091242,FITS,00 08 28.977,-09 12 42.26,0.014,13.69,18.65,0.149,5.05,0.0,98.7,,,,1997.161,2450508.4,1.111
19.37808333,-9.21188056,J011730.7-091242,FITS,01 17 30.740,-09 12 42.77,0.016,1.31,0.9,0.148,1.66,0.0,83.1,,,,1997.162,2450508.5,1.056
350.3413875,-9.21191389,J232121.9-091242,FITS,23 21 21.933,-09 12 42.89,0.014,9.7,11.64,0.146,3.05,2.21,155.7,,g,,1997.176,2450513.9,13.214
356.5941625,-9.21196944,J234622.5-091243,FITS,23 46 22.599,-09 12 43.09,0.433,1.06,0.55,0.153,0.0,0.0,112.8,,,,1997.161,2450508.2,2.272
351.7336125,-9.21243333,J232656.0-091244,FITS,23 26 56.067,-09 12 44.76,0.014,4.2,3.85,0.141,0.41,0.0,62.5,,s,,1997.167,2450510.5,8.655
3.79177083,-9.21258889,J001510.0-091245,FITS,00 15 10.025,-09 12 45.32,0.089,1.53,1.12,0.143,0.0,0.0,138.5,,,,1997.162,2450508.5,0.445
35.39725833,-9.21275,J022135.3-091245,FITS,02 21 35.342,-09 12 45.90,0.261,1.03,0.94,0.151,4.18,0.0,44.9,,g,,1997.161,2450508.5,1.216
350.34487917,-9.21286944,J232122.7-091246,FITS,23 21 22.771,-09 12 46.33,0.014,2.34,8.33,0.146,13.84,5.34,76.5,,,,1997.177,2450514.2,13.482
350.60941667,-9.21289722,J232226.2-091246,FITS,23 22 26.260,-09 12 46.43,0.809,1.07,0.68,0.153,0.0,0.0,35.0,,s,,1997.236,2450535.6,17.277
343.579975,-9.21296389,J225419.1-091246,FITS,22 54 19.194,-09 12 46.67,0.102,1.03,0.92,0.144,4.78,0.0,93.4,,g,,1997.26,2450544.4,0.328
2.51159167,-9.21311389,J001002.7-091247,FITS,00 10 02.782,-09 12 47.21,0.014,3.41,2.49,0.158,0.0,0.0,108.3,,,,1997.161,2450508.3,2.015
2.1265,-9.21324722,J000830.3-091247,FITS,00 08 30.360,-09 12 47.69,0.014,11.46,13.04,0.148,2.87,0.8,108.1,,g,,1997.161,2450508.4,1.062
354.61751667,-9.21324722,J233828.2-091247,FITS,23 38 28.204,-09 12 47.69,0.014,1.46,1.07,0.15,0.0,0.0,102.0,,s,,1997.161,2450508.4,1.128
342.11517917,-9.21333333,J224827.6-091248,FITS,22 48 27.643,-09 12 48.00,0.014,1.98,1.88,0.147,2.29,0.0,89.6,,g,,1997.26,2450544.4,0.377
4.0571625,-9.21340556,J001613.7-091248,FITS,00 16 13.719,-09 12 48.26,0.346,1.23,0.62,0.152,0.0,0.0,89.8,,,,1997.161,2450508.2,2.172
13.37947083,-9.21345556,J005331.0-091248,FITS,00 53 31.073,-09 12 48.44,0.014,4.87,4.43,0.15,0.0,0.0,109.1,,,,1997.161,2450508.5,1.04
356.1712,-9.21348056,J234441.0-091248,FITS,23 44 41.088,-09 12 48.53,0.423,1.0,0.75,0.144,2.92,0.0,106.3,,,,1997.162,2450508.5,0.47
31.8453875,-9.21348333,J020722.8-091248,FITS,02 07 22.893,-09 12 48.54,0.782,1.11,0.75,0.154,0.84,0.0,7.2,,,,1997.161,2450508.3,2.252
340.7564875,-9.21374722,J224301.5-091249,FITS,22 43 01.557,-09 12 49.49,0.025,1.19,1.7,0.154,4.23,3.46,38.0,,,,1997.261,2450544.8,0.469
29.3313875,-9.21388611,J015719.5-091249,FITS,01 57 19.533,-09 12 49.99,0.33,1.07,0.56,0.145,0.0,0.0,97.1,,,,1997.162,2450508.6,0.472
333.36489583,-9.21418889,J221327.5-091251,FITS,22 13 27.575,-09 12 51.08,0.014,9.6,9.7,0.123,0.7,0.5,110.9,,s,,1997.224,2450531.5,17.166
0.56785417,-9.21425,J000216.2-091251,FITS,00 02 16.285,-09 12 51.30,0.866,1.13,0.82,0.157,1.72,0.0,29.6,,,,1997.161,2450508.3,1.493
15.82939167,-9.21445556,J010319.0-091252,FITS,01 03 19.054,-09 12 52.04,0.014,5.32,10.27,0.143,7.67,3.91,10.6,,g,,1997.162,2450508.6,0.472
343.52764167,-9.21447222,J225406.6-091252,FITS,22 54 06.634,-09 12 52.10,0.014,5.01,4.41,0.141,1.66,0.0,77.4,,g,,1997.26,2450544.3,0.269
357.14847083,-9.21458611,J234835.6-091252,FITS,23 48 35.633,-09 12 52.51,0.095,1.35,1.14,0.155,1.5,0.0,24.5,,g,,1997.161,2450508.3,1.214
328.22429167,-9.21493889,J215253.8-091253,FITS,21 52 53.830,-09 12 53.78,0.014,32.54,34.34,0.152,1.69,1.1,0.1,,s,,1997.169,2450511.2,9.307
34.3862,-9.21505,J021732.6-091254,FITS,02 17 32.688,-09 12 54.18,0.493,1.03,0.49,0.149,0.0,0.0,90.1,,,,1997.162,2450508.5,0.986
337.77189167,-9.21518611,J223105.2-091254,FITS,22 31 05.254,-09 12 54.67,0.014,2.28,1.74,0.153,0.0,0.0,103.1,,g,,1997.261,2450544.8,0.46
15.0824,-9.21558056,J010019.7-091256,FITS,01 00 19.776,-09 12 56.09,0.014,1.84,2.37,0.144,5.67,0.0,98.3,,g,,1997.162,2450508.6,0.48
337.3824625,-9.21558889,J222931.7-091256,FITS,22 29 31.791,-09 12 56.12,0.286,1.02,0.61,0.147,0.0,0.0,109.4,,,,1997.26,2450544.4,0.382
26.92950417,-9.21565833,J014743.0-091256,FITS,01 47 43.081,-09 12 56.37,0.014,16.01,16.25,0.144,0.95,0.2,70.3,,g,,1997.162,2450508.6,0.472
31.5823875,-9.21591111,J020619.7-091257,FITS,02 06 19.773,-09 12 57.28,0.257,1.55,0.72,0.146,0.0,0.0,77.6,,g,,1997.162,2450508.6,0.481
39.63494167,-9.21619722,J023832.3-091258,FITS,02 38 32.386,-09 12 58.31,0.014,1.38,1.1,0.147,2.66,0.0,70.5,,g,,1997.162,2450508.6,0.99
34.45299167,-9.21624167,J021748.7-091258,FITS,02 17 48.718,-09 12 58.47,0.014,3.99,3.64,0.145,1.61,0.0,89.4,,g,,1997.162,2450508.6,0.462
334.31479167,-9.21654167,J221715.5-091259,FITS,22 17 15.550,-09 12 59.55,0.014,5.91,8.32,0.157,6.28,0.0,90.9,,g,,1997.26,2450544.6,0.458
22.10005,-9.21669167,J012824.0-091300,FITS,01 28 24.012,-09 13 00.09,0.34,1.04,0.61,0.15,0.0,0.0,75.5,,g,,1997.161,2450508.3,2.214
335.15401667,-9.21671944,J222036.9-091300,FITS,22 20 36.964,-09 13 00.19,0.014,2.02,1.64,0.148,0.0,0.0,169.6,,s,,1997.26,2450544.4,0.357
15.41608333,-9.21673333,J010139.8-091300,FITS,01 01 39.860,-09 13 00.24,0.014,1.74,1.55,0.152,2.77,0.0,105.8,,s,,1997.161,2450508.3,2.187
21.3465,-9.21693333,J012523.1-091300,FITS,01 25 23.160,-09 13 00.96,0.014,11.96,11.83,0.153,0.64,0.0,50.7,,,,1997.161,2450508.3,2.206
347.52596667,-9.21721667,J231006.2-091301,FITS,23 10 06.232,-09 13 01.98,0.431,1.03,0.81,0.154,2.69,0.0,79.4,,g,,1997.246,2450539.2,14.4
354.85984167,-9.21725833,J233926.3-091302,FITS,23 39 26.362,-09 13 02.13,0.797,1.02,0.54,0.149,0.0,0.0,71.8,,,,1997.162,2450508.6,0.504
34.45156667,-9.21728056,J021748.3-091302,FITS,02 17 48.376,-09 13 02.21,0.014,4.19,3.64,0.145,0.0,0.0,89.9,,g,,1997.162,2450508.6,0.467
30.653875,-9.21746389,J020236.9-091302,FITS,02 02 36.930,-09 13 02.87,0.014,3.09,2.81,0.147,1.3,0.0,113.3,,,,1997.162,2450508.6,0.494
9.77947917,-9.21759722,J003907.0-091303,FITS,00 39 07.075,-09 13 03.35,0.531,1.06,0.64,0.141,0.36,0.0,100.6,,s,,1997.162,2450508.5,0.46
8.64212083,-9.21766667,J003434.1-091303,FITS,00 34 34.109,-09 13 03.60,0.014,29.28,30.35,0.153,1.26,0.89,74.7,,,,1997.161,2450508.3,2.212
16.1518125,-9.21773889,J010436.4-091303,FITS,01 04 36.435,-09 13 03.86,0.13,1.13,0.65,0.152,0.0,0.0,139.3,,,,1997.161,2450508.3,2.197
330.53804167,-9.21776389,J220209.1-091303,FITS,22 02 09.130,-09 13 03.95,0.058,1.18,0.82,0.159,3.1,0.0,99.8,,,,1997.172,2450512.2,10.372
343.57227083,-9.21783611,J225417.3-091304,FITS,22 54 17.345,-09 13 04.21,0.349,1.05,0.49,0.144,0.0,0.0,68.8,,,,1997.26,2450544.4,0.326
5.64898333,-9.21794167,J002235.7-091304,FITS,00 22 35.756,-09 13 04.59,0.014,1.45,0.88,0.152,0.0,0.0,89.5,,s,,1997.161,2450508.3,2.199
349.35816667,-9.21805,J231725.9-091304,FITS,23 17 25.960,-09 13 04.98,0.372,1.03,0.54,0.152,0.0,0.0,83.8,,,,1997.188,2450517.9,16.454
16.2136375,-9.21807222,J010451.2-091305,FITS,01 04 51.273,-09 13 05.06,0.014,2.34,1.57,0.154,0.19,0.0,115.6,,,,1997.161,2450508.4,2.048
348.08145417,-9.21831389,J231219.5-091305,FITS,23 12 19.549,-09 13 05.93,0.014,100.12,102.57,0.147,1.2,0.54,143.8,,s,,1997.26,2450544.4,0.34
354.1463125,-9.21831389,J233635.1-091305,FITS,23 36 35.115,-09 13 05.93,0.014,5.66,6.98,0.153,4.63,0.0,20.9,,,,1997.161,2450508.4,1.202
341.35238333,-9.21860833,J224524.5-091306,FITS,22 45 24.572,-09 13 06.99,0.014,1.53,1.36,0.149,1.95,0.0,89.8,,g,,1997.26,2450544.4,0.37
359.57114583,-9.21866667,J235817.0-091307,FITS,23 58 17.075,-09 13 07.20,0.014,7.36,9.63,0.153,4.87,0.88,38.1,,s,,1997.161,2450508.3,2.136
16.63315833,-9.21871389,J010631.9-091307,FITS,01 06 31.958,-09 13 07.37,0.573,1.02,0.46,0.151,0.0,0.0,92.5,,,,1997.162,2450508.5,1.103
31.55451667,-9.21872778,J020613.0-091307,FITS,02 06 13.084,-09 13 07.42,0.014,160.91,165.97,0.144,1.51,0.44,164.6,,g,,1997.162,2450508.6,0.476
18.34524583,-9.21882222,J011322.8-091307,FITS,01 13 22.859,-09 13 07.76,0.797,1.01,0.47,0.151,0.0,0.0,98.0,,,,1997.161,2450508.4,2.177
339.325125,-9.21895278,J223718.0-091308,FITS,22 37 18.030,-09 13 08.23,0.344,1.11,0.66,0.149,0.0,0.0,115.9,,g,,1997.261,2450544.9,0.42
35.68187083,-9.21898611,J022243.6-091308,FITS,02 22 43.649,-09 13 08.35,0.014,1.52,0.95,0.151,0.0,0.0,67.4,,g,,1997.161,2450508.4,2.124
37.98724167,-9.21916111,J023156.9-091308,FITS,02 31 56.938,-09 13 08.98,0.528,1.43,0.51,0.157,0.0,0.0,89.9,,,,1997.161,2450508.5,1.946
28.9755625,-9.21921667,J015554.1-091309,FITS,01 55 54.135,-09 13 09.18,0.014,10.4,9.87,0.154,0.0,0.0,170.6,,s,,1997.161,2450508.4,1.991
9.650775,-9.21940833,J003836.1-091309,FITS,00 38 36.186,-09 13 09.87,0.014,3.13,2.58,0.146,0.0,0.0,27.5,,g,,1997.162,2450508.6,0.503
10.31005833,-9.21942222,J004114.4-091309,FITS,00 41 14.414,-09 13 09.92,0.014,2.1,1.38,0.16,0.0,0.0,88.5,,s,,1997.161,2450508.4,1.508
5.53015417,-9.21945833,J002207.2-091310,FITS,00 22 07.237,-09 13 10.05,0.058,1.45,1.06,0.155,1.93,0.0,110.0,,,,1997.161,2450508.3,2.01
41.04560417,-9.21955278,J024410.9-091310,FITS,02 44 10.945,-09 13 10.39,0.182,1.32,1.15,0.159,3.93,0.0,96.6,,g,,1997.162,2450508.5,1.612
25.30996667,-9.21966667,J014114.3-091310,FITS,01 41 14.392,-09 13 10.80,0.016,2.5,2.56,0.174,2.34,0.0,71.0,,g,,1997.161,2450508.4,1.506
350.1838,-9.21976111,J232044.1-091311,FITS,23 20 44.112,-09 13 11.14,0.014,3.87,6.41,0.144,5.97,3.1,87.3,,,,1997.174,2450513.0,12.339
345.92380833,-9.21976944,J230341.7-091311,FITS,23 03 41.714,-09 13 11.17,0.014,6.56,14.59,0.155,8.26,4.44,93.7,,g,,1997.253,2450542.0,10.036
340.82865833,-9.21999444,J224318.8-091311,FITS,22 43 18.878,-09 13 11.98,0.336,1.02,0.45,0.149,0.0,0.0,98.7,,,,1997.261,2450544.9,0.415
41.09407083,-9.22007778,J024422.5-091312,FITS,02 44 22.577,-09 13 12.28,0.014,6.87,9.17,0.156,5.09,1.27,29.6,,,,1997.162,2450508.5,1.236
335.82067917,-9.22010278,J222316.9-091312,FITS,22 23 16.963,-09 13 12.37,0.558,1.09,0.48,0.158,0.0,0.0,84.7,,,,1997.26,2450544.5,0.455
350.18675,-9.22036944,J232044.8-091313,FITS,23 20 44.820,-09 13 13.33,0.014,2.1,1.8,0.143,2.35,0.0,76.9,,g,,1997.174,2450512.9,12.232
346.2748,-9.22038333,J230505.9-091313,FITS,23 05 05.952,-09 13 13.38,0.014,9.05,8.53,0.156,0.0,0.0,66.7,,g,,1997.25,2450540.6,12.498
355.71087917,-9.22051389,J234250.6-091313,FITS,23 42 50.611,-09 13 13.85,0.63,1.1,0.56,0.16,0.0,0.0,95.9,,g,,1997.161,2450508.4,1.647
13.5087,-9.22063333,J005402.0-091314,FITS,00 54 02.088,-09 13 14.28,0.014,3.41,3.64,0.144,2.61,0.0,99.7,,,,1997.162,2450508.5,0.466
354.145275,-9.22075,J233634.8-091314,FITS,23 36 34.866,-09 13 14.70,0.014,4.34,5.24,0.153,4.5,0.0,28.7,,,,1997.161,2450508.4,1.18
20.2669125,-9.220875,J012104.0-091315,FITS,01 21 04.059,-09 13 15.15,0.665,1.01,0.56,0.142,0.0,0.0,89.6,,,,1997.162,2450508.5,0.469
26.23847083,-9.220925,J014457.2-091315,FITS,01 44 57.233,-09 13 15.33,0.196,1.09,0.65,0.141,0.0,0.0,89.6,,s,,1997.162,2450508.6,0.468
8.75374167,-9.22093889,J003500.8-091315,FITS,00 35 00.898,-09 13 15.38,0.877,1.12,1.03,0.158,6.06,0.0,60.0,,,,1997.161,2450508.4,1.848
30.3923375,-9.22102222,J020134.1-091315,FITS,02 01 34.161,-09 13 15.68,0.014,1.56,1.29,0.153,0.0,0.0,61.9,,g,,1997.161,2450508.4,2.162
0.1299,-9.2212,J000031.1-091316,FITS,00 00 31.176,-09 13 16.32,0.638,1.08,0.6,0.149,0.0,0.0,105.3,,,,1997.161,2450508.5,1.07
350.18930417,-9.22126944,J232045.4-091316,FITS,23 20 45.433,-09 13 16.57,0.014,4.2,6.22,0.143,5.0,2.7,88.3,,,,1997.174,2450512.9,12.168
351.3149125,-9.221325,J232515.5-091316,FITS,23 25 15.579,-09 13 16.77,0.014,2.25,1.88,0.114,0.0,0.0,41.7,,g,,1997.198,2450521.6,18.188
8.69162083,-9.22139444,J003445.9-091317,FITS,00 34 45.989,-09 13 17.02,0.014,11.13,28.91,0.153,9.77,4.88,98.1,,,,1997.161,2450508.4,2.068
8.7048875,-9.22143333,J003449.1-091317,FITS,00 34 49.173,-09 13 17.16,0.014,6.48,20.6,0.154,14.66,2.97,101.4,,,,1997.161,2450508.4,2.032
8.70659583,-9.22152778,J003449.5-091317,FITS,00 34 49.583,-09 13 17.50,0.014,35.5,41.09,0.154,3.01,1.27,57.2,,,,1997.161,2450508.4,2.026
3.5235625,-9.22154444,J001405.6-091317,FITS,00 14 05.655,-09 13 17.56,0.181,2.77,8.98,0.352,16.69,3.02,19.4,,,,1997.161,2450508.4,1.734
359.6145,-9.22162778,J235827.4-091317,FITS,23 58 27.480,-09 13 17.86,0.384,1.03,0.46,0.15,0.0,0.0,88.8,,,,1997.161,2450508.4,2.132
336.56742917,-9.22163889,J222616.1-091317,FITS,22 26 16.183,-09 13 17.90,0.014,2.55,3.49,0.155,7.26,0.0,62.9,,s,,1997.26,2450544.6,0.458
2.4233,-9.22176111,J000941.5-091318,FITS,00 09 41.592,-09 13 18.34,0.014,2.15,1.98,0.158,0.0,0.0,137.6,,,,1997.161,2450508.4,1.361
335.17305417,-9.22226944,J222041.5-091320,FITS,22 20 41.533,-09 13 20.17,0.014,1.37,1.11,0.146,4.47,0.0,136.4,,,,1997.26,2450544.3,0.34
23.77674583,-9.22235556,J013506.4-091320,FITS,01 35 06.419,-09 13 20.48,0.49,1.39,1.06,0.225,0.0,0.0,90.1,,,,1997.161,2450508.5,1.706
31.51802083,-9.22235833,J020604.3-091320,FITS,02 06 04.325,-09 13 20.49,0.266,1.56,0.65,0.143,0.0,0.0,97.5,,g,,1997.162,2450508.6,0.476
8.67309583,-9.22254167,J003441.5-091321,FITS,00 34 41.543,-09 13 21.15,0.509,1.08,1.54,0.152,6.77,0.0,106.1,,,,1997.161,2450508.4,2.094
19.22899167,-9.22256667,J011654.9-091321,FITS,01 16 54.958,-09 13 21.24,0.014,2.22,2.22,0.155,3.55,0.0,79.5,,g,,1997.161,2450508.4,1.936
359.058225,-9.22257778,J235613.9-091321,FITS,23 56 13.974,-09 13 21.28,0.014,8.53,8.07,0.158,0.0,0.0,57.5,,,,1997.161,2450508.4,1.494
6.5520125,-9.22258889,J002612.4-091321,FITS,00 26 12.483,-09 13 21.32,0.132,1.26,1.04,0.159,2.6,0.0,78.2,,g,,1997.161,2450508.4,1.538
20.54820417,-9.22264722,J012211.5-091321,FITS,01 22 11.569,-09 13 21.53,0.014,6.07,5.38,0.153,0.0,0.0,107.4,,g,,1997.161,2450508.4,2.024
38.877375,-9.22266944,J023530.5-091321,FITS,02 35 30.570,-09 13 21.61,0.06,1.56,1.19,0.157,0.0,0.0,87.1,,g,,1997.162,2450508.6,1.014
355.47201667,-9.22267222,J234153.2-091321,FITS,23 41 53.284,-09 13 21.62,0.513,1.07,0.67,0.143,0.0,0.0,62.5,,g,,1997.162,2450508.5,0.481
348.4422,-9.22268611,J231346.1-091321,FITS,23 13 46.128,-09 13 21.67,0.014,1.65,1.86,0.147,3.73,0.0,169.3,,,,1997.24,2450536.9,16.225
41.85031667,-9.22269167,J024724.0-091321,FITS,02 47 24.076,-09 13 21.69,0.123,1.22,0.75,0.155,0.0,0.0,72.0,,g,,1997.162,2450508.5,1.168
15.80926667,-9.22273056,J010314.2-091321,FITS,01 03 14.224,-09 13 21.83,0.014,7.82,7.52,0.142,0.69,0.0,176.2,,s,,1997.162,2450508.6,0.492
19.150625,-9.22273611,J011636.1-091321,FITS,01 16 36.150,-09 13 21.85,0.492,1.03,0.41,0.151,0.0,0.0,89.6,,,,1997.161,2450508.4,2.128
5.60627917,-9.22280556,J002225.5-091322,FITS,00 22 25.507,-09 13 22.10,0.014,28.02,29.06,0.152,1.35,0.92,12.8,,s,,1997.161,2450508.4,2.136
334.265175,-9.22280556,J221703.6-091322,FITS,22 17 03.642,-09 13 22.10,0.576,1.05,0.71,0.156,3.45,0.0,116.8,,,,1997.261,2450544.7,0.471
335.7163375,-9.22281111,J222251.9-091322,FITS,22 22 51.921,-09 13 22.12,0.014,1.65,1.11,0.154,0.0,0.0,67.0,,g,,1997.261,2450544.9,0.443
359.56853333,-9.22305278,J235816.4-091322,FITS,23 58 16.448,-09 13 22.99,0.014,13.01,14.11,0.152,2.66,0.0,35.2,,g,,1997.161,2450508.4,2.07
7.18279167,-9.22311111,J002843.8-091323,FITS,00 28 43.870,-09 13 23.20,0.014,1.97,1.44,0.146,0.0,0.0,107.5,,,,1997.179,2450514.9,22.225
0.83637917,-9.22321667,J000320.7-091323,FITS,00 03 20.731,-09 13 23.58,0.634,1.01,0.74,0.144,4.2,0.0,94.5,,,,1997.162,2450508.6,0.51
9.440075,-9.22336389,J003745.6-091324,FITS,00 37 45.618,-09 13 24.11,0.014,1.87,3.62,0.152,9.8,0.0,83.8,,g,,1997.161,2450508.4,2.045
39.29578333,-9.22360278,J023710.9-091324,FITS,02 37 10.988,-09 13 24.97,0.144,1.14,0.73,0.152,0.0,0.0,90.9,,g,,1997.162,2450508.5,2.005
344.96214583,-9.22367222,J225950.9-091325,FITS,22 59 50.915,-09 13 25.22,0.014,1.72,1.16,0.153,0.0,0.0,109.6,,g,,1997.26,2450544.3,0.297
11.2300125,-9.22372778,J004455.2-091325,FITS,00 44 55.203,-09 13 25.42,0.014,1.98,1.43,0.143,0.0,0.0,90.1,,,,1997.162,2450508.5,0.482
40.12532917,-9.22375556,J024030.0-091325,FITS,02 40 30.079,-09 13 25.52,0.278,1.03,0.82,0.149,4.58,0.0,96.0,,,,1997.162,2450508.5,2.103
37.66995833,-9.22377778,J023040.7-091325,FITS,02 30 40.790,-09 13 25.60,0.415,1.24,0.73,0.157,0.0,0.0,77.0,,,,1997.162,2450508.5,1.319
37.73179583,-9.22401111,J023055.6-091326,FITS,02 30 55.631,-09 13 26.44,0.78,1.16,0.54,0.158,0.0,0.0,85.1,,,,1997.162,2450508.5,1.737
32.32509167,-9.22414167,J020918.0-091326,FITS,02 09 18.022,-09 13 26.91,0.734,1.05,0.72,0.146,0.0,0.0,69.6,,g,,1997.162,2450508.6,0.507
341.10704583,-9.22423889,J224425.6-091327,FITS,22 44 25.691,-09 13 27.26,0.024,1.32,1.15,0.152,0.99,0.0,90.0,,g,,1997.26,2450544.5,0.429
328.49295833,-9.22428611,J215358.3-091327,FITS,21 53 58.310,-09 13 27.43,0.118,1.12,2.32,0.148,11.31,0.0,95.8,,s,,1997.161,2450508.3,0.169
355.07652083,-9.22445278,J234018.3-091328,FITS,23 40 18.365,-09 13 28.03,0.797,1.02,0.44,0.152,0.0,0.0,96.9,,s,,1997.161,2450508.4,2.067
359.33355417,-9.224475,J235720.0-091328,FITS,23 57 20.053,-09 13 28.11,0.081,2.29,2.41,0.144,2.37,0.0,66.0,,,,1997.162,2450508.5,0.513
9.41104583,-9.22468056,J003738.6-091328,FITS,00 37 38.651,-09 13 28.85,0.798,1.06,1.23,0.151,7.61,0.0,89.7,,,,1997.161,2450508.4,2.085
328.574725,-9.22475278,J215417.9-091329,FITS,21 54 17.934,-09 13 29.11,0.016,1.23,1.15,0.151,2.93,0.0,91.2,,g,,1997.161,2450508.4,0.304
31.6447375,-9.22483333,J020634.7-091329,FITS,02 06 34.737,-09 13 29.40,0.356,1.49,0.67,0.153,0.0,0.0,93.4,,,,1997.162,2450508.6,1.153
340.08900833,-9.22485,J224021.3-091329,FITS,22 40 21.362,-09 13 29.46,0.429,1.13,0.45,0.148,0.0,0.0,96.9,,g,,1997.261,2450545.0,0.399
336.5585125,-9.22485556,J222614.0-091329,FITS,22 26 14.043,-09 13 29.48,0.014,67.63,76.57,0.156,2.71,1.54,159.7,,,,1997.26,2450544.6,0.466
341.832,-9.22494444,J224719.6-091329,FITS,22 47 19.680,-09 13 29.80,0.014,2.22,2.22,0.154,4.07,0.0,113.7,,s,,1997.26,2450544.6,0.455
328.49129167,-9.22517778,J215357.9-091330,FITS,21 53 57.910,-09 13 30.64,0.258,1.07,0.76,0.149,2.11,0.0,28.2,,,,1997.161,2450508.3,0.172
354.18049583,-9.22547778,J233643.3-091331,FITS,23 36 43.319,-09 13 31.72,0.734,1.08,0.65,0.16,1.4,0.0,78.4,,g,,1997.161,2450508.4,1.385
41.53574167,-9.22613889,J024608.5-091334,FITS,02 46 08.578,-09 13 34.10,0.014,1.74,1.28,0.152,1.79,0.0,119.8,,g,,1997.162,2450508.6,1.942
9.55825833,-9.22619167,J003813.9-091334,FITS,00 38 13.982,-09 13 34.29,0.014,1.41,1.09,0.158,3.4,0.0,56.4,,g,,1997.161,2450508.4,1.46
10.74140833,-9.22629722,J004257.9-091334,FITS,00 42 57.938,-09 13 34.67,0.014,1.61,4.92,0.159,12.84,4.04,82.1,,g,,1997.161,2450508.5,1.762
30.70148333,-9.22635,J020248.3-091334,FITS,02 02 48.356,-09 13 34.86,0.014,3.97,4.14,0.143,3.05,0.0,64.1,,g,,1997.162,2450508.6,0.504
342.67729583,-9.22650278,J225042.5-091335,FITS,22 50 42.551,-09 13 35.41,0.014,2.54,1.72,0.145,0.0,0.0,102.7,,,,1997.26,2450544.4,0.343
1.4344375,-9.22659167,J000544.2-091335,FITS,00 05 44.265,-09 13 35.73,0.441,1.01,0.53,0.144,0.0,0.0,89.8,,,,1997.162,2450508.5,0.512
38.05755833,-9.22680278,J023213.8-091336,FITS,02 32 13.814,-09 13 36.49,0.865,1.12,0.8,0.16,0.98,0.0,60.5,,,,1997.162,2450508.5,1.46
352.13679583,-9.22681111,J232832.8-091336,FITS,23 28 32.831,-09 13 36.52,0.797,1.06,0.59,0.151,0.0,0.0,67.7,,,,1997.161,2450508.4,2.058
37.65531667,-9.2271,J023037.2-091337,FITS,02 30 37.276,-09 13 37.56,0.781,1.05,0.64,0.153,0.0,0.0,120.0,,s,,1997.162,2450508.6,1.213
359.2847125,-9.22726944,J235708.3-091338,FITS,23 57 08.331,-09 13 38.17,0.206,1.01,0.89,0.141,2.84,0.0,83.2,,,,1997.162,2450508.5,0.503
328.49142917,-9.22728611,J215357.9-091338,FITS,21 53 57.943,-09 13 38.23,0.027,1.18,0.94,0.149,3.27,0.0,136.7,,g,,1997.161,2450508.3,0.174
351.97928333,-9.22731389,J232755.0-091338,FITS,23 27 55.028,-09 13 38.33,0.014,112.4,119.9,0.16,2.07,0.94,174.4,,,,1997.161,2450508.4,1.688
28.88165417,-9.22743611,J015531.5-091338,FITS,01 55 31.597,-09 13 38.77,0.582,1.04,0.78,0.148,3.6,0.0,107.4,,,,1997.162,2450508.5,2.048
351.94727917,-9.22794167,J232747.3-091340,FITS,23 27 47.347,-09 13 40.59,0.528,1.34,0.74,0.161,0.0,0.0,170.8,,,,1997.161,2450508.4,1.483
345.5754625,-9.22802222,J230218.1-091340,FITS,23 02 18.111,-09 13 40.88,0.088,1.29,0.84,0.153,1.65,0.0,110.5,,g,,1997.255,2450542.4,9.348
351.93347083,-9.22808333,J232744.0-091341,FITS,23 27 44.033,-09 13 41.10,0.266,1.45,0.62,0.16,0.0,0.0,91.8,,,,1997.161,2450508.4,1.385
1.90295833,-9.22830833,J000736.7-091341,FITS,00 07 36.710,-09 13 41.91,0.809,1.05,0.49,0.149,0.0,0.0,91.2,,s,,1997.161,2450508.5,2.046
350.65214167,-9.22860556,J232236.5-091342,FITS,23 22 36.514,-09 13 42.98,0.014,5.86,5.89,0.15,1.13,0.0,115.4,,,,1997.24,2450537.2,16.091
351.91485417,-9.22860556,J232739.5-091342,FITS,23 27 39.565,-09 13 42.98,0.797,1.14,0.42,0.156,0.0,0.0,87.7,,s,,1997.165,2450509.7,6.779
1.12649583,-9.22860833,J000430.3-091342,FITS,00 04 30.359,-09 13 42.99,0.613,1.04,0.53,0.15,0.0,0.0,89.0,,,,1997.161,2450508.5,2.035
337.2192625,-9.22923056,J222852.6-091345,FITS,22 28 52.623,-09 13 45.23,0.2,1.2,0.64,0.154,0.0,0.0,89.7,,,,1997.261,2450544.9,0.436
25.7304375,-9.22926389,J014255.3-091345,FITS,01 42 55.305,-09 13 45.35,0.014,2.48,1.96,0.158,1.67,0.0,85.0,,g,,1997.162,2450508.5,1.671
351.8865125,-9.22928056,J232732.7-091345,FITS,23 27 32.763,-09 13 45.41,0.877,1.05,1.72,0.153,9.06,0.0,86.6,,,,1997.166,2450510.0,7.482
40.352,-9.22934167,J024124.4-091345,FITS,02 41 24.480,-09 13 45.63,0.014,2.93,2.35,0.156,0.0,0.0,80.2,,,,1997.162,2450508.6,1.111
10.74694583,-9.22939444,J004259.2-091345,FITS,00 42 59.267,-09 13 45.82,0.014,2.47,17.91,0.158,25.85,7.02,94.3,,s,,1997.162,2450508.5,1.752
22.017925,-9.22954444,J012804.3-091346,FITS,01 28 04.302,-09 13 46.36,0.484,1.08,0.87,0.152,3.84,0.0,102.1,,,,1997.162,2450508.5,1.837
10.7526375,-9.22955833,J004300.6-091346,FITS,00 43 00.633,-09 13 46.41,0.014,20.48,22.12,0.158,2.29,0.0,89.4,,g,,1997.162,2450508.5,1.775
10.73992083,-9.22987222,J004257.5-091347,FITS,00 42 57.581,-09 13 47.54,0.014,3.56,15.26,0.159,14.16,7.76,28.5,,,,1997.162,2450508.5,1.713
34.35325,-9.23018611,J021724.7-091348,FITS,02 17 24.780,-09 13 48.67,0.014,12.41,12.85,0.155,1.96,0.0,1.0,,g,,1997.162,2450508.6,1.137
349.82534583,-9.230325,J231918.0-091349,FITS,23 19 18.083,-09 13 49.17,0.429,1.06,0.43,0.151,0.0,0.0,90.8,,,,1997.238,2450536.5,16.477
3.9798875,-9.23046389,J001555.1-091349,FITS,00 15 55.173,-09 13 49.67,0.627,1.08,0.56,0.157,0.0,0.0,80.0,,,,1997.162,2450508.5,1.655
29.15759167,-9.23064444,J015637.8-091350,FITS,01 56 37.822,-09 13 50.32,0.014,1.8,1.14,0.147,0.0,0.0,103.6,,g,,1997.162,2450508.7,0.539
1.43039583,-9.23066944,J000543.2-091350,FITS,00 05 43.295,-09 13 50.41,0.014,4.7,4.16,0.145,0.0,0.0,77.2,,,,1997.162,2450508.6,0.53
326.16937083,-9.23069444,J214440.6-091350,FITS,21 44 40.649,-09 13 50.50,0.287,1.15,0.95,0.161,4.53,0.0,63.0,,,,1997.161,2450508.3,0.0
357.92094167,-9.23071389,J235141.0-091350,FITS,23 51 41.026,-09 13 50.57,0.356,1.08,0.59,0.154,0.0,0.0,82.7,,,,1997.162,2450508.5,1.296
40.91262917,-9.23078889,J024339.0-091350,FITS,02 43 39.031,-09 13 50.84,0.014,1.7,2.31,0.151,5.53,0.0,120.9,,,,1997.162,2450508.6,1.995
36.4123,-9.23088889,J022538.9-091351,FITS,02 25 38.952,-09 13 51.20,0.501,1.05,0.62,0.149,0.0,0.0,147.2,,,,1997.162,2450508.6,1.994
24.55637083,-9.23098611,J013813.5-091351,FITS,01 38 13.529,-09 13 51.55,0.501,1.08,0.57,0.158,0.0,0.0,107.1,,,,1997.162,2450508.5,1.43
2.20924167,-9.23125278,J000850.2-091352,FITS,00 08 50.218,-09 13 52.51,0.465,1.09,1.25,0.143,4.51,0.0,158.5,,g,,1997.162,2450508.5,0.522
359.48728333,-9.23140556,J235756.9-091353,FITS,23 57 56.948,-09 13 53.06,0.146,1.15,0.79,0.156,2.8,0.0,134.2,,g,,1997.162,2450508.5,1.683
341.9118,-9.23143611,J224738.8-091353,FITS,22 47 38.832,-09 13 53.17,0.115,1.39,0.85,0.147,0.0,0.0,122.0,,g,,1997.26,2450544.4,0.371
351.7652125,-9.23148611,J232703.6-091353,FITS,23 27 03.651,-09 13 53.35,0.802,1.04,0.78,0.145,3.16,0.0,87.1,,,,1997.168,2450510.8,9.115
11.70517917,-9.23149167,J004649.2-091353,FITS,00 46 49.243,-09 13 53.37,0.014,2.22,2.06,0.152,2.14,0.0,136.1,,g,,1997.162,2450508.5,1.897
21.67160417,-9.23158056,J012641.1-091353,FITS,01 26 41.185,-09 13 53.69,0.014,4.69,4.31,0.144,0.0,0.0,106.7,,,,1997.162,2450508.6,0.536
354.44952083,-9.23158611,J233747.8-091353,FITS,23 37 47.885,-09 13 53.71,0.014,1.65,1.2,0.154,0.0,0.0,159.6,,,,1997.162,2450508.5,1.911
1.12164167,-9.231675,J000429.1-091354,FITS,00 04 29.194,-09 13 54.03,0.299,1.03,1.24,0.149,7.96,0.0,89.6,,s,,1997.162,2450508.5,1.991
37.8498,-9.23195556,J023123.9-091355,FITS,02 31 23.952,-09 13 55.04,0.585,1.02,0.45,0.15,0.0,0.0,101.3,,,,1997.162,2450508.6,1.995
27.078075,-9.23211389,J014818.7-091355,FITS,01 48 18.738,-09 13 55.61,0.014,7.21,7.08,0.146,0.77,0.0,58.3,,,,1997.162,2450508.7,0.539
37.08147917,-9.23212778,J022819.5-091355,FITS,02 28 19.555,-09 13 55.66,0.469,1.02,0.79,0.15,2.09,0.0,118.6,,g,,1997.162,2450508.6,1.966
40.91116667,-9.232175,J024338.6-091355,FITS,02 43 38.680,-09 13 55.83,0.014,2.55,2.35,0.15,1.28,0.0,90.8,,,,1997.162,2450508.6,1.977
356.89704167,-9.23218611,J234735.2-091355,FITS,23 47 35.290,-09 13 55.87,0.286,1.15,0.52,0.15,0.0,0.0,89.8,,,,1997.162,2450508.6,0.549
342.02690833,-9.23223056,J224806.4-091356,FITS,22 48 06.458,-09 13 56.03,0.866,1.05,0.8,0.144,1.56,0.0,37.8,,,,1997.26,2450544.3,0.306
24.5622625,-9.23230833,J013814.9-091356,FITS,01 38 14.943,-09 13 56.31,0.573,1.07,0.51,0.158,0.0,0.0,99.2,,,,1997.162,2450508.5,1.378
1.88914167,-9.23239444,J000733.3-091356,FITS,00 07 33.394,-09 13 56.62,0.809,1.07,0.55,0.148,0.0,0.0,89.5,,,,1997.162,2450508.5,2.002
15.12534583,-9.23241111,J010030.0-091356,FITS,01 00 30.083,-09 13 56.68,0.382,1.05,0.5,0.151,0.0,0.0,84.3,,g,,1997.162,2450508.7,0.56
40.1603625,-9.23264722,J024038.4-091357,FITS,02 40 38.487,-09 13 57.53,0.277,1.01,0.84,0.149,2.67,0.0,88.2,,,,1997.162,2450508.6,1.972
330.93289583,-9.23299444,J220343.8-091358,FITS,22 03 43.895,-09 13 58.78,0.014,3.58,5.84,0.157,5.42,4.01,172.5,,,,1997.168,2450510.7,8.052
344.14859167,-9.23300833,J225635.6-091358,FITS,22 56 35.662,-09 13 58.83,0.014,1.73,1.4,0.15,0.0,0.0,90.6,,s,,1997.26,2450544.4,0.391
18.6445375,-9.233175,J011434.6-091359,FITS,01 14 34.689,-09 13 59.43,0.495,1.01,0.7,0.148,2.86,0.0,91.3,,,,1997.162,2450508.7,0.553
7.69515,-9.23344167,J003046.8-091400,FITS,00 30 46.836,-09 14 00.39,0.014,9.61,16.59,0.19,8.22,0.0,47.3,,g,,1997.162,2450508.5,1.417
31.608125,-9.23349167,J020625.9-091400,FITS,02 06 25.950,-09 14 00.57,0.787,1.1,0.53,0.151,0.0,0.0,82.8,,,,1997.162,2450508.7,0.556
349.48959583,-9.23352222,J231757.5-091400,FITS,23 17 57.503,-09 14 00.68,0.014,1.9,1.58,0.145,1.53,0.0,103.6,,,,1997.171,2450512.0,11.11
337.07681667,-9.23359444,J222818.4-091400,FITS,22 28 18.436,-09 14 00.94,0.014,3.06,5.22,0.15,6.78,2.96,40.6,,,,1997.261,2450545.0,0.391
37.74247917,-9.23368056,J023058.1-091401,FITS,02 30 58.195,-09 14 01.25,0.528,1.18,0.42,0.156,0.0,0.0,89.6,,,,1997.162,2450508.6,1.681
337.01730417,-9.23371389,J222804.1-091401,FITS,22 28 04.153,-09 14 01.37,0.06,1.18,1.07,0.154,3.0,0.0,85.6,,,,1997.261,2450544.9,0.443
20.55420833,-9.23379167,J012213.0-091401,FITS,01 22 13.010,-09 14 01.65,0.44,1.04,0.41,0.151,0.0,0.0,90.2,,,,1997.162,2450508.6,1.888
38.02852917,-9.23379167,J023206.8-091401,FITS,02 32 06.847,-09 14 01.65,0.631,1.21,0.62,0.159,0.0,0.0,105.2,,s,,1997.162,2450508.6,1.573
20.970275,-9.233825,J012352.8-091401,FITS,01 23 52.866,-09 14 01.77,0.244,1.15,0.51,0.144,0.0,0.0,93.9,,,,1997.162,2450508.6,0.53
2.87404167,-9.23388611,J001129.7-091401,FITS,00 11 29.770,-09 14 01.99,0.449,1.05,1.02,0.152,3.15,0.0,90.0,,s,,1997.162,2450508.7,0.563
337.07840833,-9.23393611,J222818.8-091402,FITS,22 28 18.818,-09 14 02.17,0.014,2.64,5.0,0.15,7.35,4.01,7.7,,g,,1997.261,2450545.0,0.389
13.6791125,-9.23404722,J005442.9-091402,FITS,00 54 42.987,-09 14 02.57,0.877,1.05,0.83,0.158,4.03,0.0,40.2,,s,,1997.162,2450508.6,1.324
38.02482083,-9.23406944,J023205.9-091402,FITS,02 32 05.957,-09 14 02.65,0.014,2.59,1.67,0.159,0.0,0.0,97.0,,,,1997.162,2450508.6,1.591
330.93101667,-9.23409722,J220343.4-091402,FITS,22 03 43.444,-09 14 02.75,0.014,1.71,6.98,0.157,13.46,7.82,1.2,,,,1997.167,2450510.6,7.902
7.2935625,-9.23418611,J002910.4-091403,FITS,00 29 10.455,-09 14 03.07,0.576,1.04,0.71,0.157,0.0,0.0,157.4,,g,,1997.17,2450511.7,15.852
355.6352125,-9.234325,J234232.4-091403,FITS,23 42 32.451,-09 14 03.57,0.615,1.03,0.71,0.155,2.83,0.0,103.1,,s,,1997.162,2450508.7,0.567
345.70235417,-9.23448889,J230248.5-091404,FITS,23 02 48.565,-09 14 04.16,0.014,2.81,2.38,0.143,0.0,0.0,41.5,,,,1997.26,2450544.4,0.33
332.99228333,-9.23454167,J221158.1-091404,FITS,22 11 58.148,-09 14 04.35,0.452,1.09,0.84,0.145,3.02,0.0,158.5,,g,,1997.25,2450540.8,10.297
337.072675,-9.23461667,J222817.4-091404,FITS,22 28 17.442,-09 14 04.62,0.016,1.64,1.83,0.15,3.91,0.0,96.0,,s,,1997.261,2450544.9,0.392
340.33440833,-9.23471667,J224120.2-091404,FITS,22 41 20.258,-09 14 04.98,0.014,3.04,3.41,0.152,4.8,0.0,127.6,,s,,1997.26,2450544.6,0.461
13.66084583,-9.23493889,J005438.6-091405,FITS,00 54 38.603,-09 14 05.78,0.339,1.34,1.29,0.157,4.12,0.0,79.5,,g,,1997.162,2450508.6,1.2
41.9615125,-9.23520278,J024750.7-091406,FITS,02 47 50.763,-09 14 06.73,0.014,7.22,7.61,0.15,2.18,0.0,151.4,,g,,1997.162,2450508.5,0.238
335.3280875,-9.23526667,J222118.7-091406,FITS,22 21 18.741,-09 14 06.96,0.504,1.04,0.49,0.148,0.0,0.0,83.0,,,,1997.26,2450544.4,0.366
341.40335,-9.23534444,J224536.8-091407,FITS,22 45 36.804,-09 14 07.24,0.427,1.12,0.49,0.154,0.0,0.0,83.6,,,,1997.26,2450544.6,0.452
34.44554167,-9.23535,J021746.9-091407,FITS,02 17 46.930,-09 14 07.26,0.377,1.07,0.95,0.148,5.86,0.0,56.7,,g,,1997.162,2450508.7,0.544
328.2719375,-9.23548611,J215305.2-091407,FITS,21 53 05.265,-09 14 07.75,0.527,1.06,3.91,0.156,17.37,2.94,77.6,,,,1997.166,2450510.1,7.051
19.2999625,-9.23550556,J011711.9-091407,FITS,01 17 11.991,-09 14 07.82,0.014,1.63,1.12,0.159,0.0,0.0,69.1,,g,,1997.162,2450508.6,1.429
4.04969167,-9.23553056,J001611.9-091407,FITS,00 16 11.926,-09 14 07.91,0.765,1.04,0.58,0.15,0.0,0.0,107.7,,,,1997.162,2450508.6,1.854
337.0681375,-9.23554167,J222816.3-091407,FITS,22 28 16.353,-09 14 07.95,0.014,10.04,14.87,0.15,4.56,3.37,90.3,,s,,1997.261,2450544.9,0.394
343.68700417,-9.23573611,J225444.8-091408,FITS,22 54 44.881,-09 14 08.65,0.014,3.81,3.35,0.156,0.0,0.0,83.7,,,,1997.258,2450543.5,6.746
333.67050417,-9.23580278,J221440.9-091408,FITS,22 14 40.921,-09 14 08.89,0.014,2.91,2.78,0.139,1.64,0.0,87.7,,,,1997.251,2450541.2,9.874
10.4238875,-9.23607778,J004141.7-091409,FITS,00 41 41.733,-09 14 09.88,0.014,3.18,2.5,0.155,0.0,0.0,98.3,,,,1997.162,2450508.6,0.553
336.14435,-9.23629722,J222434.6-091410,FITS,22 24 34.644,-09 14 10.67,0.014,97.09,99.25,0.153,1.31,0.27,174.8,,s,,1997.26,2450544.5,0.445
9.98165417,-9.23634167,J003955.5-091410,FITS,00 39 55.597,-09 14 10.83,0.713,1.16,0.5,0.159,0.0,0.0,94.7,,,,1997.162,2450508.6,1.599
341.59877083,-9.23638333,J224623.7-091410,FITS,22 46 23.705,-09 14 10.98,0.014,8.33,18.23,0.147,9.17,3.09,88.9,,s,,1997.262,2450545.0,0.369
356.31369583,-9.23655,J234515.2-091411,FITS,23 45 15.287,-09 14 11.58,0.445,1.09,0.47,0.145,0.0,0.0,87.2,,,,1997.162,2450508.6,0.552
37.688975,-9.23658056,J023045.3-091411,FITS,02 30 45.354,-09 14 11.69,0.655,1.09,0.71,0.156,1.87,0.0,54.8,,g,,1997.162,2450508.7,1.365
19.04150417,-9.23667778,J011609.9-091412,FITS,01 16 09.961,-09 14 12.04,0.483,1.09,0.7,0.151,0.0,0.0,95.3,,g,,1997.162,2450508.6,1.818
341.60210833,-9.23689167,J224624.5-091412,FITS,22 46 24.506,-09 14 12.81,0.014,5.57,9.74,0.147,7.27,2.0,103.5,,,,1997.262,2450545.0,0.365
30.03134167,-9.23698056,J020007.5-091413,FITS,02 00 07.522,-09 14 13.13,0.014,2.28,2.01,0.143,1.7,0.0,81.8,,g,,1997.162,2450508.6,0.544
14.15575,-9.23700278,J005637.3-091413,FITS,00 56 37.380,-09 14 13.21,0.422,1.15,0.97,0.148,4.84,0.0,17.9,,g,,1997.162,2450508.7,0.563
40.79630417,-9.23701389,J024311.1-091413,FITS,02 43 11.113,-09 14 13.25,0.866,1.11,0.84,0.152,3.45,0.0,113.8,,,,1997.162,2450508.7,1.826
37.99690417,-9.23713611,J023159.2-091413,FITS,02 31 59.257,-09 14 13.69,0.014,169.29,172.48,0.156,1.19,0.33,0.6,,,,1997.162,2450508.7,1.685
356.8424375,-9.23718611,J234722.1-091413,FITS,23 47 22.185,-09 14 13.87,0.348,1.05,0.88,0.155,4.0,0.0,111.8,,s,,1997.162,2450508.5,1.166
41.08311667,-9.2372,J024419.9-091413,FITS,02 44 19.948,-09 14 13.92,0.721,1.05,1.22,0.159,5.63,0.0,95.7,,g,,1997.162,2450508.6,1.193
334.1721375,-9.23726667,J221641.3-091414,FITS,22 16 41.313,-09 14 14.16,0.014,2.89,3.14,0.147,3.18,0.0,96.3,,g,,1997.261,2450545.0,0.383
41.96330417,-9.23730833,J024751.1-091414,FITS,02 47 51.193,-09 14 14.31,0.014,6.47,6.81,0.15,2.3,0.0,133.2,,g,,1997.162,2450508.5,0.236
328.75870417,-9.237325,J215502.0-091414,FITS,21 55 02.089,-09 14 14.37,0.094,1.4,0.94,0.155,0.1,0.0,87.6,,g,,1997.172,2450512.3,10.155
357.154325,-9.23733611,J234837.0-091414,FITS,23 48 37.038,-09 14 14.41,0.014,3.61,3.74,0.155,2.97,0.0,129.1,,s,,1997.162,2450508.6,1.146
342.44270417,-9.23760278,J224946.2-091415,FITS,22 49 46.249,-09 14 15.37,0.014,1.36,0.89,0.147,0.0,0.0,23.7,,g,,1997.261,2450545.0,0.4
341.99605417,-9.23773611,J224759.0-091415,FITS,22 47 59.053,-09 14 15.85,0.014,2.75,2.59,0.145,1.43,0.0,105.2,,,,1997.26,2450544.3,0.301
22.43525833,-9.23779722,J012944.4-091416,FITS,01 29 44.462,-09 14 16.07,0.014,6.58,6.44,0.143,1.39,0.0,112.3,,s,,1997.162,2450508.6,0.556
3.39964167,-9.23787778,J001335.9-091416,FITS,00 13 35.914,-09 14 16.36,0.104,5.62,5.01,0.397,0.0,0.0,75.1,,,,1997.162,2450508.6,1.911
355.58253333,-9.23801111,J234219.8-091416,FITS,23 42 19.808,-09 14 16.84,0.417,1.08,1.24,0.148,8.24,0.0,51.3,,,,1997.162,2450508.6,0.564
341.9570875,-9.23801944,J224749.7-091416,FITS,22 47 49.701,-09 14 16.87,0.014,2.14,2.08,0.145,3.48,0.0,58.4,,g,,1997.26,2450544.4,0.332
343.03250417,-9.23809444,J225207.8-091417,FITS,22 52 07.801,-09 14 17.14,0.014,6.85,6.54,0.149,1.0,0.0,63.2,,,,1997.261,2450544.9,0.423
15.90542917,-9.23818611,J010337.3-091417,FITS,01 03 37.303,-09 14 17.47,0.482,1.05,0.77,0.153,3.13,0.0,61.8,,,,1997.162,2450508.6,1.146
13.06884583,-9.23819722,J005216.5-091417,FITS,00 52 16.523,-09 14 17.51,0.072,1.62,1.31,0.151,2.23,0.0,112.3,,,,1997.162,2450508.6,1.86
346.962225,-9.23871667,J230750.9-091419,FITS,23 07 50.934,-09 14 19.38,0.014,3.22,2.83,0.149,0.0,0.0,112.4,,g,,1997.25,2450540.8,12.533
331.89799167,-9.238775,J220735.5-091419,FITS,22 07 35.518,-09 14 19.59,0.034,4.99,4.42,0.455,0.77,0.0,89.8,,s,,1997.177,2450514.2,12.141
31.5309375,-9.23895556,J020607.4-091420,FITS,02 06 07.425,-09 14 20.24,0.527,1.18,0.46,0.145,0.0,0.0,89.8,,,,1997.162,2450508.6,0.553
356.9075,-9.23916667,J234737.8-091421,FITS,23 47 37.800,-09 14 21.00,0.014,2.18,1.74,0.149,0.0,0.0,103.6,,,,1997.162,2450508.6,0.571
335.603,-9.23925,J222224.7-091421,FITS,22 22 24.720,-09 14 21.30,0.014,1.78,1.3,0.148,2.14,0.0,101.6,,g,,1997.262,2450545.0,0.36
1.44511667,-9.23930556,J000546.8-091421,FITS,00 05 46.828,-09 14 21.50,0.014,1.68,1.06,0.145,0.0,0.0,105.1,,,,1997.162,2450508.6,0.561
42.68819583,-9.23954722,J025045.1-091422,FITS,02 50 45.167,-09 14 22.37,0.016,4.12,3.85,0.157,0.33,0.0,79.8,,,,1997.162,2450508.5,0.0
343.4485125,-9.23971667,J225347.6-091422,FITS,22 53 47.643,-09 14 22.98,0.014,3.82,4.74,0.144,4.12,0.0,88.5,,s,,1997.26,2450544.4,0.344
37.66374167,-9.23976389,J023039.2-091423,FITS,02 30 39.298,-09 14 23.15,0.507,1.27,0.56,0.155,0.0,0.0,93.2,,s,,1997.162,2450508.7,1.187
357.15714583,-9.23986389,J234837.7-091423,FITS,23 48 37.715,-09 14 23.51,0.014,5.62,5.29,0.155,0.0,0.0,65.7,,s,,1997.162,2450508.6,1.148
14.07067917,-9.23991944,J005616.9-091423,FITS,00 56 16.963,-09 14 23.71,0.508,1.22,0.67,0.156,0.0,0.0,89.3,,,,1997.162,2450508.6,1.28
13.1753875,-9.24004444,J005242.0-091424,FITS,00 52 42.093,-09 14 24.16,0.567,1.02,0.49,0.15,0.0,0.0,86.9,,s,,1997.162,2450508.7,1.844
337.60024583,-9.24007778,J223024.0-091424,FITS,22 30 24.059,-09 14 24.28,0.014,2.02,2.66,0.149,5.73,0.0,74.8,,s,,1997.26,2450544.4,0.401
39.3487625,-9.24019722,J023723.7-091424,FITS,02 37 23.703,-09 14 24.71,0.014,4.47,5.84,0.147,3.77,2.74,18.4,,g,,1997.162,2450508.7,1.874
37.96903333,-9.24023889,J023152.5-091424,FITS,02 31 52.568,-09 14 24.86,0.027,2.14,1.1,0.153,0.0,0.0,67.1,,,,1997.162,2450508.7,1.741
36.130025,-9.24026667,J022431.2-091424,FITS,02 24 31.206,-09 14 24.96,0.014,8.3,8.45,0.154,1.88,0.0,164.4,,,,1997.162,2450508.8,0.581
37.99584167,-9.24045,J023159.0-091425,FITS,02 31 59.002,-09 14 25.62,0.235,1.28,0.51,0.155,0.0,0.0,85.3,,s,,1997.162,2450508.7,1.649
2.08534167,-9.24045278,J000820.4-091425,FITS,00 08 20.482,-09 14 25.63,0.424,1.21,0.62,0.154,0.0,0.0,90.5,,,,1997.162,2450508.6,1.189
355.74770417,-9.24045278,J234259.4-091425,FITS,23 42 59.449,-09 14 25.63,0.551,1.1,0.76,0.157,2.55,0.0,93.8,,s,,1997.162,2450508.6,1.624
37.965375,-9.240775,J023151.6-091426,FITS,02 31 51.690,-09 14 26.79,0.797,1.07,0.47,0.152,0.0,0.0,91.0,,g,,1997.162,2450508.7,1.744
343.4462875,-9.2408,J225347.1-091426,FITS,22 53 47.109,-09 14 26.88,0.014,4.56,5.11,0.145,2.73,0.0,95.7,,,,1997.26,2450544.4,0.349
340.33745417,-9.24097222,J224120.9-091427,FITS,22 41 20.989,-09 14 27.50,0.014,28.9,32.64,0.153,2.59,1.68,174.6,,s,,1997.26,2450544.6,0.463
40.94568333,-9.24107778,J024346.9-091427,FITS,02 43 46.964,-09 14 27.88,0.719,1.1,1.02,0.151,7.27,0.0,58.0,,,,1997.162,2450508.7,1.789
347.85208333,-9.241225,J231124.5-091428,FITS,23 11 24.500,-09 14 28.41,0.433,1.07,0.5,0.154,0.0,0.0,102.6,,,,1997.257,2450543.3,7.064
344.7445875,-9.24130833,J225858.7-091428,FITS,22 58 58.701,-09 14 28.71,0.032,2.33,2.23,0.247,4.01,0.0,135.4,,g,,1997.252,2450541.4,11.573
23.97159167,-9.24134444,J013553.1-091428,FITS,01 35 53.182,-09 14 28.84,0.014,15.53,15.76,0.151,1.08,0.0,39.4,,s,,1997.162,2450508.6,0.563
9.50094167,-9.24136111,J003800.2-091428,FITS,00 38 00.226,-09 14 28.90,0.2,1.23,1.15,0.155,1.23,0.0,73.5,,g,,1997.162,2450508.6,1.618
354.41715833,-9.24143056,J233740.1-091429,FITS,23 37 40.118,-09 14 29.15,0.443,1.16,0.59,0.151,0.0,0.0,116.8,,,,1997.162,2450508.6,1.836
328.2437875,-9.24145833,J215258.5-091429,FITS,21 52 58.509,-09 14 29.25,0.014,7.38,11.57,0.153,6.21,1.95,61.1,,g,,1997.167,2450510.3,7.215
337.16545417,-9.24149167,J222839.7-091429,FITS,22 28 39.709,-09 14 29.37,0.413,1.0,0.8,0.149,2.84,0.0,100.3,,,,1997.262,2450545.0,0.368
9.91895833,-9.24151944,J003940.5-091429,FITS,00 39 40.550,-09 14 29.47,0.798,1.1,0.83,0.156,4.36,0.0,111.3,,,,1997.162,2450508.6,1.207
354.90627917,-9.24151944,J233937.5-091429,FITS,23 39 37.507,-09 14 29.47,0.014,143.78,198.54,0.155,5.59,0.63,38.6,,,,1997.162,2450508.6,1.133
335.2288875,-9.24153611,J222054.9-091429,FITS,22 20 54.933,-09 14 29.53,0.492,1.0,0.48,0.146,0.0,0.0,72.1,,,,1997.26,2450544.3,0.321
7.3471375,-9.24180833,J002923.3-091430,FITS,00 29 23.313,-09 14 30.51,0.865,1.03,0.51,0.155,0.0,0.0,85.2,,,,1997.166,2450510.1,10.871
9.90032917,-9.24208056,J003936.0-091431,FITS,00 39 36.079,-09 14 31.49,0.014,4.82,5.23,0.154,3.11,0.0,100.0,,s,,1997.162,2450508.6,1.095
328.24218333,-9.24212222,J215258.1-091431,FITS,21 52 58.124,-09 14 31.64,0.014,5.26,12.17,0.153,7.33,6.14,31.6,,s,,1997.167,2450510.3,7.198
354.86052083,-9.24213889,J233926.5-091431,FITS,23 39 26.525,-09 14 31.70,0.284,1.45,0.56,0.151,0.0,0.0,93.3,,,,1997.162,2450508.6,0.586
16.61840417,-9.24218333,J010628.4-091431,FITS,01 06 28.417,-09 14 31.86,0.014,1.48,0.9,0.153,0.0,0.0,113.8,,,,1997.162,2450508.7,0.585
344.1913875,-9.24251944,J225645.9-091433,FITS,22 56 45.933,-09 14 33.07,0.014,3.92,3.54,0.148,0.0,0.0,75.3,,g,,1997.26,2450544.4,0.357
342.61560833,-9.24266389,J225027.7-091433,FITS,22 50 27.746,-09 14 33.59,0.85,1.05,1.0,0.154,4.0,0.0,99.7,,g,,1997.26,2450544.5,0.443
37.25085833,-9.24269167,J022900.2-091433,FITS,02 29 00.206,-09 14 33.69,0.014,2.96,2.45,0.155,0.0,0.0,86.5,,g,,1997.162,2450508.7,1.602
349.5207125,-9.24276389,J231804.9-091433,FITS,23 18 04.971,-09 14 33.95,0.014,1.51,0.87,0.146,0.0,0.0,100.7,,,,1997.174,2450512.9,12.192
349.53189583,-9.24280278,J231807.6-091434,FITS,23 18 07.655,-09 14 34.09,0.014,10.86,11.42,0.146,2.08,0.0,117.5,,s,,1997.175,2450513.3,12.573
6.55045417,-9.24281667,J002612.1-091434,FITS,00 26 12.109,-09 14 34.14,0.306,1.23,0.62,0.157,0.0,0.0,117.6,,,,1997.162,2450508.6,1.372
16.3948125,-9.24290278,J010534.7-091434,FITS,01 05 34.755,-09 14 34.45,0.407,1.04,1.66,0.151,9.97,0.0,87.8,,,,1997.162,2450508.7,0.585
25.69663333,-9.24291944,J014247.1-091434,FITS,01 42 47.192,-09 14 34.51,0.014,21.6,22.85,0.159,2.06,0.53,159.2,,g,,1997.162,2450508.7,1.355
23.35084167,-9.24296667,J013324.2-091434,FITS,01 33 24.202,-09 14 34.68,0.014,2.14,1.86,0.173,1.62,0.0,98.7,,,,1997.162,2450508.7,0.586
336.75994167,-9.24311667,J222702.3-091435,FITS,22 27 02.386,-09 14 35.22,0.732,1.01,0.52,0.143,0.0,0.0,76.2,,,,1997.26,2450544.3,0.317
2.77994167,-9.24320833,J001107.1-091435,FITS,00 11 07.186,-09 14 35.55,0.014,1.73,1.19,0.159,0.0,0.0,104.6,,s,,1997.162,2450508.6,1.467
340.46671667,-9.2433,J224152.0-091435,FITS,22 41 52.012,-09 14 35.88,0.014,1.77,1.53,0.143,0.0,0.0,32.4,,,,1997.26,2450544.4,0.335
14.613025,-9.24350278,J005827.1-091436,FITS,00 58 27.126,-09 14 36.61,0.12,1.19,0.58,0.147,0.0,0.0,90.4,,,,1997.162,2450508.7,1.84
357.02815417,-9.24396111,J234806.7-091438,FITS,23 48 06.757,-09 14 38.26,0.215,1.16,0.59,0.145,0.0,0.0,78.6,,g,,1997.162,2450508.5,0.575
30.84635,-9.24400556,J020323.1-091438,FITS,02 03 23.124,-09 14 38.42,0.014,3.94,3.35,0.15,0.0,0.0,41.0,,,,1997.162,2450508.7,0.589
14.99020833,-9.24414444,J005957.6-091438,FITS,00 59 57.650,-09 14 38.92,0.014,2.19,2.57,0.144,4.11,0.0,81.7,,g,,1997.162,2450508.6,0.572
332.83224167,-9.2442,J221119.7-091439,FITS,22 11 19.738,-09 14 39.12,0.014,9.73,9.61,0.157,0.73,0.0,63.1,,,,1997.22,2450529.7,17.148
328.8478875,-9.24428056,J215523.4-091439,FITS,21 55 23.493,-09 14 39.41,0.014,9.67,9.5,0.148,0.79,0.0,77.7,,,,1997.173,2450512.8,10.622
41.121775,-9.24430278,J024429.2-091439,FITS,02 44 29.226,-09 14 39.49,0.014,4.04,3.87,0.159,0.0,0.0,76.6,,s,,1997.162,2450508.7,0.435
13.11439167,-9.24453333,J005227.4-091440,FITS,00 52 27.454,-09 14 40.32,0.072,1.34,1.04,0.149,3.07,0.0,91.7,,g,,1997.162,2450508.7,1.828
354.28911667,-9.244625,J233709.3-091440,FITS,23 37 09.388,-09 14 40.65,0.729,1.06,0.68,0.153,0.0,0.0,72.3,,s,,1997.162,2450508.6,1.706
330.95144167,-9.24468333,J220348.3-091440,FITS,22 03 48.346,-09 14 40.86,0.42,1.04,0.61,0.157,1.05,0.0,106.1,,s,,1997.168,2450510.8,7.95
39.34797917,-9.24479722,J023723.5-091441,FITS,02 37 23.515,-09 14 41.27,0.014,5.62,10.51,0.147,9.04,2.2,174.2,,,,1997.162,2450508.8,1.806
341.72247083,-9.24508889,J224653.3-091442,FITS,22 46 53.393,-09 14 42.32,0.801,1.07,1.72,0.15,8.77,0.0,82.9,,,,1997.261,2450544.9,0.417
15.14996667,-9.24510556,J010035.9-091442,FITS,01 00 35.992,-09 14 42.38,0.349,1.12,0.49,0.155,0.0,0.0,82.7,,,,1997.162,2450508.8,0.594
343.8904,-9.245125,J225533.6-091442,FITS,22 55 33.696,-09 14 42.45,0.175,1.78,1.75,0.147,5.74,0.0,54.0,,g,,1997.256,2450542.9,9.232
0.42573333,-9.24524444,J000142.1-091442,FITS,00 01 42.176,-09 14 42.88,0.707,1.04,1.34,0.151,7.5,0.0,76.5,,g,,1997.162,2450508.7,1.769
13.04715417,-9.24553056,J005211.3-091443,FITS,00 52 11.317,-09 14 43.91,0.072,1.39,1.59,0.151,4.65,0.0,125.6,,g,,1997.162,2450508.7,1.714
5.74104167,-9.24553333,J002257.8-091443,FITS,00 22 57.850,-09 14 43.92,0.014,1.56,1.5,0.154,3.91,0.0,86.9,,g,,1997.162,2450508.7,1.604
15.71884167,-9.24563056,J010252.5-091444,FITS,01 02 52.522,-09 14 44.27,0.014,3.02,3.28,0.144,3.61,0.0,134.1,,g,,1997.162,2450508.6,0.581
25.3735375,-9.24582778,J014129.6-091444,FITS,01 41 29.649,-09 14 44.98,0.226,1.12,2.63,0.166,7.11,6.5,141.7,,g,,1997.162,2450508.8,0.597
6.93939167,-9.24594722,J002745.4-091445,FITS,00 27 45.454,-09 14 45.41,0.576,1.05,0.71,0.155,2.09,0.0,115.0,,g,,1997.168,2450510.8,13.024
358.78225833,-9.24608333,J235507.7-091445,FITS,23 55 07.742,-09 14 45.90,0.332,1.12,0.58,0.153,0.0,0.0,107.9,,,,1997.162,2450508.7,1.669
9.10455417,-9.24610556,J003625.0-091445,FITS,00 36 25.093,-09 14 45.98,0.629,1.11,0.75,0.152,3.39,0.0,103.0,,g,,1997.162,2450508.7,0.597
351.00314583,-9.24629444,J232400.7-091446,FITS,23 24 00.755,-09 14 46.66,0.804,1.05,0.81,0.143,0.0,0.0,78.2,,,,1997.172,2450512.2,11.272
328.23560417,-9.24641944,J215256.5-091447,FITS,21 52 56.545,-09 14 47.11,0.014,5.99,11.04,0.152,7.1,3.48,52.6,,s,,1997.166,2450510.2,7.021
340.12825417,-9.24643333,J224030.7-091447,FITS,22 40 30.781,-09 14 47.16,0.336,1.05,0.56,0.143,0.0,0.0,89.8,,,,1997.262,2450545.0,0.353
7.17240833,-9.24655278,J002841.3-091447,FITS,00 28 41.378,-09 14 47.59,0.014,1.53,1.22,0.144,0.0,0.0,89.1,,s,,1997.174,2450513.1,18.442
13.96167917,-9.24668333,J005550.8-091448,FITS,00 55 50.803,-09 14 48.06,0.014,7.48,7.14,0.152,1.25,0.0,86.2,,,,1997.162,2450508.7,1.675
327.69562917,-9.24689167,J215046.9-091448,FITS,21 50 46.951,-09 14 48.81,0.014,1.82,2.79,0.158,6.46,1.64,139.4,,g,,1997.161,2450508.3,0.0
30.585725,-9.24701667,J020220.5-091449,FITS,02 02 20.574,-09 14 49.26,0.014,4.04,3.13,0.156,0.0,0.0,77.8,,,,1997.162,2450508.7,1.144
328.4131625,-9.24710833,J215339.1-091449,FITS,21 53 39.159,-09 14 49.59,0.136,1.18,0.74,0.157,0.98,0.0,97.4,,,,1997.161,2450508.4,0.358
11.4108375,-9.247325,J004538.6-091450,FITS,00 45 38.601,-09 14 50.37,0.014,1.68,1.82,0.155,6.84,0.0,143.0,,g,,1997.162,2450508.7,1.125
20.94975417,-9.24738333,J012347.9-091450,FITS,01 23 47.941,-09 14 50.58,0.014,1.43,1.09,0.147,1.08,0.0,96.5,,s,,1997.162,2450508.7,0.594
25.89237917,-9.24758889,J014334.1-091451,FITS,01 43 34.171,-09 14 51.32,0.014,2.79,2.61,0.148,2.88,0.0,92.2,,,,1997.162,2450508.8,1.775
352.31239167,-9.2476,J232914.9-091451,FITS,23 29 14.974,-09 14 51.36,0.66,1.08,0.57,0.158,0.0,0.0,89.1,,,,1997.166,2450510.0,7.31
0.76524167,-9.24771389,J000303.6-091451,FITS,00 03 03.658,-09 14 51.77,0.586,1.01,0.5,0.146,0.0,0.0,76.7,,,,1997.162,2450508.5,0.58
336.58795417,-9.24776944,J222621.1-091451,FITS,22 26 21.109,-09 14 51.97,0.66,1.04,0.38,0.153,0.0,0.0,90.1,,,,1997.26,2450544.6,0.467
343.98919583,-9.24788611,J225557.4-091452,FITS,22 55 57.407,-09 14 52.39,0.429,1.02,0.48,0.153,0.0,0.0,63.8,,,,1997.257,2450543.3,7.997
3.97466667,-9.24798333,J001553.9-091452,FITS,00 15 53.920,-09 14 52.74,0.014,7.71,7.64,0.157,1.68,0.0,47.7,,,,1997.162,2450508.6,1.438
36.8467375,-9.248125,J022723.2-091453,FITS,02 27 23.217,-09 14 53.25,0.014,2.55,2.47,0.151,3.33,0.0,98.8,,g,,1997.162,2450508.8,0.602
338.74015,-9.248475,J223457.6-091454,FITS,22 34 57.636,-09 14 54.51,0.014,1.93,1.63,0.152,0.0,0.0,76.5,,,,1997.261,2450544.9,0.431
340.31080417,-9.24855833,J224114.5-091454,FITS,22 41 14.593,-09 14 54.81,0.575,1.08,0.47,0.154,0.0,0.0,84.0,,,,1997.261,2450544.7,0.474
359.3090125,-9.24868889,J235714.1-091455,FITS,23 57 14.163,-09 14 55.28,0.081,3.2,2.84,0.144,1.82,0.0,89.8,,,,1997.162,2450508.6,0.601
31.811225,-9.248725,J020714.6-091455,FITS,02 07 14.694,-09 14 55.41,0.809,1.0,0.68,0.15,0.0,0.0,114.7,,,,1997.162,2450508.8,1.697
345.65163333,-9.24873333,J230236.3-091455,FITS,23 02 36.392,-09 14 55.44,0.495,1.01,0.66,0.149,1.54,0.0,113.6,,,,1997.26,2450544.5,0.412
34.37910833,-9.24894444,J021730.9-091456,FITS,02 17 30.986,-09 14 56.20,0.647,1.04,0.82,0.157,3.97,0.0,122.9,,,,1997.162,2450508.8,0.608
334.6350875,-9.24923333,J221832.4-091457,FITS,22 18 32.421,-09 14 57.24,0.241,1.1,0.82,0.155,2.3,0.0,117.3,,,,1997.26,2450544.5,0.451
341.78865417,-9.24949167,J224709.2-091458,FITS,22 47 09.277,-09 14 58.17,0.014,1.67,3.48,0.154,10.21,0.0,94.6,,g,,1997.261,2450544.8,0.468
34.8843625,-9.249525,J021932.2-091458,FITS,02 19 32.247,-09 14 58.29,0.014,1.37,0.76,0.146,0.0,0.0,91.2,,g,,1997.163,2450508.8,1.754
38.34704583,-9.24958889,J023323.2-091458,FITS,02 33 23.291,-09 14 58.52,0.014,3.55,2.94,0.16,0.0,0.0,80.6,,,,1997.162,2450508.8,0.608
9.384175,-9.24966389,J003732.2-091458,FITS,00 37 32.202,-09 14 58.79,0.517,1.12,0.64,0.147,1.36,0.0,71.5,,,,1997.162,2450508.8,1.752
339.85359167,-9.24985833,J223924.8-091459,FITS,22 39 24.862,-09 14 59.49,0.014,1.34,0.9,0.149,0.0,0.0,147.0,,g,,1997.26,2450544.5,0.42
8.64285,-9.25008333,J003434.2-091500,FITS,00 34 34.284,-09 15 00.30,0.493,1.04,0.43,0.148,0.0,0.0,95.4,,s,,1997.162,2450508.8,1.739
24.20045833,-9.25016944,J013648.1-091500,FITS,01 36 48.110,-09 15 00.61,0.014,2.76,2.18,0.156,0.0,0.0,89.5,,g,,1997.162,2450508.8,1.31
37.11019583,-9.25020278,J022826.4-091500,FITS,02 28 26.447,-09 15 00.73,0.014,2.18,2.17,0.146,3.42,0.0,66.9,,g,,1997.163,2450508.9,1.74
9.94882083,-9.25024722,J003947.7-091500,FITS,00 39 47.717,-09 15 00.89,0.67,1.15,0.42,0.157,0.0,0.0,92.3,,g,,1997.162,2450508.7,1.302
37.112575,-9.25025833,J022827.0-091500,FITS,02 28 27.018,-09 15 00.93,0.352,1.09,0.62,0.147,0.0,0.0,79.5,,g,,1997.163,2450508.9,1.741
25.89937083,-9.25054444,J014335.8-091501,FITS,01 43 35.849,-09 15 01.96,0.014,4.97,4.53,0.148,0.63,0.0,89.8,,,,1997.162,2450508.8,1.726
354.45991667,-9.25056111,J233750.3-091502,FITS,23 37 50.380,-09 15 02.02,0.719,1.12,0.77,0.152,2.07,0.0,86.4,,,,1997.162,2450508.7,1.629
356.17679167,-9.25063333,J234442.4-091502,FITS,23 44 42.430,-09 15 02.28,0.274,1.01,0.66,0.148,2.36,0.0,84.6,,g,,1997.162,2450508.6,0.611
32.130825,-9.25072778,J020831.3-091502,FITS,02 08 31.398,-09 15 02.62,0.6,1.19,0.58,0.154,0.0,0.0,106.9,,s,,1997.162,2450508.8,0.613
356.7019625,-9.25076389,J234648.4-091502,FITS,23 46 48.471,-09 15 02.75,0.226,1.16,0.69,0.149,0.0,0.0,80.4,,,,1997.162,2450508.7,1.644
39.46805417,-9.25095278,J023752.3-091503,FITS,02 37 52.333,-09 15 03.43,0.014,15.38,15.34,0.15,0.7,0.0,12.6,,,,1997.163,2450508.8,1.603
18.4386625,-9.25119722,J011345.2-091504,FITS,01 13 45.279,-09 15 04.31,0.014,1.53,1.1,0.147,0.0,0.0,139.3,,,,1997.162,2450508.8,1.663
34.35412083,-9.25131667,J021724.9-091504,FITS,02 17 24.989,-09 15 04.74,0.513,1.1,0.82,0.16,2.23,0.0,56.7,,,,1997.163,2450508.9,0.609
7.2805,-9.25131944,J002907.3-091504,FITS,00 29 07.320,-09 15 04.75,0.214,1.04,1.0,0.156,4.81,0.0,77.4,,,,1997.169,2450511.3,14.345
15.05929167,-9.25158333,J010014.2-091505,FITS,01 00 14.230,-09 15 05.70,0.094,1.45,1.18,0.146,2.38,0.0,93.4,,,,1997.162,2450508.7,0.614
17.6804875,-9.25171111,J011043.3-091506,FITS,01 10 43.317,-09 15 06.16,0.618,1.0,0.73,0.146,4.51,0.0,69.8,,,,1997.162,2450508.8,1.669
35.44339583,-9.25205278,J022146.4-091507,FITS,02 21 46.415,-09 15 07.39,0.228,1.1,0.72,0.154,0.0,0.0,62.9,,,,1997.162,2450508.8,1.26
5.65950833,-9.25205556,J002238.2-091507,FITS,00 22 38.282,-09 15 07.40,0.014,8.03,9.07,0.147,3.17,0.0,43.5,,,,1997.162,2450508.8,1.694
352.78900833,-9.25205833,J233109.3-091507,FITS,23 31 09.362,-09 15 07.41,0.014,2.94,2.81,0.151,3.76,0.0,87.0,,g,,1997.162,2450508.7,1.607
14.90961667,-9.25208611,J005938.3-091507,FITS,00 59 38.308,-09 15 07.51,0.014,2.76,3.01,0.149,4.88,0.0,86.4,,g,,1997.162,2450508.7,0.618
29.70042083,-9.25213889,J015848.1-091507,FITS,01 58 48.101,-09 15 07.70,0.014,2.65,2.12,0.15,0.0,0.0,42.1,,,,1997.163,2450508.8,1.626
26.5739,-9.25220833,J014617.7-091507,FITS,01 46 17.736,-09 15 07.95,0.014,1.45,1.41,0.147,2.44,0.0,115.5,,,,1997.163,2450508.8,1.669
22.41447083,-9.25232778,J012939.4-091508,FITS,01 29 39.473,-09 15 08.38,0.07,1.15,1.3,0.146,6.12,0.0,143.3,,,,1997.162,2450508.7,0.618
352.52867917,-9.25233056,J233006.8-091508,FITS,23 30 06.883,-09 15 08.39,0.175,1.21,1.07,0.147,5.12,0.0,69.5,,,,1997.171,2450511.9,10.9
36.27499167,-9.25260556,J022505.9-091509,FITS,02 25 05.998,-09 15 09.38,0.269,1.04,1.28,0.151,5.67,0.0,119.4,,s,,1997.163,2450508.8,1.564
359.28901667,-9.252875,J235709.3-091510,FITS,23 57 09.364,-09 15 10.35,0.014,14.79,15.49,0.144,2.06,0.0,82.6,,,,1997.162,2450508.6,0.617
31.83223333,-9.252975,J020719.7-091510,FITS,02 07 19.736,-09 15 10.71,0.781,1.09,0.55,0.148,0.0,0.0,97.4,,,,1997.163,2450508.9,1.67
31.54270833,-9.25315556,J020610.2-091511,FITS,02 06 10.250,-09 15 11.36,0.605,1.27,0.51,0.147,0.0,0.0,90.1,,,,1997.162,2450508.7,0.618
31.1491625,-9.25324444,J020435.7-091511,FITS,02 04 35.799,-09 15 11.68,0.877,1.02,0.46,0.148,0.0,0.0,89.7,,,,1997.163,2450508.9,1.686
353.79884583,-9.25333611,J233511.7-091512,FITS,23 35 11.723,-09 15 12.01,0.032,2.98,2.18,0.329,0.0,0.0,88.0,,,,1997.162,2450508.7,1.286
333.07482083,-9.25346667,J221217.9-091512,FITS,22 12 17.957,-09 15 12.48,0.56,1.11,0.54,0.146,0.0,0.0,73.4,,,,1997.245,2450539.1,12.31
330.12082083,-9.25350833,J220028.9-091512,FITS,22 00 28.997,-09 15 12.63,0.014,2.69,4.97,0.153,10.68,0.0,156.6,,g,,1997.162,2450508.7,0.625
23.56921667,-9.25400556,J013416.6-091514,FITS,01 34 16.612,-09 15 14.42,0.014,13.21,13.95,0.239,1.83,0.22,92.8,,g,,1997.163,2450508.8,1.637
5.65903333,-9.25408056,J002238.1-091514,FITS,00 22 38.168,-09 15 14.69,0.014,7.48,9.79,0.147,4.05,2.54,3.3,,g,,1997.162,2450508.8,1.665
5.09733333,-9.25430278,J002023.3-091515,FITS,00 20 23.360,-09 15 15.49,0.014,27.01,27.43,0.159,1.32,0.0,112.5,,s,,1997.163,2450508.8,0.611
10.096525,-9.25430278,J004023.1-091515,FITS,00 40 23.166,-09 15 15.49,0.014,2.82,3.39,0.149,4.02,0.0,91.4,,,,1997.162,2450508.8,1.668
25.91525417,-9.25431111,J014339.6-091515,FITS,01 43 39.661,-09 15 15.52,0.014,1.35,1.15,0.147,1.88,0.0,71.6,,g,,1997.163,2450508.9,1.654
31.71737917,-9.25433889,J020652.1-091515,FITS,02 06 52.171,-09 15 15.62,0.014,23.29,25.5,0.156,2.2,1.32,136.5,,,,1997.163,2450508.8,1.348
328.04469167,-9.25443611,J215210.7-091515,FITS,21 52 10.726,-09 15 15.97,0.22,1.11,0.79,0.148,3.09,0.0,96.7,,,,1997.167,2450510.3,6.853
24.9093625,-9.25455556,J013938.2-091516,FITS,01 39 38.247,-09 15 16.40,0.014,3.0,2.52,0.171,0.0,0.0,166.9,,g,,1997.163,2450508.9,0.607
28.05582917,-9.25466111,J015213.3-091516,FITS,01 52 13.399,-09 15 16.78,0.014,7.68,10.7,0.178,5.24,1.16,59.7,,,,1997.163,2450508.9,1.605
330.20629167,-9.25466389,J220049.5-091516,FITS,22 00 49.510,-09 15 16.79,0.081,1.71,1.31,0.156,2.0,0.0,84.0,,,,1997.167,2450510.6,7.406
359.28273333,-9.25469722,J235707.8-091516,FITS,23 57 07.856,-09 15 16.91,0.088,1.45,1.44,0.144,2.91,0.0,30.4,,s,,1997.162,2450508.6,0.625
355.16440833,-9.25470278,J234039.4-091516,FITS,23 40 39.458,-09 15 16.93,0.628,1.01,0.72,0.148,1.56,0.0,116.5,,,,1997.162,2450508.8,1.651
18.64058333,-9.25473056,J011433.7-091517,FITS,01 14 33.740,-09 15 17.03,0.014,6.47,6.03,0.15,0.0,0.0,113.0,,s,,1997.162,2450508.8,0.626
354.42909583,-9.25477778,J233742.9-091517,FITS,23 37 42.983,-09 15 17.20,0.801,1.06,1.3,0.149,4.3,0.0,43.2,,,,1997.162,2450508.8,1.63
25.91371667,-9.25498056,J014339.2-091517,FITS,01 43 39.292,-09 15 17.93,0.095,1.09,1.18,0.147,7.5,0.0,99.9,,g,,1997.163,2450508.9,1.647
359.25104583,-9.255,J235700.2-091518,FITS,23 57 00.251,-09 15 18.00,0.194,1.08,0.72,0.145,2.23,0.0,70.4,,,,1997.162,2450508.6,0.623
338.58255833,-9.25501389,J223419.8-091518,FITS,22 34 19.814,-09 15 18.05,0.014,3.43,4.51,0.146,4.59,1.15,119.5,,,,1997.262,2450545.0,0.343
31.55348333,-9.25517222,J020612.8-091518,FITS,02 06 12.836,-09 15 18.62,0.787,1.07,0.64,0.148,2.1,0.0,98.3,,,,1997.162,2450508.7,0.628
359.23758333,-9.255225,J235657.0-091518,FITS,23 56 57.020,-09 15 18.81,0.117,1.26,0.61,0.147,0.0,0.0,62.9,,,,1997.162,2450508.6,0.619
358.22328333,-9.25544444,J235253.5-091519,FITS,23 52 53.588,-09 15 19.60,0.289,1.03,1.07,0.151,7.17,0.0,91.3,,g,,1997.162,2450508.7,1.532
331.11761667,-9.2555,J220428.2-091519,FITS,22 04 28.228,-09 15 19.80,0.428,1.06,1.13,0.147,8.59,0.0,54.3,,s,,1997.172,2450512.2,9.739
35.61705,-9.25550556,J022228.0-091519,FITS,02 22 28.092,-09 15 19.82,0.325,1.0,0.77,0.145,2.44,0.0,101.9,,,,1997.163,2450508.9,1.667
28.05119167,-9.25573056,J015212.2-091520,FITS,01 52 12.286,-09 15 20.63,0.014,2.91,4.7,0.18,8.39,0.0,81.7,,,,1997.163,2450508.9,1.582
6.24935,-9.25586111,J002459.8-091521,FITS,00 24 59.844,-09 15 21.10,0.382,1.06,0.56,0.154,0.0,0.0,79.9,,,,1997.162,2450508.7,1.446
19.93580417,-9.25592222,J011944.5-091521,FITS,01 19 44.593,-09 15 21.32,0.014,5.4,5.03,0.148,0.0,0.0,125.9,,g,,1997.163,2450508.8,1.603
328.19090833,-9.25594722,J215245.8-091521,FITS,21 52 45.818,-09 15 21.41,0.247,1.07,0.59,0.147,0.0,0.0,103.0,,,,1997.167,2450510.3,6.876
10.09914167,-9.25595278,J004023.7-091521,FITS,00 40 23.794,-09 15 21.43,0.014,13.02,20.85,0.149,5.91,2.74,111.9,,g,,1997.162,2450508.8,1.647
346.6884125,-9.25631111,J230645.2-091522,FITS,23 06 45.219,-09 15 22.72,0.014,24.98,25.19,0.154,0.75,0.3,165.5,,,,1997.257,2450543.2,7.891
340.3447875,-9.25643889,J224122.7-091523,FITS,22 41 22.749,-09 15 23.18,0.418,1.06,0.63,0.155,0.0,0.0,19.2,,,,1997.261,2450544.6,0.469
18.59172917,-9.256675,J011422.0-091524,FITS,01 14 22.015,-09 15 24.03,0.014,1.67,0.96,0.156,0.0,0.0,82.5,,g,,1997.163,2450508.9,0.611
5.31875417,-9.25676389,J002116.5-091524,FITS,00 21 16.501,-09 15 24.35,0.357,1.02,1.01,0.151,6.79,0.0,89.0,,,,1997.162,2450508.7,0.635
341.62485,-9.25680556,J224629.9-091524,FITS,22 46 29.964,-09 15 24.50,0.608,1.08,0.61,0.142,0.0,0.0,103.6,,,,1997.262,2450545.0,0.331
330.43225417,-9.25688889,J220143.7-091524,FITS,22 01 43.741,-09 15 24.80,0.361,1.03,0.49,0.148,0.0,0.0,92.9,,,,1997.171,2450511.9,9.331
339.82915417,-9.25703611,J223918.9-091525,FITS,22 39 18.997,-09 15 25.33,0.101,1.34,1.03,0.148,4.84,0.0,129.6,,g,,1997.26,2450544.4,0.406
338.60865417,-9.25706944,J223426.0-091525,FITS,22 34 26.077,-09 15 25.45,0.639,1.04,0.65,0.145,2.03,0.0,65.7,,s,,1997.262,2450545.0,0.316
359.5126,-9.25710278,J235803.0-091525,FITS,23 58 03.024,-09 15 25.57,0.293,1.2,0.49,0.152,0.0,0.0,89.9,,g,,1997.162,2450508.8,1.473
333.37755,-9.2572,J221330.6-091525,FITS,22 13 30.612,-09 15 25.92,0.014,264.81,270.77,0.113,1.11,0.54,57.4,,s,,1997.219,2450529.5,17.64
20.504225,-9.25721111,J012201.0-091525,FITS,01 22 01.014,-09 15 25.96,0.44,1.06,0.52,0.154,0.0,0.0,78.7,,,,1997.162,2450508.8,1.446
344.188075,-9.25758333,J225645.1-091527,FITS,22 56 45.138,-09 15 27.30,0.014,2.17,1.49,0.15,0.0,0.0,100.3,,,,1997.26,2450544.4,0.39
5.85957917,-9.25767778,J002326.2-091527,FITS,00 23 26.299,-09 15 27.64,0.014,11.63,20.91,0.156,7.61,2.13,65.9,,,,1997.162,2450508.8,0.625
346.76036667,-9.25767778,J230702.4-091527,FITS,23 07 02.488,-09 15 27.64,0.569,1.03,0.53,0.15,0.0,0.0,87.6,,,,1997.254,2450542.3,10.156
345.01268333,-9.25773889,J230003.0-091527,FITS,23 00 03.044,-09 15 27.86,0.014,7.87,10.03,0.149,5.35,0.0,131.4,,g,,1997.26,2450544.4,0.352
12.98265417,-9.25777222,J005155.8-091527,FITS,00 51 55.837,-09 15 27.98,0.506,1.1,0.67,0.157,1.85,0.0,67.2,,,,1997.162,2450508.8,1.366
41.06379167,-9.25797778,J024415.3-091528,FITS,02 44 15.310,-09 15 28.72,0.73,1.07,0.51,0.161,0.0,0.0,71.3,,,,1997.162,2450508.8,1.15
39.34235833,-9.25809722,J023722.1-091529,FITS,02 37 22.166,-09 15 29.15,0.014,1.32,1.17,0.145,4.25,0.0,59.6,,,,1997.163,2450508.9,1.61
10.10265,-9.25827222,J004024.6-091529,FITS,00 40 24.636,-09 15 29.78,0.014,43.58,76.52,0.149,6.38,3.68,128.1,,,,1997.163,2450508.8,1.617
4.1259,-9.25841944,J001630.2-091530,FITS,00 16 30.216,-09 15 30.31,0.786,1.01,1.09,0.143,4.92,0.0,170.2,,s,,1997.162,2450508.8,1.609
34.73424167,-9.25857778,J021856.2-091530,FITS,02 18 56.218,-09 15 30.88,0.63,1.1,1.33,0.155,4.83,0.0,18.9,,,,1997.163,2450508.8,1.362
21.02415,-9.25860833,J012405.7-091530,FITS,01 24 05.796,-09 15 30.99,0.014,1.23,1.92,0.148,5.46,3.2,52.8,,s,,1997.162,2450508.7,0.641
14.1973,-9.25864167,J005647.3-091531,FITS,00 56 47.352,-09 15 31.11,0.014,12.01,11.9,0.147,1.1,0.0,108.7,,s,,1997.162,2450508.7,0.643
352.60007917,-9.25868611,J233024.0-091531,FITS,23 30 24.019,-09 15 31.27,0.319,1.07,0.87,0.152,3.55,0.0,109.6,,,,1997.171,2450511.9,10.606
354.8159375,-9.25906111,J233915.8-091532,FITS,23 39 15.825,-09 15 32.62,0.849,1.06,0.62,0.148,0.0,0.0,114.0,,,,1997.162,2450508.6,0.645
12.68352083,-9.25918056,J005044.0-091533,FITS,00 50 44.045,-09 15 33.05,0.558,1.04,0.71,0.153,0.67,0.0,100.6,,,,1997.162,2450508.7,0.645
24.92702083,-9.259225,J013942.4-091533,FITS,01 39 42.485,-09 15 33.21,0.208,1.55,1.05,0.172,1.56,0.0,65.7,,,,1997.162,2450508.8,1.13
5.257725,-9.25956667,J002101.8-091534,FITS,00 21 01.854,-09 15 34.44,0.25,1.09,1.31,0.15,6.65,0.0,94.8,,s,,1997.162,2450508.6,0.645
37.91908333,-9.25960556,J023140.5-091534,FITS,02 31 40.580,-09 15 34.58,0.014,2.37,2.86,0.146,4.97,0.0,126.8,,s,,1997.163,2450508.9,1.576
40.77932917,-9.25963333,J024307.0-091534,FITS,02 43 07.039,-09 15 34.68,0.272,1.2,0.66,0.151,0.0,0.0,90.5,,,,1997.163,2450508.9,1.484
37.35839583,-9.25980833,J022926.0-091535,FITS,02 29 26.015,-09 15 35.31,0.708,1.05,0.67,0.156,0.0,0.0,39.4,,s,,1997.163,2450508.9,0.629
338.82531667,-9.25990278,J223518.0-091535,FITS,22 35 18.076,-09 15 35.65,0.014,2.14,1.63,0.158,0.0,0.0,94.2,,g,,1997.261,2450544.7,0.473
346.450525,-9.26045833,J230548.1-091537,FITS,23 05 48.126,-09 15 37.65,0.014,2.85,2.4,0.146,0.0,0.0,108.2,,s,,1997.26,2450544.4,0.385
22.2885875,-9.26053889,J012909.2-091537,FITS,01 29 09.261,-09 15 37.94,0.014,2.26,1.98,0.152,2.09,0.0,119.6,,g,,1997.163,2450508.8,1.263
327.75899167,-9.26059167,J215102.1-091538,FITS,21 51 02.158,-09 15 38.13,0.016,1.24,0.8,0.156,0.0,0.0,129.1,,,,1997.161,2450508.3,0.207
19.60892083,-9.26063333,J011826.1-091538,FITS,01 18 26.141,-09 15 38.28,0.492,1.08,0.53,0.153,0.0,0.0,87.4,,,,1997.162,2450508.8,0.646
5.85762083,-9.26094167,J002325.8-091539,FITS,00 23 25.829,-09 15 39.39,0.014,2.98,14.07,0.156,12.06,10.67,170.8,,,,1997.163,2450508.8,0.632
357.36055,-9.26126389,J234926.5-091540,FITS,23 49 26.532,-09 15 40.55,0.014,8.92,16.78,0.147,7.13,3.91,143.0,,,,1997.163,2450508.8,1.581
352.51128333,-9.26131389,J233002.7-091540,FITS,23 30 02.708,-09 15 40.73,0.014,10.43,21.67,0.148,10.03,2.7,1.9,,,,1997.173,2450512.7,11.827
38.41357083,-9.26139444,J023339.2-091541,FITS,02 33 39.257,-09 15 41.02,0.06,2.64,1.98,0.179,0.0,0.0,68.0,,g,,1997.163,2450509.0,0.615
347.19243333,-9.26154444,J230846.1-091541,FITS,23 08 46.184,-09 15 41.56,0.014,4.88,4.37,0.149,0.0,0.0,99.3,,g,,1997.26,2450544.4,0.394
31.79081667,-9.26177778,J020709.7-091542,FITS,02 07 09.796,-09 15 42.40,0.688,1.12,0.62,0.15,0.0,0.0,93.8,,g,,1997.163,2450508.9,1.482
338.8177125,-9.26228333,J223516.2-091544,FITS,22 35 16.251,-09 15 44.22,0.574,1.09,0.61,0.155,0.0,0.0,95.5,,,,1997.261,2450544.7,0.474
347.69969583,-9.26235278,J231047.9-091544,FITS,23 10 47.927,-09 15 44.47,0.014,27.17,40.53,0.146,5.65,2.36,140.1,,,,1997.254,2450542.3,10.404
346.51003333,-9.26238056,J230602.4-091544,FITS,23 06 02.408,-09 15 44.57,0.571,1.0,1.24,0.146,7.2,0.0,61.8,,s,,1997.26,2450544.4,0.361
28.48441667,-9.26243889,J015356.2-091544,FITS,01 53 56.260,-09 15 44.78,0.014,3.73,3.32,0.145,0.88,0.0,109.8,,,,1997.162,2450508.7,0.659
1.99636667,-9.26248333,J000759.1-091544,FITS,00 07 59.128,-09 15 44.94,0.729,1.08,0.7,0.152,1.97,0.0,50.9,,,,1997.162,2450508.8,1.382
34.431025,-9.26250556,J021743.4-091545,FITS,02 17 43.446,-09 15 45.02,0.137,1.17,1.31,0.156,4.5,0.0,47.9,,,,1997.162,2450508.8,0.659
342.04476667,-9.26256389,J224810.7-091545,FITS,22 48 10.744,-09 15 45.23,0.09,1.59,0.76,0.148,0.0,0.0,87.5,,s,,1997.26,2450544.4,0.386
28.61680833,-9.26261389,J015428.0-091545,FITS,01 54 28.034,-09 15 45.41,0.42,1.01,0.72,0.151,2.31,0.0,121.7,,g,,1997.163,2450508.8,0.65
10.376175,-9.26279722,J004130.2-091546,FITS,00 41 30.282,-09 15 46.07,0.014,3.44,3.49,0.167,2.14,0.0,133.1,,g,,1997.162,2450508.8,0.647
36.18672083,-9.26282778,J022444.8-091546,FITS,02 24 44.813,-09 15 46.18,0.014,3.65,7.63,0.156,10.81,0.0,94.1,,,,1997.163,2450508.9,1.145
351.3625,-9.26299722,J232527.0-091546,FITS,23 25 27.000,-09 15 46.79,0.014,4.3,8.63,0.1,9.15,2.72,32.1,,g,,1997.206,2450524.8,18.323
333.49639167,-9.26310278,J221359.1-091547,FITS,22 13 59.134,-09 15 47.17,0.014,4.75,4.61,0.125,0.0,0.0,116.0,,,,1997.225,2450531.8,17.075
28.63790417,-9.26312222,J015433.0-091547,FITS,01 54 33.097,-09 15 47.24,0.014,2.02,1.35,0.154,0.0,0.0,58.4,,g,,1997.163,2450508.9,0.64
28.67579583,-9.26314722,J015442.1-091547,FITS,01 54 42.191,-09 15 47.33,0.444,1.05,0.74,0.157,1.76,0.0,41.6,,,,1997.163,2450509.0,0.604
333.81745,-9.26317778,J221516.1-091547,FITS,22 15 16.188,-09 15 47.44,0.014,3.14,2.85,0.144,0.0,0.0,118.7,,g,,1997.255,2450542.5,7.764
37.1065875,-9.26330556,J022825.5-091547,FITS,02 28 25.581,-09 15 47.90,0.014,1.92,2.07,0.145,3.43,0.0,62.0,,g,,1997.163,2450509.0,1.549
11.95162083,-9.26366389,J004748.3-091549,FITS,00 47 48.389,-09 15 49.19,0.143,1.3,0.87,0.151,0.0,0.0,23.1,,g,,1997.162,2450508.7,0.664
335.207325,-9.2637,J222049.7-091549,FITS,22 20 49.758,-09 15 49.32,0.014,2.22,1.85,0.149,0.0,0.0,101.5,,g,,1997.26,2450544.4,0.386
5.85003333,-9.26371389,J002324.0-091549,FITS,00 23 24.008,-09 15 49.37,0.014,15.63,40.67,0.157,11.3,3.64,56.1,,,,1997.163,2450508.9,0.632
352.510625,-9.26402222,J233002.5-091550,FITS,23 30 02.550,-09 15 50.48,0.014,36.27,49.52,0.149,5.16,1.7,27.9,,g,,1997.174,2450512.9,12.081
329.10744583,-9.26411944,J215625.7-091550,FITS,21 56 25.787,-09 15 50.83,0.413,1.08,0.65,0.163,1.93,0.0,102.7,,s,,1997.162,2450508.6,0.477
27.61643333,-9.26415556,J015027.9-091550,FITS,01 50 27.944,-09 15 50.96,0.014,13.12,13.46,0.3,1.66,0.0,143.4,,,,1997.163,2450508.9,0.645
29.18202917,-9.264375,J015643.6-091551,FITS,01 56 43.687,-09 15 51.75,0.032,1.24,1.45,0.149,7.32,0.0,79.7,,,,1997.162,2450508.8,0.666
25.90054583,-9.26439444,J014336.1-091551,FITS,01 43 36.131,-09 15 51.82,0.014,2.74,2.35,0.146,0.0,0.0,99.4,,,,1997.163,2450509.0,1.528
341.73017917,-9.26459722,J224655.2-091552,FITS,22 46 55.243,-09 15 52.55,0.014,2.6,2.53,0.149,2.34,0.0,59.8,,g,,1997.261,2450545.0,0.397
357.24505,-9.264675,J234858.8-091552,FITS,23 48 58.812,-09 15 52.83,0.24,1.13,2.45,0.155,12.46,0.0,82.9,,s,,1997.162,2450508.8,1.331
340.15837917,-9.26493889,J224038.0-091553,FITS,22 40 38.011,-09 15 53.78,0.285,1.01,0.72,0.142,1.34,0.0,73.8,,,,1997.262,2450545.0,0.313
31.02678333,-9.26498889,J020406.4-091553,FITS,02 04 06.428,-09 15 53.96,0.014,17.77,75.74,0.152,15.31,7.05,178.1,,g,,1997.163,2450508.9,1.41
36.19785,-9.26501111,J022447.4-091554,FITS,02 24 47.484,-09 15 54.04,0.014,3.13,5.39,0.156,6.5,3.5,31.4,,,,1997.163,2450508.9,1.172
10.90123333,-9.26507778,J004336.2-091554,FITS,00 43 36.296,-09 15 54.28,0.643,1.06,1.06,0.147,1.88,0.0,163.5,,,,1997.163,2450508.9,1.518
355.6264125,-9.26526111,J234230.3-091554,FITS,23 42 30.339,-09 15 54.94,0.695,1.1,0.76,0.156,3.36,0.0,73.6,,,,1997.162,2450508.8,0.654
347.70182083,-9.26534722,J231048.4-091555,FITS,23 10 48.437,-09 15 55.25,0.014,42.6,53.22,0.146,3.59,2.22,145.6,,,,1997.255,2450542.5,10.088
359.54526667,-9.26571111,J235810.8-091556,FITS,23 58 10.864,-09 15 56.56,0.014,3.27,3.0,0.148,0.0,0.0,41.9,,s,,1997.163,2450508.9,1.44
29.72114583,-9.26599167,J015853.0-091557,FITS,01 58 53.075,-09 15 57.57,0.014,1.84,1.28,0.151,0.0,0.0,89.9,,g,,1997.163,2450508.9,1.401
36.1591,-9.26601111,J022438.1-091557,FITS,02 24 38.184,-09 15 57.64,0.65,1.1,2.9,0.158,12.36,2.31,84.5,,,,1997.163,2450509.0,0.627
357.36612917,-9.26616944,J234927.8-091558,FITS,23 49 27.871,-09 15 58.21,0.014,2.13,2.39,0.146,3.51,0.0,92.4,,,,1997.163,2450508.9,1.515
359.52805417,-9.26619722,J235806.7-091558,FITS,23 58 06.733,-09 15 58.31,0.223,1.13,0.83,0.149,2.99,0.0,99.6,,,,1997.163,2450508.8,1.399
356.24624167,-9.26637222,J234459.0-091558,FITS,23 44 59.098,-09 15 58.94,0.014,2.03,5.02,0.148,11.36,3.56,20.5,,,,1997.162,2450508.6,0.678
357.3641,-9.26647778,J234927.3-091559,FITS,23 49 27.384,-09 15 59.32,0.014,1.35,1.3,0.146,3.31,0.0,86.5,,,,1997.163,2450508.9,1.51
25.1607875,-9.26657222,J014038.5-091559,FITS,01 40 38.589,-09 15 59.66,0.014,6.29,5.97,0.174,0.95,0.0,83.6,,g,,1997.163,2450509.0,1.489
37.61095417,-9.26660556,J023026.6-091559,FITS,02 30 26.629,-09 15 59.78,0.014,2.43,2.17,0.153,1.9,0.0,74.0,,g,,1997.163,2450508.9,0.663
336.57872083,-9.266725,J222618.8-091600,FITS,22 26 18.893,-09 16 00.21,0.645,1.08,0.46,0.156,0.0,0.0,90.8,,,,1997.261,2450544.7,0.474
328.65821667,-9.26676667,J215437.9-091600,FITS,21 54 37.972,-09 16 00.36,0.164,1.13,1.08,0.166,3.17,0.0,92.9,,s,,1997.162,2450508.7,0.494
347.82813333,-9.26686389,J231118.7-091600,FITS,23 11 18.752,-09 16 00.71,0.014,4.34,3.76,0.159,0.0,0.0,95.5,,s,,1997.261,2450544.7,0.474
4.4981125,-9.26691389,J001759.5-091600,FITS,00 17 59.547,-09 16 00.89,0.014,1.57,1.18,0.148,0.0,0.0,88.4,,g,,1997.162,2450508.6,0.68
2.9459375,-9.26697222,J001147.0-091601,FITS,00 11 47.025,-09 16 01.10,0.142,1.14,0.51,0.148,0.0,0.0,90.0,,s,,1997.162,2450508.7,0.679
352.11561667,-9.26698889,J232827.7-091601,FITS,23 28 27.748,-09 16 01.16,0.456,1.2,0.66,0.147,0.0,0.0,124.7,,,,1997.163,2450508.9,1.504
356.2489625,-9.26703611,J234459.7-091601,FITS,23 44 59.751,-09 16 01.33,0.014,1.24,3.77,0.149,11.23,5.52,104.8,,s,,1997.162,2450508.6,0.681
35.96537917,-9.26704167,J022351.6-091601,FITS,02 23 51.691,-09 16 01.35,0.493,1.02,0.6,0.149,0.0,0.0,94.3,,,,1997.162,2450508.8,0.678
337.99476667,-9.26705833,J223158.7-091601,FITS,22 31 58.744,-09 16 01.41,0.014,2.11,1.36,0.15,0.0,0.0,26.9,,g,,1997.261,2450544.9,0.412
24.4030375,-9.26709167,J013736.7-091601,FITS,01 37 36.729,-09 16 01.53,0.193,1.07,2.01,0.144,8.34,1.34,74.6,,,,1997.163,2450509.0,1.489
40.5379875,-9.26791111,J024209.1-091604,FITS,02 42 09.117,-09 16 04.48,0.123,1.23,0.89,0.16,0.0,0.0,38.7,,g,,1997.162,2450508.6,0.275
13.64172083,-9.26813889,J005434.0-091605,FITS,00 54 34.013,-09 16 05.30,0.809,1.05,0.81,0.159,2.73,0.0,89.0,,g,,1997.163,2450508.9,0.651
8.98611667,-9.26823889,J003556.6-091605,FITS,00 35 56.668,-09 16 05.66,0.838,1.04,0.63,0.15,1.02,0.0,122.0,,s,,1997.162,2450508.7,0.686
31.02564167,-9.26869444,J020406.1-091607,FITS,02 04 06.154,-09 16 07.30,0.014,53.45,90.05,0.151,6.16,3.47,137.8,,g,,1997.163,2450509.0,1.361
333.13748333,-9.26875278,J221232.9-091607,FITS,22 12 32.996,-09 16 07.51,0.016,1.39,1.22,0.146,2.21,0.0,86.6,,,,1997.236,2450535.8,14.99
348.57797917,-9.26880556,J231418.7-091607,FITS,23 14 18.715,-09 16 07.70,0.014,29.4,30.45,0.134,1.22,0.93,87.8,,,,1997.237,2450536.1,15.637
34.38262917,-9.26893889,J021731.8-091608,FITS,02 17 31.831,-09 16 08.18,0.014,2.83,2.29,0.161,0.0,0.0,46.4,,,,1997.163,2450508.9,0.669
20.3332375,-9.26929722,J012119.9-091609,FITS,01 21 19.977,-09 16 09.47,0.809,1.03,0.62,0.151,1.7,0.0,116.0,,,,1997.162,2450508.8,0.683
6.00129167,-9.26956944,J002400.3-091610,FITS,00 24 00.310,-09 16 10.45,0.197,1.05,0.8,0.149,1.92,0.0,107.7,,g,,1997.162,2450508.7,0.692
1.76627083,-9.26966944,J000703.9-091610,FITS,00 07 03.905,-09 16 10.81,0.285,1.04,0.79,0.149,1.47,0.0,75.8,,,,1997.163,2450508.9,1.33
12.72945417,-9.26970278,J005055.0-091610,FITS,00 50 55.069,-09 16 10.93,0.29,1.24,0.68,0.151,0.0,0.0,70.1,,,,1997.162,2450508.7,0.693
23.28275833,-9.26981667,J013307.8-091611,FITS,01 33 07.862,-09 16 11.34,0.014,3.63,3.3,0.159,0.0,0.0,99.1,,g,,1997.162,2450508.7,0.692
330.03135,-9.26991389,J220007.5-091611,FITS,22 00 07.524,-09 16 11.69,0.014,5.75,6.09,0.149,2.51,0.0,114.8,,,,1997.162,2450508.6,0.698
330.76227083,-9.27060556,J220302.9-091614,FITS,22 03 02.945,-09 16 14.18,0.409,1.01,0.43,0.15,0.0,0.0,89.7,,,,1997.162,2450508.6,0.702
335.09087917,-9.27064722,J222021.8-091614,FITS,22 20 21.811,-09 16 14.33,0.436,1.1,0.56,0.158,0.0,0.0,77.2,,s,,1997.261,2450544.7,0.475
35.7870875,-9.27066667,J022308.9-091614,FITS,02 23 08.901,-09 16 14.40,0.014,5.46,5.22,0.154,1.63,0.0,78.4,,,,1997.163,2450509.0,1.176
17.29259583,-9.27073611,J010910.2-091614,FITS,01 09 10.223,-09 16 14.65,0.014,10.35,10.4,0.148,0.86,0.0,1.5,,,,1997.162,2450508.7,0.696
3.72332083,-9.27078333,J001453.5-091614,FITS,00 14 53.597,-09 16 14.82,0.014,1.78,1.98,0.181,3.58,0.0,90.2,,g,,1997.162,2450508.7,0.698
352.55607083,-9.27108056,J233013.4-091615,FITS,23 30 13.457,-09 16 15.89,0.014,2.16,1.98,0.15,0.0,0.0,89.5,,,,1997.174,2450513.2,12.355
344.52796667,-9.27108889,J225806.7-091615,FITS,22 58 06.712,-09 16 15.92,0.016,3.08,4.51,0.251,7.67,0.0,58.3,,,,1997.256,2450542.9,9.253
2.4176625,-9.27109722,J000940.2-091615,FITS,00 09 40.239,-09 16 15.95,0.014,9.22,10.03,0.159,2.46,0.92,163.9,,g,,1997.163,2450508.9,0.627
13.7959625,-9.27138056,J005511.0-091616,FITS,00 55 11.031,-09 16 16.97,0.732,1.01,0.39,0.149,0.0,0.0,93.3,,g,,1997.163,2450508.9,1.367
0.86135417,-9.27138333,J000326.7-091616,FITS,00 03 26.725,-09 16 16.98,0.195,1.17,0.46,0.152,0.0,0.0,90.9,,s,,1997.162,2450508.8,0.68
31.60175417,-9.27141667,J020624.4-091617,FITS,02 06 24.421,-09 16 17.10,0.014,66.88,70.72,0.154,1.65,1.17,162.7,,s,,1997.163,2450508.9,0.685
37.31675833,-9.27145833,J022916.0-091617,FITS,02 29 16.022,-09 16 17.25,0.521,1.22,0.58,0.158,0.0,0.0,95.3,,,,1997.163,2450509.1,0.6
31.82654583,-9.27148056,J020718.3-091617,FITS,02 07 18.371,-09 16 17.33,0.349,2.07,1.16,0.146,0.0,0.0,100.0,,,,1997.163,2450509.0,1.409
32.53184167,-9.27148333,J021007.6-091617,FITS,02 10 07.642,-09 16 17.34,0.014,1.42,1.57,0.15,2.62,0.35,132.3,,,,1997.163,2450509.0,1.341
40.49455833,-9.27154167,J024158.6-091617,FITS,02 41 58.694,-09 16 17.55,0.661,1.06,0.55,0.159,0.0,0.0,91.2,,,,1997.162,2450508.6,0.271
330.49153333,-9.27156111,J220157.9-091617,FITS,22 01 57.968,-09 16 17.62,0.404,1.03,0.46,0.153,0.0,0.0,72.4,,s,,1997.168,2450510.8,7.458
10.14498333,-9.2718,J004034.7-091618,FITS,00 40 34.796,-09 16 18.48,0.812,1.0,0.73,0.147,0.0,0.0,81.8,,,,1997.163,2450509.0,1.43
14.14445,-9.27180556,J005634.6-091618,FITS,00 56 34.668,-09 16 18.50,0.014,32.76,44.39,0.153,5.46,1.35,3.5,,g,,1997.162,2450508.8,0.684
334.94304167,-9.27181389,J221946.3-091618,FITS,22 19 46.330,-09 16 18.53,0.014,2.38,2.0,0.145,0.0,0.0,74.7,,g,,1997.262,2450545.0,0.337
342.30945,-9.27184722,J224914.2-091618,FITS,22 49 14.268,-09 16 18.65,0.103,1.03,0.91,0.142,4.39,0.0,95.2,,,,1997.262,2450545.0,0.334
346.51358333,-9.27200278,J230603.2-091619,FITS,23 06 03.260,-09 16 19.21,0.361,1.02,0.5,0.152,0.0,0.0,76.8,,g,,1997.26,2450544.4,0.355
354.98101667,-9.27210278,J233955.4-091619,FITS,23 39 55.444,-09 16 19.57,0.732,1.05,0.43,0.154,0.0,0.0,88.6,,,,1997.163,2450508.9,1.217
2.81498333,-9.27214444,J001115.5-091619,FITS,00 11 15.596,-09 16 19.72,0.014,28.07,46.8,0.159,7.52,1.17,133.2,,g,,1997.163,2450509.0,0.599
29.5533375,-9.27241111,J015812.8-091620,FITS,01 58 12.801,-09 16 20.68,0.27,1.29,0.6,0.148,0.0,0.0,81.0,,,,1997.163,2450509.0,1.365
28.18439583,-9.27241389,J015244.2-091620,FITS,01 52 44.255,-09 16 20.69,0.014,1.41,0.83,0.144,0.0,0.0,57.5,,g,,1997.163,2450509.0,1.383
339.71633333,-9.27252778,J223851.9-091621,FITS,22 38 51.920,-09 16 21.10,0.014,3.91,3.86,0.148,1.0,0.0,140.9,,s,,1997.26,2450544.4,0.398
24.8433,-9.27260556,J013922.3-091621,FITS,01 39 22.392,-09 16 21.38,0.014,2.27,1.84,0.159,0.0,0.0,81.9,,g,,1997.163,2450508.8,0.691
349.08963333,-9.27269722,J231621.5-091621,FITS,23 16 21.512,-09 16 21.71,0.016,1.54,0.99,0.139,0.0,0.0,67.8,,s,,1997.253,2450541.8,11.176
339.69115417,-9.272725,J223845.8-091621,FITS,22 38 45.877,-09 16 21.81,0.23,1.22,0.74,0.148,0.0,0.0,66.6,,,,1997.26,2450544.5,0.416
12.19215417,-9.27275833,J004846.1-091621,FITS,00 48 46.117,-09 16 21.93,0.809,1.2,0.51,0.178,0.0,0.0,82.6,,,,1997.163,2450509.0,0.586
15.23975417,-9.27281667,J010057.5-091622,FITS,01 00 57.541,-09 16 22.14,0.382,1.06,0.43,0.151,0.0,0.0,85.2,,,,1997.163,2450508.9,1.233
355.5723125,-9.27291111,J234217.3-091622,FITS,23 42 17.355,-09 16 22.48,0.403,1.15,0.72,0.152,0.0,0.0,0.5,,,,1997.162,2450508.7,0.7
2.76892083,-9.27308056,J001104.5-091623,FITS,00 11 04.541,-09 16 23.09,0.587,1.07,1.0,0.154,5.32,0.0,73.7,,,,1997.163,2450508.9,1.207
12.17851667,-9.27310278,J004842.8-091623,FITS,00 48 42.844,-09 16 23.17,0.014,4.94,4.11,0.177,0.0,0.0,112.0,,,,1997.163,2450509.0,0.611
349.04654167,-9.2732,J231611.1-091623,FITS,23 16 11.170,-09 16 23.52,0.014,2.01,1.8,0.139,2.04,0.0,97.5,,g,,1997.251,2450541.0,12.099
9.71822917,-9.2738,J003852.3-091625,FITS,00 38 52.375,-09 16 25.68,0.361,1.02,0.53,0.148,0.0,0.0,82.8,,,,1997.162,2450508.7,0.71
32.49143333,-9.27391944,J020957.9-091626,FITS,02 09 57.944,-09 16 26.11,0.336,1.11,0.75,0.153,1.85,0.0,104.0,,g,,1997.163,2450509.0,1.225
355.57097083,-9.27403889,J234217.0-091626,FITS,23 42 17.033,-09 16 26.54,0.725,1.11,1.01,0.152,4.34,0.0,51.0,,,,1997.162,2450508.7,0.705
11.301225,-9.27408611,J004512.2-091626,FITS,00 45 12.294,-09 16 26.71,0.307,1.07,1.42,0.15,7.64,0.0,98.0,,,,1997.162,2450508.7,0.709
347.57115833,-9.27414167,J231017.0-091626,FITS,23 10 17.078,-09 16 26.91,0.495,1.04,0.78,0.143,0.57,0.0,116.2,,g,,1997.256,2450542.8,9.518
354.88465833,-9.27424167,J233932.3-091627,FITS,23 39 32.318,-09 16 27.27,0.424,1.3,0.77,0.157,0.0,0.0,58.9,,,,1997.163,2450508.8,0.671
351.69456667,-9.27427222,J232646.6-091627,FITS,23 26 46.696,-09 16 27.38,0.717,1.04,0.63,0.147,0.0,0.0,95.7,,,,1997.18,2450515.3,14.405
352.54444167,-9.27431389,J233010.6-091627,FITS,23 30 10.666,-09 16 27.53,0.381,1.07,0.52,0.15,0.0,0.0,82.1,,s,,1997.176,2450513.6,12.771
15.80926667,-9.27470278,J010314.2-091628,FITS,01 03 14.224,-09 16 28.93,0.283,1.09,0.99,0.149,4.64,0.0,101.6,,,,1997.162,2450508.8,0.708
9.68715417,-9.27470556,J003844.9-091628,FITS,00 38 44.917,-09 16 28.94,0.014,2.41,2.2,0.149,2.02,0.0,83.2,,g,,1997.162,2450508.8,0.709
0.59776667,-9.27476667,J000223.4-091629,FITS,00 02 23.464,-09 16 29.16,0.014,2.71,2.47,0.157,1.32,0.0,61.9,,g,,1997.163,2450508.9,0.653
352.79118333,-9.27499444,J233109.8-091629,FITS,23 31 09.884,-09 16 29.98,0.283,1.01,0.49,0.148,0.0,0.0,75.6,,,,1997.163,2450508.9,1.314
335.49824583,-9.27518611,J222159.5-091630,FITS,22 21 59.579,-09 16 30.67,0.058,1.39,1.16,0.151,2.38,0.0,94.4,,,,1997.261,2450544.9,0.409
356.24255417,-9.27528611,J234458.2-091631,FITS,23 44 58.213,-09 16 31.03,0.014,3.18,8.48,0.15,10.54,5.08,22.6,,g,,1997.162,2450508.7,0.72
343.81306667,-9.27547222,J225515.1-091631,FITS,22 55 15.136,-09 16 31.70,0.3,1.08,0.53,0.145,0.0,0.0,90.6,,,,1997.259,2450544.0,6.676
340.8345875,-9.27557222,J224320.3-091632,FITS,22 43 20.301,-09 16 32.06,0.034,1.32,0.76,0.141,0.0,0.0,41.8,,g,,1997.262,2450545.1,0.299
343.61545833,-9.27583333,J225427.7-091633,FITS,22 54 27.710,-09 16 33.00,0.014,28.14,29.23,0.154,1.21,1.05,94.1,,g,,1997.26,2450544.6,0.462
37.77164167,-9.27600833,J023105.1-091633,FITS,02 31 05.194,-09 16 33.63,0.737,1.06,0.89,0.15,3.03,0.0,78.2,,,,1997.163,2450509.0,1.265
347.72155833,-9.27657778,J231053.1-091635,FITS,23 10 53.174,-09 16 35.68,0.014,2.66,2.72,0.147,2.84,0.0,96.5,,g,,1997.256,2450543.1,8.768
13.466475,-9.27662778,J005351.9-091635,FITS,00 53 51.954,-09 16 35.86,0.525,1.27,0.72,0.152,0.0,0.0,92.4,,,,1997.162,2450508.7,0.723
36.5123375,-9.27663333,J022602.9-091635,FITS,02 26 02.961,-09 16 35.88,0.014,5.12,4.73,0.152,0.0,0.0,45.4,,g,,1997.163,2450509.0,1.187
341.9613125,-9.27665556,J224750.7-091635,FITS,22 47 50.715,-09 16 35.96,0.09,1.3,0.62,0.15,0.0,0.0,89.9,,g,,1997.26,2450544.4,0.409
12.92549167,-9.27683333,J005142.1-091636,FITS,00 51 42.118,-09 16 36.60,0.221,1.26,0.71,0.159,0.0,0.0,90.9,,g,,1997.163,2450509.0,0.622
13.70937083,-9.27695,J005450.2-091637,FITS,00 54 50.249,-09 16 37.02,0.272,1.34,1.59,0.157,5.77,0.0,70.2,,s,,1997.163,2450508.9,1.112
0.8619375,-9.27739722,J000326.8-091638,FITS,00 03 26.865,-09 16 38.63,0.014,1.89,1.09,0.153,0.0,0.0,60.0,,,,1997.162,2450508.8,0.698
357.31195,-9.27748056,J234914.8-091638,FITS,23 49 14.868,-09 16 38.93,0.3,1.12,0.51,0.146,0.0,0.0,84.1,,s,,1997.163,2450508.9,1.314
1.02815833,-9.27754722,J000406.7-091639,FITS,00 04 06.758,-09 16 39.17,0.336,1.2,0.72,0.149,0.0,0.0,118.1,,,,1997.163,2450508.9,1.26
28.68154583,-9.27778056,J015443.5-091640,FITS,01 54 43.571,-09 16 40.01,0.188,1.21,1.74,0.156,9.0,0.0,65.7,,g,,1997.163,2450509.1,0.61
356.927875,-9.27796389,J234742.6-091640,FITS,23 47 42.690,-09 16 40.67,0.42,1.01,0.53,0.152,0.0,0.0,90.4,,g,,1997.162,2450508.7,0.719
2.332575,-9.27805833,J000919.8-091641,FITS,00 09 19.818,-09 16 41.01,0.775,1.02,0.82,0.152,3.41,0.0,156.2,,,,1997.162,2450508.8,0.716
18.913375,-9.27818056,J011539.2-091641,FITS,01 15 39.210,-09 16 41.45,0.014,5.44,5.14,0.156,0.0,0.0,67.6,,g,,1997.163,2450509.0,0.642
37.75138333,-9.27819167,J023100.3-091641,FITS,02 31 00.332,-09 16 41.49,0.498,1.13,0.68,0.15,0.0,0.0,135.5,,,,1997.163,2450509.1,1.202
18.568375,-9.27849444,J011416.4-091642,FITS,01 14 16.410,-09 16 42.58,0.014,11.18,12.04,0.157,2.38,0.71,11.7,,,,1997.163,2450509.1,0.61
359.51074583,-9.27856389,J235802.5-091642,FITS,23 58 02.579,-09 16 42.83,0.014,18.17,18.49,0.151,1.0,0.56,23.5,,,,1997.163,2450508.9,1.214
11.50381667,-9.27870556,J004600.9-091643,FITS,00 46 00.916,-09 16 43.34,0.014,1.76,1.19,0.149,0.0,0.0,115.4,,,,1997.163,2450509.0,1.202
10.44988333,-9.27875,J004147.9-091643,FITS,00 41 47.972,-09 16 43.50,0.014,8.67,29.58,0.169,18.91,2.36,171.8,,g,,1997.162,2450508.8,0.728
350.57677083,-9.27890278,J232218.4-091644,FITS,23 22 18.425,-09 16 44.05,0.089,1.57,1.49,0.143,1.8,0.0,91.3,,,,1997.25,2450540.9,12.287
348.42390833,-9.27890833,J231341.7-091644,FITS,23 13 41.738,-09 16 44.07,0.014,9.07,21.34,0.141,10.96,1.82,90.2,,,,1997.253,2450541.9,10.889
15.50744583,-9.27910833,J010201.7-091644,FITS,01 02 01.787,-09 16 44.79,0.372,1.08,0.56,0.15,0.0,0.0,104.9,,,,1997.163,2450509.0,1.173
332.326975,-9.27921389,J220918.4-091645,FITS,22 09 18.474,-09 16 45.17,0.014,4.85,4.5,0.264,0.0,0.0,98.1,,,,1997.197,2450521.5,16.874
350.57454583,-9.27921389,J232217.8-091645,FITS,23 22 17.891,-09 16 45.17,0.014,3.92,4.89,0.144,5.59,0.0,36.5,,g,,1997.25,2450540.8,12.353
19.849275,-9.27933611,J011923.8-091645,FITS,01 19 23.826,-09 16 45.61,0.014,24.9,35.74,0.144,6.05,0.37,139.0,,,,1997.163,2450509.1,1.325
356.86411667,-9.27943611,J234727.3-091645,FITS,23 47 27.388,-09 16 45.97,0.014,4.41,6.63,0.157,7.5,0.0,128.7,,s,,1997.163,2450508.9,0.681
348.41915,-9.27958056,J231340.5-091646,FITS,23 13 40.596,-09 16 46.49,0.014,14.26,36.77,0.141,10.42,4.11,83.6,,g,,1997.254,2450542.1,10.73
339.19315,-9.279675,J223646.3-091646,FITS,22 36 46.356,-09 16 46.83,0.014,4.84,4.56,0.155,1.72,0.0,129.9,,s,,1997.261,2450544.8,0.459
13.73050833,-9.27981667,J005455.3-091647,FITS,00 54 55.322,-09 16 47.34,0.797,1.03,0.58,0.155,0.0,0.0,87.7,,,,1997.163,2450509.0,1.14
359.01782917,-9.28002778,J235604.2-091648,FITS,23 56 04.279,-09 16 48.10,0.156,1.18,0.8,0.153,0.86,0.0,74.8,,,,1997.163,2450508.9,1.142
12.92700833,-9.28012222,J005142.4-091648,FITS,00 51 42.482,-09 16 48.44,0.069,1.59,1.22,0.159,1.57,0.0,80.2,,,,1997.163,2450509.0,0.623
330.4168125,-9.28016389,J220140.0-091648,FITS,22 01 40.035,-09 16 48.59,0.014,35.4,35.94,0.145,0.96,0.0,91.9,,s,,1997.168,2450511.0,7.565
330.09586667,-9.28021667,J220023.0-091648,FITS,22 00 23.008,-09 16 48.78,0.304,1.07,0.59,0.154,0.0,0.0,53.9,,,,1997.162,2450508.8,0.721
39.05682917,-9.280475,J023613.6-091649,FITS,02 36 13.639,-09 16 49.71,0.014,3.82,3.65,0.149,0.0,0.0,90.2,,s,,1997.163,2450508.9,0.732
31.91265417,-9.28060833,J020739.0-091650,FITS,02 07 39.037,-09 16 50.19,0.347,1.17,1.17,0.145,5.42,0.0,78.0,,,,1997.163,2450509.1,1.3
356.75850833,-9.28084444,J234702.0-091651,FITS,23 47 02.042,-09 16 51.04,0.146,1.18,0.67,0.151,0.0,0.0,90.0,,,,1997.163,2450508.9,1.155
9.01647917,-9.28098333,J003603.9-091651,FITS,00 36 03.955,-09 16 51.54,0.737,1.07,0.65,0.152,0.0,0.0,82.7,,g,,1997.162,2450508.7,0.744
341.64284167,-9.28132222,J224634.2-091652,FITS,22 46 34.282,-09 16 52.76,0.585,1.06,0.63,0.14,0.49,0.0,61.6,,g,,1997.262,2450545.1,0.265
22.8784375,-9.28140278,J013130.8-091653,FITS,01 31 30.825,-09 16 53.05,0.269,1.0,1.17,0.146,5.29,0.0,103.6,,g,,1997.163,2450509.1,1.32
34.86017083,-9.28159722,J021926.4-091653,FITS,02 19 26.441,-09 16 53.75,0.443,1.01,0.98,0.142,3.24,0.0,89.0,,,,1997.163,2450509.1,1.302
20.4135,-9.28168889,J012139.2-091654,FITS,01 21 39.240,-09 16 54.08,0.809,1.07,0.74,0.158,1.99,0.0,85.3,,,,1997.163,2450509.0,0.647
355.08137083,-9.28183611,J234019.5-091654,FITS,23 40 19.529,-09 16 54.61,0.456,1.13,0.59,0.145,0.0,0.0,59.8,,g,,1997.163,2450509.0,1.28
355.885025,-9.28185833,J234332.4-091654,FITS,23 43 32.406,-09 16 54.69,0.725,1.02,0.73,0.144,0.0,0.0,67.0,,,,1997.163,2450509.0,1.301
41.25100417,-9.28196667,J024500.2-091655,FITS,02 45 00.241,-09 16 55.08,0.195,1.27,1.34,0.162,3.43,0.0,71.3,,,,1997.162,2450508.6,0.283
10.4927125,-9.28206389,J004158.2-091655,FITS,00 41 58.251,-09 16 55.43,0.709,1.2,1.89,0.172,10.44,0.0,90.1,,g,,1997.162,2450508.8,0.75
20.192925,-9.28215,J012046.3-091655,FITS,01 20 46.302,-09 16 55.74,0.016,1.45,0.85,0.151,0.0,0.0,97.1,,,,1997.163,2450508.8,0.74
12.10087083,-9.28216667,J004824.2-091655,FITS,00 48 24.209,-09 16 55.80,0.081,1.9,1.68,0.164,2.05,0.0,37.4,,,,1997.163,2450508.9,0.719
20.40951667,-9.28223333,J012138.2-091656,FITS,01 21 38.284,-09 16 56.04,0.014,1.51,1.27,0.158,3.6,0.0,98.9,,,,1997.163,2450509.0,0.654
331.022875,-9.28228611,J220405.4-091656,FITS,22 04 05.490,-09 16 56.23,0.429,1.02,0.62,0.15,0.0,0.0,145.8,,,,1997.167,2450510.5,6.869
24.02695,-9.28233611,J013606.4-091656,FITS,01 36 06.468,-09 16 56.41,0.014,20.65,22.42,0.151,2.32,1.08,11.4,,,,1997.162,2450508.8,0.749
1.82072917,-9.28236667,J000716.9-091656,FITS,00 07 16.975,-09 16 56.52,0.353,1.01,0.81,0.142,5.32,0.0,48.4,,,,1997.163,2450509.0,1.262
356.177175,-9.282575,J234442.5-091657,FITS,23 44 42.522,-09 16 57.27,0.014,1.6,1.26,0.152,3.77,0.0,66.5,,,,1997.162,2450508.8,0.737
21.31657083,-9.28269444,J012515.9-091657,FITS,01 25 15.977,-09 16 57.70,0.014,1.31,1.19,0.145,5.44,0.0,123.3,,g,,1997.163,2450509.1,1.253
345.9649625,-9.28301667,J230351.5-091658,FITS,23 03 51.591,-09 16 58.86,0.014,2.04,2.02,0.154,4.4,0.0,150.2,,g,,1997.261,2450544.9,0.431
352.87766667,-9.28338889,J233130.6-091700,FITS,23 31 30.640,-09 17 00.20,0.014,1.62,1.15,0.146,0.0,0.0,68.8,,,,1997.163,2450509.0,1.294
0.74887917,-9.28347222,J000259.7-091700,FITS,00 02 59.731,-09 17 00.50,0.58,1.02,0.62,0.15,0.0,0.0,38.3,,,,1997.162,2450508.7,0.758
0.85644583,-9.28359444,J000325.5-091700,FITS,00 03 25.547,-09 17 00.94,0.014,10.63,10.54,0.153,0.45,0.0,89.8,,,,1997.163,2450508.8,0.72
349.5286,-9.28366944,J231806.8-091701,FITS,23 18 06.864,-09 17 01.21,0.014,4.11,3.65,0.152,0.0,0.0,113.6,,s,,1997.185,2450517.0,15.675
1.57331667,-9.28367222,J000617.5-091701,FITS,00 06 17.596,-09 17 01.22,0.014,1.92,1.41,0.152,1.18,0.0,110.1,,s,,1997.162,2450508.8,0.741
33.86942083,-9.28369722,J021528.6-091701,FITS,02 15 28.661,-09 17 01.31,0.734,1.04,0.51,0.154,0.0,0.0,91.0,,,,1997.163,2450509.0,0.709
26.12845833,-9.28375833,J014430.8-091701,FITS,01 44 30.830,-09 17 01.53,0.014,17.42,18.57,0.156,1.9,1.13,170.2,,g,,1997.163,2450509.0,0.706
18.2501125,-9.28383056,J011300.0-091701,FITS,01 13 00.027,-09 17 01.79,0.014,15.1,15.18,0.149,1.49,0.0,158.9,,s,,1997.163,2450509.0,1.14
341.63430417,-9.28393056,J224632.2-091702,FITS,22 46 32.233,-09 17 02.15,0.014,1.74,1.11,0.14,0.0,0.0,90.7,,g,,1997.262,2450545.1,0.253
336.73419167,-9.28394722,J222656.2-091702,FITS,22 26 56.206,-09 17 02.21,0.517,1.12,0.81,0.15,1.65,0.0,94.3,,s,,1997.26,2450544.4,0.412
335.8539375,-9.28396944,J222324.9-091702,FITS,22 23 24.945,-09 17 02.29,0.014,22.84,22.89,0.158,0.73,0.0,99.5,,,,1997.261,2450544.7,0.477
10.45090833,-9.284075,J004148.2-091702,FITS,00 41 48.218,-09 17 02.67,0.014,5.28,4.78,0.171,0.9,0.0,87.2,,g,,1997.162,2450508.8,0.75
5.27594167,-9.284225,J002106.2-091703,FITS,00 21 06.226,-09 17 03.21,0.209,1.13,0.71,0.154,0.0,0.0,90.0,,,,1997.162,2450508.8,0.757
31.86132917,-9.28436111,J020726.7-091703,FITS,02 07 26.719,-09 17 03.70,0.848,1.06,0.63,0.144,0.0,0.0,115.7,,g,,1997.163,2450509.1,1.266
13.68321667,-9.284425,J005443.9-091703,FITS,00 54 43.972,-09 17 03.93,0.732,1.1,0.43,0.16,0.0,0.0,89.5,,,,1997.163,2450509.1,0.614
20.38182917,-9.2845,J012131.6-091704,FITS,01 21 31.639,-09 17 04.20,0.014,66.12,86.08,0.156,4.49,1.19,123.2,,,,1997.163,2450509.0,0.697
31.98921667,-9.284625,J020757.4-091704,FITS,02 07 57.412,-09 17 04.65,0.562,1.11,0.57,0.15,0.0,0.0,89.3,,g,,1997.163,2450509.1,1.152
328.13672083,-9.28489444,J215232.8-091705,FITS,21 52 32.813,-09 17 05.62,0.094,1.75,3.53,0.143,6.26,5.5,89.1,,,,1997.166,2450509.9,5.343
31.992275,-9.28491111,J020758.1-091705,FITS,02 07 58.146,-09 17 05.68,0.8,1.02,0.95,0.15,5.77,0.0,91.2,,,,1997.163,2450509.1,1.143
13.866475,-9.28504167,J005527.9-091706,FITS,00 55 27.954,-09 17 06.15,0.014,2.19,1.46,0.145,0.0,0.0,71.6,,g,,1997.163,2450509.1,1.259
33.22418333,-9.28506667,J021253.8-091706,FITS,02 12 53.804,-09 17 06.24,0.014,1.96,1.36,0.156,0.0,0.0,129.0,,,,1997.164,2450509.2,0.516
38.37755,-9.28510833,J023330.6-091706,FITS,02 33 30.612,-09 17 06.39,0.014,4.8,4.14,0.173,0.0,0.0,94.3,,,,1997.163,2450509.0,0.702
351.14943333,-9.28523889,J232435.8-091706,FITS,23 24 35.864,-09 17 06.86,0.804,1.0,0.49,0.138,0.0,0.0,92.8,,,,1997.192,2450519.6,16.821
355.16925417,-9.2853,J234040.6-091707,FITS,23 40 40.621,-09 17 07.08,0.109,1.35,0.85,0.144,0.0,0.0,90.1,,,,1997.163,2450509.0,1.235
354.15116667,-9.28551944,J233636.2-091707,FITS,23 36 36.280,-09 17 07.87,0.36,1.11,1.23,0.159,6.37,0.0,93.8,,g,,1997.163,2450508.9,0.674
40.91863333,-9.28558889,J024340.4-091708,FITS,02 43 40.472,-09 17 08.12,0.014,2.98,2.36,0.144,0.0,0.0,97.0,,s,,1997.163,2450509.2,1.231
12.10034167,-9.28559167,J004824.0-091708,FITS,00 48 24.082,-09 17 08.13,0.014,7.06,6.81,0.164,1.21,0.0,81.7,,,,1997.163,2450508.9,0.73
10.95314583,-9.28561944,J004348.7-091708,FITS,00 43 48.755,-09 17 08.23,0.014,1.77,1.69,0.148,0.0,0.0,43.4,,,,1997.163,2450509.0,1.192
343.636975,-9.28563056,J225432.8-091708,FITS,22 54 32.874,-09 17 08.27,0.877,1.11,1.45,0.157,8.31,0.0,82.9,,g,,1997.261,2450544.7,0.477
21.97326667,-9.28563611,J012753.5-091708,FITS,01 27 53.584,-09 17 08.29,0.278,1.1,0.61,0.152,0.0,0.0,95.7,,,,1997.164,2450509.2,0.517
11.34362083,-9.28566667,J004522.4-091708,FITS,00 45 22.469,-09 17 08.40,0.014,13.44,24.02,0.154,7.49,3.04,156.1,,,,1997.163,2450508.9,0.735
343.92252083,-9.28575556,J225541.4-091708,FITS,22 55 41.405,-09 17 08.72,0.014,48.34,52.24,0.143,1.77,1.56,147.9,,s,,1997.259,2450544.2,6.084
345.73029167,-9.28578333,J230255.2-091708,FITS,23 02 55.270,-09 17 08.82,0.014,2.34,1.57,0.15,0.0,0.0,51.0,,,,1997.26,2450544.5,0.417
339.72367083,-9.28590278,J223853.6-091709,FITS,22 38 53.681,-09 17 09.25,0.585,1.01,0.58,0.15,0.0,0.0,78.0,,g,,1997.26,2450544.5,0.421
15.5887125,-9.28595556,J010221.2-091709,FITS,01 02 21.291,-09 17 09.44,0.368,1.1,0.7,0.157,2.36,0.0,114.0,,,,1997.163,2450509.0,0.655
330.30735,-9.28608611,J220113.7-091709,FITS,22 01 13.764,-09 17 09.91,0.014,2.15,1.95,0.146,2.92,0.0,113.9,,g,,1997.167,2450510.6,6.938
350.58865417,-9.28611111,J232221.2-091710,FITS,23 22 21.277,-09 17 10.00,0.786,1.0,0.97,0.142,5.33,0.0,85.7,,,,1997.253,2450541.7,11.215
26.6185,-9.28633611,J014628.4-091710,FITS,01 46 28.440,-09 17 10.81,0.142,1.13,0.55,0.145,0.0,0.0,90.2,,g,,1997.163,2450509.1,1.253
41.319625,-9.28640833,J024516.7-091711,FITS,02 45 16.710,-09 17 11.07,0.014,1.89,1.75,0.166,1.46,0.0,91.2,,,,1997.162,2450508.6,0.369
31.82188333,-9.28645833,J020717.2-091711,FITS,02 07 17.252,-09 17 11.25,0.235,1.36,0.76,0.145,0.0,0.0,89.6,,,,1997.163,2450509.1,1.212
11.0041125,-9.28653611,J004400.9-091711,FITS,00 44 00.987,-09 17 11.53,0.014,5.84,5.98,0.152,1.41,0.0,168.4,,s,,1997.163,2450509.0,1.105
6.3477125,-9.28666111,J002523.4-091711,FITS,00 25 23.451,-09 17 11.98,0.348,1.06,0.39,0.143,0.0,0.0,86.3,,,,1997.163,2450509.1,1.23
6.06741667,-9.28680278,J002416.1-091712,FITS,00 24 16.180,-09 17 12.49,0.014,2.62,2.58,0.153,1.26,0.0,74.4,,,,1997.162,2450508.8,0.754
31.8527125,-9.28680556,J020724.6-091712,FITS,02 07 24.651,-09 17 12.50,0.788,1.01,0.64,0.144,1.31,0.0,63.8,,,,1997.163,2450509.1,1.231
350.58592083,-9.28691389,J232220.6-091712,FITS,23 22 20.621,-09 17 12.89,0.014,1.79,1.38,0.142,1.35,0.0,121.0,,g,,1997.253,2450541.7,11.253
343.92770833,-9.28708333,J225542.6-091713,FITS,22 55 42.650,-09 17 13.50,0.014,13.13,14.8,0.143,2.93,0.0,90.1,,,,1997.26,2450544.2,5.968
31.84911667,-9.28714167,J020723.7-091713,FITS,02 07 23.788,-09 17 13.71,0.86,1.0,0.75,0.144,3.49,0.0,137.7,,,,1997.163,2450509.1,1.225
22.70620833,-9.28720556,J013049.4-091713,FITS,01 30 49.490,-09 17 13.94,0.014,1.55,1.25,0.156,3.29,0.0,89.2,,,,1997.163,2450509.2,0.561
358.23832917,-9.28725556,J235257.1-091714,FITS,23 52 57.199,-09 17 14.12,0.44,1.09,0.65,0.148,1.85,0.0,111.4,,s,,1997.163,2450509.0,1.125
14.46886667,-9.28742778,J005752.5-091714,FITS,00 57 52.528,-09 17 14.74,0.014,11.88,12.21,0.154,1.49,0.0,102.8,,s,,1997.163,2450509.2,0.53
28.712925,-9.28746389,J015451.1-091714,FITS,01 54 51.102,-09 17 14.87,0.014,1.88,1.64,0.154,2.27,0.0,59.7,,g,,1997.164,2450509.2,0.544
335.48991667,-9.28747778,J222157.5-091714,FITS,22 21 57.580,-09 17 14.92,0.273,1.06,0.94,0.15,4.26,0.0,89.7,,,,1997.261,2450544.9,0.403
358.54770833,-9.28787778,J235411.4-091716,FITS,23 54 11.450,-09 17 16.36,0.014,2.63,3.02,0.153,3.94,0.0,26.6,,,,1997.162,2450508.8,0.767
30.3803875,-9.28806389,J020131.2-091717,FITS,02 01 31.293,-09 17 17.03,0.134,1.12,0.53,0.145,0.0,0.0,94.8,,s,,1997.163,2450509.2,1.23
352.82294167,-9.28816944,J233117.5-091717,FITS,23 31 17.506,-09 17 17.41,0.307,1.04,0.8,0.144,2.21,0.0,71.2,,,,1997.163,2450509.0,1.192
19.21560417,-9.288175,J011651.7-091717,FITS,01 16 51.745,-09 17 17.43,0.014,1.41,1.07,0.146,2.29,0.0,94.4,,g,,1997.163,2450509.1,1.145
29.79585833,-9.28828889,J015911.0-091717,FITS,01 59 11.006,-09 17 17.84,0.191,1.2,0.61,0.158,0.0,0.0,108.1,,,,1997.164,2450509.2,0.566
11.56825,-9.28846667,J004616.3-091718,FITS,00 46 16.380,-09 17 18.48,0.014,1.97,1.45,0.143,0.0,0.0,86.8,,g,,1997.163,2450509.1,1.183
343.63884167,-9.28848611,J225433.3-091718,FITS,22 54 33.322,-09 17 18.55,0.359,1.25,1.06,0.157,4.02,0.0,92.0,,g,,1997.261,2450544.7,0.478
9.6876125,-9.28858056,J003845.0-091718,FITS,00 38 45.027,-09 17 18.89,0.197,1.08,0.86,0.152,2.06,0.0,82.8,,g,,1997.163,2450508.8,0.763
336.64975833,-9.28861667,J222635.9-091719,FITS,22 26 35.942,-09 17 19.02,0.014,2.64,3.31,0.153,5.89,0.0,29.9,,g,,1997.26,2450544.6,0.466
358.22250417,-9.28870278,J235253.4-091719,FITS,23 52 53.401,-09 17 19.33,0.014,1.38,0.81,0.148,0.0,0.0,104.0,,,,1997.163,2450509.0,1.129
357.2857625,-9.28874722,J234908.5-091719,FITS,23 49 08.583,-09 17 19.49,0.06,1.12,0.71,0.148,1.11,0.0,101.1,,,,1997.163,2450509.0,1.141
7.7393625,-9.28886389,J003057.4-091719,FITS,00 30 57.447,-09 17 19.91,0.102,1.55,0.99,0.165,0.0,0.0,128.9,,g,,1997.163,2450509.0,1.071
29.24969167,-9.28887778,J015659.9-091719,FITS,01 56 59.926,-09 17 19.96,0.014,5.28,4.87,0.153,0.0,0.0,104.5,,g,,1997.163,2450508.8,0.782
343.43954583,-9.28895833,J225345.4-091720,FITS,22 53 45.491,-09 17 20.25,0.014,2.86,2.73,0.152,2.51,0.0,68.7,,s,,1997.26,2450544.5,0.444
350.86685417,-9.288975,J232328.0-091720,FITS,23 23 28.045,-09 17 20.31,0.014,103.27,119.3,0.156,2.85,1.49,119.1,,,,1997.207,2450525.1,18.376
22.68867083,-9.28900556,J013045.2-091720,FITS,01 30 45.281,-09 17 20.42,0.647,1.08,0.65,0.157,2.03,0.0,109.1,,,,1997.163,2450509.1,0.604
7.17905833,-9.28900833,J002842.9-091720,FITS,00 28 42.974,-09 17 20.43,0.014,1.41,0.75,0.142,0.0,0.0,116.3,,s,,1997.168,2450510.9,12.022
337.68960417,-9.28905278,J223045.5-091720,FITS,22 30 45.505,-09 17 20.59,0.496,1.04,0.54,0.156,0.0,0.0,86.4,,,,1997.261,2450544.8,0.456
348.23255,-9.28908611,J231255.8-091720,FITS,23 12 55.812,-09 17 20.71,0.197,1.25,0.9,0.154,0.0,0.0,109.9,,s,,1997.262,2450545.0,0.398
33.57332917,-9.28919444,J021417.5-091721,FITS,02 14 17.599,-09 17 21.10,0.014,3.84,3.38,0.157,0.0,0.0,92.2,,,,1997.163,2450509.1,0.631
20.34189167,-9.289225,J012122.0-091721,FITS,01 21 22.054,-09 17 21.21,0.877,1.04,0.53,0.154,0.0,0.0,96.8,,,,1997.163,2450508.9,0.748
352.81029167,-9.28927222,J233114.4-091721,FITS,23 31 14.470,-09 17 21.38,0.136,1.11,1.32,0.145,5.73,0.0,107.1,,,,1997.163,2450509.0,1.166
356.80285833,-9.28931389,J234712.6-091721,FITS,23 47 12.686,-09 17 21.53,0.42,1.07,0.51,0.157,0.0,0.0,109.0,,,,1997.163,2450509.1,0.584
336.647575,-9.28936111,J222635.4-091721,FITS,22 26 35.418,-09 17 21.70,0.014,2.44,3.85,0.153,7.45,0.0,94.7,,s,,1997.26,2450544.6,0.467
19.86175,-9.28940278,J011926.8-091721,FITS,01 19 26.820,-09 17 21.85,0.058,1.09,0.67,0.143,0.0,0.0,63.4,,,,1997.163,2450509.1,1.202
40.94445417,-9.28946111,J024346.6-091722,FITS,02 43 46.669,-09 17 22.06,0.014,15.17,25.99,0.146,6.63,2.66,80.4,,,,1997.163,2450509.2,1.158
33.575325,-9.28953611,J021418.0-091722,FITS,02 14 18.078,-09 17 22.33,0.014,1.62,1.45,0.157,3.47,0.0,77.3,,,,1997.163,2450509.1,0.636
10.94622917,-9.2897,J004347.0-091722,FITS,00 43 47.095,-09 17 22.92,0.014,8.07,7.79,0.147,0.34,0.0,110.2,,,,1997.163,2450509.1,1.153
349.7465625,-9.2899,J231859.1-091723,FITS,23 18 59.175,-09 17 23.64,0.429,1.04,0.45,0.15,0.0,0.0,91.7,,s,,1997.24,2450537.1,15.446
31.82085417,-9.28993056,J020717.0-091723,FITS,02 07 17.005,-09 17 23.75,0.014,181.93,195.81,0.145,1.97,1.29,170.4,,g,,1997.163,2450509.1,1.168
0.4471125,-9.28995,J000147.3-091723,FITS,00 01 47.307,-09 17 23.82,0.014,2.67,2.66,0.148,3.18,0.0,157.0,,g,,1997.163,2450509.0,1.149
28.71379583,-9.29005,J015451.3-091724,FITS,01 54 51.311,-09 17 24.18,0.014,2.57,2.1,0.154,0.0,0.0,50.8,,,,1997.164,2450509.2,0.542
357.63592917,-9.29024444,J235032.6-091724,FITS,23 50 32.623,-09 17 24.88,0.283,1.08,1.52,0.156,10.45,0.0,93.4,,,,1997.163,2450508.9,0.732
343.34082917,-9.2905,J225321.7-091725,FITS,22 53 21.799,-09 17 25.80,0.014,3.03,2.31,0.156,0.0,0.0,90.0,,g,,1997.261,2450544.7,0.475
37.73292917,-9.29051111,J023055.9-091725,FITS,02 30 55.903,-09 17 25.84,0.443,1.14,0.65,0.154,0.0,0.0,63.3,,,,1997.164,2450509.3,0.49
358.63177083,-9.29052778,J235431.6-091725,FITS,23 54 31.625,-09 17 25.90,0.014,15.1,15.67,0.158,1.68,0.0,107.3,,g,,1997.163,2450508.9,0.711
352.80986667,-9.290575,J233114.3-091726,FITS,23 31 14.368,-09 17 26.07,0.058,1.15,0.66,0.145,0.0,0.0,91.8,,,,1997.163,2450509.0,1.15
34.09600833,-9.29066944,J021623.0-091726,FITS,02 16 23.042,-09 17 26.41,0.014,24.88,27.46,0.141,2.51,0.94,48.0,,s,,1997.163,2450509.2,1.179
336.275375,-9.29068889,J222506.0-091726,FITS,22 25 06.090,-09 17 26.48,0.714,1.04,0.57,0.146,0.0,0.0,76.6,,,,1997.262,2450545.0,0.349
2.72281667,-9.29071389,J001053.4-091726,FITS,00 10 53.476,-09 17 26.57,0.014,1.34,0.9,0.15,0.0,0.0,89.5,,g,,1997.163,2450509.0,1.106
13.62556667,-9.29073889,J005430.1-091726,FITS,00 54 30.136,-09 17 26.66,0.339,1.21,0.92,0.159,0.0,0.0,90.2,,,,1997.163,2450509.0,0.72
21.49379583,-9.29075,J012558.5-091726,FITS,01 25 58.511,-09 17 26.70,0.499,1.06,0.47,0.148,0.0,0.0,78.7,,,,1997.163,2450509.1,1.08
332.616975,-9.29123889,J221028.0-091728,FITS,22 10 28.074,-09 17 28.46,0.394,1.01,0.54,0.145,0.0,0.0,92.7,,g,,1997.168,2450510.7,6.935
330.56057917,-9.2913,J220214.5-091728,FITS,22 02 14.539,-09 17 28.68,0.561,1.08,0.75,0.158,3.39,0.0,100.3,,,,1997.163,2450509.0,0.607
31.818825,-9.29148333,J020716.5-091729,FITS,02 07 16.518,-09 17 29.34,0.014,154.29,167.87,0.145,2.33,1.14,8.4,,,,1997.163,2450509.2,1.148
41.5608625,-9.291575,J024614.6-091729,FITS,02 46 14.607,-09 17 29.67,0.372,1.06,0.62,0.142,0.0,0.0,67.9,,s,,1997.163,2450509.2,1.139
347.438125,-9.29169722,J230945.1-091730,FITS,23 09 45.150,-09 17 30.11,0.566,1.12,0.76,0.157,2.73,0.0,95.4,,,,1997.261,2450544.9,0.456
11.34669583,-9.29173889,J004523.2-091730,FITS,00 45 23.207,-09 17 30.26,0.014,15.2,23.36,0.155,4.92,3.73,160.4,,,,1997.163,2450508.9,0.752
32.54174167,-9.29188889,J021010.0-091730,FITS,02 10 10.018,-09 17 30.80,0.313,1.07,0.78,0.147,1.67,0.0,81.0,,s,,1997.163,2450509.1,1.113
40.93975833,-9.29211944,J024345.5-091731,FITS,02 43 45.542,-09 17 31.63,0.014,57.02,58.22,0.145,1.33,0.0,173.1,,g,,1997.163,2450509.2,1.131
26.85765417,-9.29216111,J014725.8-091731,FITS,01 47 25.837,-09 17 31.78,0.493,1.07,0.47,0.158,0.0,0.0,89.6,,,,1997.163,2450509.0,0.698
13.15279167,-9.292275,J005236.6-091732,FITS,00 52 36.670,-09 17 32.19,0.492,1.0,0.47,0.143,0.0,0.0,69.7,,,,1997.163,2450509.1,1.161
344.27867917,-9.292325,J225706.8-091732,FITS,22 57 06.883,-09 17 32.37,0.014,49.69,51.29,0.169,1.39,0.71,4.6,,,,1997.26,2450544.5,0.435
19.80740417,-9.29241944,J011913.7-091732,FITS,01 19 13.777,-09 17 32.71,0.094,1.35,1.23,0.145,3.26,0.0,85.7,,g,,1997.163,2450509.1,1.125
335.55390833,-9.29258889,J222212.9-091733,FITS,22 22 12.938,-09 17 33.32,0.014,2.23,2.26,0.144,2.86,0.0,88.3,,g,,1997.262,2450545.0,0.304
356.54539167,-9.29266667,J234610.8-091733,FITS,23 46 10.894,-09 17 33.60,0.072,1.2,0.83,0.146,2.33,0.0,111.1,,,,1997.163,2450509.0,1.109
40.91588333,-9.29275,J024339.8-091733,FITS,02 43 39.812,-09 17 33.90,0.179,1.15,2.91,0.143,10.1,4.21,87.1,,,,1997.164,2450509.2,1.145
339.5418875,-9.29278611,J223810.0-091734,FITS,22 38 10.053,-09 17 34.03,0.431,1.03,0.81,0.153,2.29,0.0,73.7,,,,1997.261,2450544.9,0.43
350.87689583,-9.2928,J232330.4-091734,FITS,23 23 30.455,-09 17 34.08,0.014,24.39,28.38,0.156,3.12,0.97,109.6,,,,1997.206,2450524.5,18.317
31.7891125,-9.29301111,J020709.3-091734,FITS,02 07 09.387,-09 17 34.84,0.788,1.08,0.4,0.147,0.0,0.0,88.9,,,,1997.163,2450509.1,1.097
31.77195833,-9.29336389,J020705.2-091736,FITS,02 07 05.270,-09 17 36.11,0.347,1.29,1.07,0.148,1.49,0.0,128.0,,,,1997.163,2450509.2,1.075
342.6985375,-9.29336389,J225047.6-091736,FITS,22 50 47.649,-09 17 36.11,0.664,1.12,0.95,0.153,4.12,0.0,69.1,,g,,1997.26,2450544.5,0.447
351.07109167,-9.29358333,J232417.0-091736,FITS,23 24 17.062,-09 17 36.90,0.014,1.33,1.45,0.146,2.92,0.0,89.9,,,,1997.187,2450517.7,16.017
5.49445833,-9.29359167,J002158.6-091736,FITS,00 21 58.670,-09 17 36.93,0.585,1.05,0.6,0.153,0.0,0.0,70.5,,,,1997.164,2450509.2,0.457
328.33842083,-9.29375278,J215321.2-091737,FITS,21 53 21.221,-09 17 37.51,0.396,1.14,2.38,0.171,14.32,0.0,77.0,,,,1997.162,2450508.8,0.5
350.35420833,-9.29377222,J232125.0-091737,FITS,23 21 25.010,-09 17 37.58,0.014,10.23,10.64,0.155,2.26,0.0,82.5,,s,,1997.201,2450522.9,18.042
328.01986667,-9.29379722,J215204.7-091737,FITS,21 52 04.768,-09 17 37.67,0.422,1.0,0.87,0.149,0.0,0.0,111.2,,,,1997.165,2450509.6,4.377
334.72345833,-9.29383056,J221853.6-091737,FITS,22 18 53.630,-09 17 37.79,0.014,13.04,21.9,0.153,5.95,3.77,152.5,,g,,1997.261,2450544.9,0.407
31.76974583,-9.29409444,J020704.7-091738,FITS,02 07 04.739,-09 17 38.74,0.528,1.27,0.81,0.148,1.9,0.0,126.4,,g,,1997.163,2450509.2,1.065
348.95916667,-9.29421944,J231550.2-091739,FITS,23 15 50.200,-09 17 39.19,0.014,2.08,2.1,0.139,3.01,0.0,103.3,,g,,1997.247,2450539.8,12.872
34.4168375,-9.29430556,J021740.0-091739,FITS,02 17 40.041,-09 17 39.50,0.014,48.57,54.75,0.166,2.55,1.53,139.1,,g,,1997.163,2450509.0,0.771
37.67020833,-9.29435556,J023040.8-091739,FITS,02 30 40.850,-09 17 39.68,0.561,1.08,0.46,0.158,0.0,0.0,91.2,,,,1997.163,2450509.2,0.648
11.47473333,-9.29439444,J004553.9-091739,FITS,00 45 53.936,-09 17 39.82,0.508,1.02,0.61,0.154,1.7,0.0,76.5,,,,1997.164,2450509.2,0.512
31.8202125,-9.29461944,J020716.8-091740,FITS,02 07 16.851,-09 17 40.63,0.235,1.2,0.92,0.144,0.0,0.0,84.5,,s,,1997.163,2450509.2,1.112
329.77564167,-9.29470833,J215906.1-091740,FITS,21 59 06.154,-09 17 40.95,0.484,1.04,0.76,0.154,1.85,0.0,174.5,,g,,1997.163,2450509.1,0.516
32.7542375,-9.29478889,J021101.0-091741,FITS,02 11 01.017,-09 17 41.24,0.492,1.09,0.44,0.152,0.0,0.0,95.7,,,,1997.164,2450509.3,0.454
25.07750417,-9.29486389,J014018.6-091741,FITS,01 40 18.601,-09 17 41.51,0.326,1.27,1.2,0.172,6.81,0.0,115.3,,,,1997.163,2450509.2,1.115
36.8249375,-9.29486389,J022717.9-091741,FITS,02 27 17.985,-09 17 41.51,0.016,1.37,0.78,0.155,0.0,0.0,79.2,,g,,1997.163,2450509.0,0.777
40.934125,-9.29520556,J024344.1-091742,FITS,02 43 44.190,-09 17 42.74,0.014,20.98,31.67,0.144,4.6,3.63,100.8,,,,1997.164,2450509.2,1.101
328.1460375,-9.29523889,J215235.0-091742,FITS,21 52 35.049,-09 17 42.86,0.016,1.56,1.92,0.143,3.55,1.91,147.1,,,,1997.165,2450509.8,4.748
40.91195417,-9.29526111,J024338.8-091742,FITS,02 43 38.869,-09 17 42.94,0.014,1.28,1.37,0.143,3.47,0.0,36.7,,,,1997.164,2450509.2,1.118
19.9077,-9.29541667,J011937.8-091743,FITS,01 19 37.848,-09 17 43.50,0.429,1.02,0.49,0.142,0.0,0.0,88.6,,,,1997.163,2450509.1,1.118
35.82282917,-9.29543333,J022317.4-091743,FITS,02 23 17.479,-09 17 43.56,0.014,1.42,1.2,0.158,4.08,0.0,121.4,,,,1997.163,2450509.2,0.633
7.948425,-9.29552222,J003147.6-091743,FITS,00 31 47.622,-09 17 43.88,0.014,8.86,19.17,0.201,9.73,2.17,104.0,,g,,1997.163,2450509.1,1.083
14.4192875,-9.29580833,J005740.6-091744,FITS,00 57 40.629,-09 17 44.91,0.014,8.99,9.67,0.157,2.44,0.0,113.0,,g,,1997.163,2450509.1,0.654
13.5464,-9.29588333,J005411.1-091745,FITS,00 54 11.136,-09 17 45.18,0.014,2.96,2.63,0.155,0.91,0.0,75.2,,g,,1997.163,2450508.9,0.798
33.4606375,-9.29591944,J021350.5-091745,FITS,02 13 50.553,-09 17 45.31,0.266,1.22,0.67,0.147,0.0,0.0,164.4,,g,,1997.163,2450509.2,1.064
12.65945833,-9.29594167,J005038.2-091745,FITS,00 50 38.270,-09 17 45.39,0.52,1.11,0.61,0.163,0.0,0.0,66.4,,,,1997.163,2450508.9,0.769
22.0484125,-9.29594444,J012811.6-091745,FITS,01 28 11.619,-09 17 45.40,0.014,2.17,1.57,0.142,0.0,0.0,72.3,,,,1997.163,2450509.1,1.074
22.884925,-9.29600278,J013132.3-091745,FITS,01 31 32.382,-09 17 45.61,0.014,8.74,10.65,0.145,3.77,1.39,140.5,,,,1997.164,2450509.2,1.128
354.8261875,-9.29604167,J233918.2-091745,FITS,23 39 18.285,-09 17 45.75,0.704,1.15,0.68,0.154,0.0,0.0,179.1,,,,1997.163,2450508.8,0.782
348.46544167,-9.29634167,J231351.7-091746,FITS,23 13 51.706,-09 17 46.83,0.492,1.0,0.37,0.141,0.0,0.0,91.6,,,,1997.253,2450541.9,10.689
18.0584,-9.2964,J011214.0-091747,FITS,01 12 14.016,-09 17 47.04,0.605,1.12,0.62,0.151,0.0,0.0,85.0,,,,1997.163,2450508.9,0.794
335.5151,-9.29663889,J222203.6-091747,FITS,22 22 03.624,-09 17 47.90,0.492,1.01,0.4,0.146,0.0,0.0,90.2,,,,1997.262,2450545.0,0.352
350.3484,-9.29683889,J232123.6-091748,FITS,23 21 23.616,-09 17 48.62,0.014,23.62,32.4,0.155,4.88,1.22,90.6,,,,1997.201,2450522.8,18.022
334.72431667,-9.29711944,J221853.8-091749,FITS,22 18 53.836,-09 17 49.63,0.014,11.06,19.47,0.153,7.64,2.84,175.6,,s,,1997.261,2450544.9,0.402
339.009475,-9.29715278,J223602.2-091749,FITS,22 36 02.274,-09 17 49.75,0.016,1.31,1.12,0.153,3.2,0.0,86.5,,g,,1997.26,2450544.5,0.436
329.3219375,-9.297325,J215717.2-091750,FITS,21 57 17.265,-09 17 50.37,0.111,1.39,0.84,0.171,0.0,0.0,73.1,,,,1997.162,2450508.5,0.391
18.578475,-9.29735556,J011418.8-091750,FITS,01 14 18.834,-09 17 50.48,0.749,1.09,0.7,0.156,0.0,0.0,87.3,,,,1997.163,2450509.1,0.649
5.35430417,-9.29746667,J002125.0-091750,FITS,00 21 25.033,-09 17 50.88,0.058,1.17,0.94,0.158,2.39,0.0,78.2,,,,1997.163,2450508.9,0.76
14.73257917,-9.297675,J005855.8-091751,FITS,00 58 55.819,-09 17 51.63,0.098,1.21,0.93,0.145,0.0,0.0,44.1,,g,,1997.163,2450509.1,1.026
16.67695,-9.29771944,J010642.4-091751,FITS,01 06 42.468,-09 17 51.79,0.522,1.14,0.87,0.159,3.28,0.0,87.8,,,,1997.163,2450509.1,0.636
328.82209167,-9.29784444,J215517.3-091752,FITS,21 55 17.302,-09 17 52.24,0.014,2.91,2.44,0.143,0.0,0.0,82.0,,g,,1997.167,2450510.4,6.204
337.813675,-9.29795,J223115.2-091752,FITS,22 31 15.282,-09 17 52.62,0.42,1.04,0.49,0.141,0.0,0.0,111.0,,,,1997.262,2450545.1,0.281
34.48943333,-9.29843889,J021757.4-091754,FITS,02 17 57.464,-09 17 54.38,0.014,6.61,10.81,0.168,7.35,2.1,3.2,,,,1997.163,2450508.9,0.821
350.56710833,-9.29848611,J232216.1-091754,FITS,23 22 16.106,-09 17 54.55,0.115,1.21,0.66,0.142,0.0,0.0,74.0,,,,1997.252,2450541.7,11.152
13.7021875,-9.29850833,J005448.5-091754,FITS,00 54 48.525,-09 17 54.63,0.287,1.3,1.26,0.158,5.38,0.0,57.1,,,,1997.163,2450509.2,0.575
33.877625,-9.29859167,J021530.6-091754,FITS,02 15 30.630,-09 17 54.93,0.014,10.26,10.53,0.156,1.88,0.0,176.5,,g,,1997.163,2450509.1,0.734
4.83926667,-9.29859722,J001921.4-091754,FITS,00 19 21.424,-09 17 54.95,0.21,1.17,1.17,0.151,2.5,0.0,89.0,,,,1997.163,2450509.1,1.079
5.35234583,-9.29861111,J002124.5-091755,FITS,00 21 24.563,-09 17 55.00,0.014,2.25,1.95,0.158,0.0,0.0,88.6,,g,,1997.163,2450508.9,0.766
13.68679583,-9.298775,J005444.8-091755,FITS,00 54 44.831,-09 17 55.59,0.528,1.23,0.72,0.159,1.18,0.0,111.9,,,,1997.163,2450509.1,0.615
10.6045125,-9.29896944,J004225.0-091756,FITS,00 42 25.083,-09 17 56.29,0.123,1.45,0.86,0.178,0.0,0.0,107.0,,g,,1997.163,2450509.0,0.764
27.31234583,-9.298975,J014914.9-091756,FITS,01 49 14.963,-09 17 56.31,0.014,1.81,1.89,0.156,4.55,0.0,42.8,,,,1997.163,2450509.2,1.054
32.139075,-9.29933611,J020833.3-091757,FITS,02 08 33.378,-09 17 57.61,0.877,1.04,0.86,0.158,2.73,0.0,124.5,,,,1997.163,2450509.0,0.758
328.31147083,-9.299375,J215314.7-091757,FITS,21 53 14.753,-09 17 57.75,0.094,2.3,3.13,0.168,7.57,0.0,77.4,,g,,1997.163,2450508.9,0.484
331.99627083,-9.29943056,J220759.1-091757,FITS,22 07 59.105,-09 17 57.95,0.032,7.91,8.34,0.434,1.57,1.12,57.6,,g,,1997.171,2450512.1,9.486
4.83275,-9.29949167,J001919.8-091758,FITS,00 19 19.860,-09 17 58.17,0.014,3.49,4.89,0.151,5.56,0.0,79.2,,,,1997.163,2450509.1,1.065
29.37809583,-9.29968056,J015730.7-091758,FITS,01 57 30.743,-09 17 58.85,0.507,1.12,0.55,0.159,0.0,0.0,100.5,,,,1997.163,2450509.1,0.735
13.716775,-9.29996111,J005452.0-091759,FITS,00 54 52.026,-09 17 59.86,0.865,1.08,0.95,0.157,1.87,0.0,79.0,,,,1997.164,2450509.2,0.535
2.1091625,-9.30011944,J000826.1-091800,FITS,00 08 26.199,-09 18 00.43,0.014,2.54,3.47,0.157,7.16,0.0,135.7,,,,1997.163,2450509.0,0.715
22.88822083,-9.30034722,J013133.1-091801,FITS,01 31 33.173,-09 18 01.25,0.014,15.97,18.06,0.143,2.68,1.46,143.0,,g,,1997.164,2450509.2,1.068
354.070425,-9.30063056,J233616.9-091802,FITS,23 36 16.902,-09 18 02.27,0.014,25.7,27.22,0.156,1.71,1.12,152.3,,,,1997.163,2450508.9,0.801
332.08747917,-9.30066389,J220820.9-091802,FITS,22 08 20.995,-09 18 02.39,0.032,7.64,9.67,0.393,4.94,0.0,46.8,,g,,1997.184,2450516.5,14.23
339.3949875,-9.30089167,J223734.7-091803,FITS,22 37 34.797,-09 18 03.21,0.014,2.01,1.8,0.138,1.23,0.0,64.9,,s,,1997.262,2450545.1,0.228
10.73899583,-9.30104167,J004257.3-091803,FITS,00 42 57.359,-09 18 03.75,0.014,5.84,5.52,0.16,0.99,0.0,82.4,,g,,1997.164,2450509.2,0.47
16.68397083,-9.30109444,J010644.1-091803,FITS,01 06 44.153,-09 18 03.94,0.014,3.51,3.91,0.158,4.12,0.0,87.5,,,,1997.163,2450509.1,0.621
18.47552083,-9.30131944,J011354.1-091804,FITS,01 13 54.125,-09 18 04.75,0.691,1.06,0.59,0.146,0.0,0.0,138.2,,,,1997.164,2450509.3,0.37
33.49841667,-9.30132778,J021359.6-091804,FITS,02 13 59.620,-09 18 04.78,0.014,51.77,52.44,0.151,1.37,0.0,8.7,,g,,1997.164,2450509.3,0.435
6.15839167,-9.30161944,J002438.0-091805,FITS,00 24 38.014,-09 18 05.83,0.016,1.68,1.2,0.159,0.0,0.0,83.6,,s,,1997.163,2450509.1,0.683
5.75553333,-9.30162778,J002301.3-091805,FITS,00 23 01.328,-09 18 05.86,0.058,1.24,0.83,0.151,0.0,0.0,55.3,,,,1997.164,2450509.2,0.454
14.67107917,-9.30167222,J005841.0-091806,FITS,00 58 41.059,-09 18 06.02,0.094,1.81,1.42,0.14,0.0,0.0,57.0,,g,,1997.163,2450509.2,1.037
330.54600417,-9.30185278,J220211.0-091806,FITS,22 02 11.041,-09 18 06.67,0.014,2.45,1.83,0.157,0.0,0.0,111.0,,,,1997.163,2450509.1,0.573
354.88575417,-9.30195833,J233932.5-091807,FITS,23 39 32.581,-09 18 07.05,0.272,1.42,1.13,0.158,3.44,0.0,65.5,,g,,1997.163,2450509.0,0.728
2.4401875,-9.30249167,J000945.6-091808,FITS,00 09 45.645,-09 18 08.97,0.014,2.23,1.84,0.158,1.48,0.0,149.4,,g,,1997.163,2450509.1,0.608
338.73535833,-9.3025,J223456.4-091809,FITS,22 34 56.486,-09 18 09.00,0.505,1.01,0.48,0.148,0.0,0.0,99.1,,,,1997.262,2450545.0,0.321
5.72337917,-9.30258611,J002253.6-091809,FITS,00 22 53.611,-09 18 09.31,0.253,1.06,1.1,0.147,5.25,0.0,65.3,,,,1997.164,2450509.3,0.364
3.86800417,-9.30286667,J001528.3-091810,FITS,00 15 28.321,-09 18 10.32,0.782,1.05,0.68,0.158,3.43,0.0,90.3,,s,,1997.163,2450509.0,0.757
335.28719583,-9.30291389,J222108.9-091810,FITS,22 21 08.927,-09 18 10.49,0.492,1.05,0.45,0.155,0.0,0.0,82.0,,,,1997.26,2450544.5,0.456
330.48524167,-9.30309167,J220156.4-091811,FITS,22 01 56.458,-09 18 11.13,0.391,1.09,0.64,0.149,1.32,0.0,94.0,,,,1997.164,2450509.2,0.399
2.35167083,-9.30315278,J000924.4-091811,FITS,00 09 24.401,-09 18 11.35,0.37,1.16,1.56,0.156,5.99,0.0,91.7,,g,,1997.163,2450509.0,0.779
10.4603375,-9.30315556,J004150.4-091811,FITS,00 41 50.481,-09 18 11.36,0.014,37.05,42.75,0.181,3.06,1.56,0.6,,g,,1997.163,2450508.9,0.828
7.71602917,-9.30318333,J003051.8-091811,FITS,00 30 51.847,-09 18 11.46,0.866,1.13,1.0,0.155,4.21,0.0,57.6,,,,1997.164,2450509.2,0.536
34.85697083,-9.30331111,J021925.6-091811,FITS,02 19 25.673,-09 18 11.92,0.014,2.68,7.32,0.14,13.47,1.4,76.9,,s,,1997.164,2450509.2,1.032
19.9986875,-9.30337222,J011959.6-091812,FITS,01 19 59.685,-09 18 12.14,0.326,1.0,0.67,0.15,2.77,0.0,62.7,,g,,1997.164,2450509.3,0.434
2.63470417,-9.30337778,J001032.3-091812,FITS,00 10 32.329,-09 18 12.16,0.515,1.0,0.49,0.145,0.0,0.0,80.8,,,,1997.163,2450509.2,1.039
20.66538333,-9.30341389,J012239.6-091812,FITS,01 22 39.692,-09 18 12.29,0.014,3.0,3.36,0.142,3.15,0.0,90.3,,,,1997.164,2450509.2,1.021
329.093875,-9.30346667,J215622.5-091812,FITS,21 56 22.530,-09 18 12.48,0.222,1.12,0.67,0.171,0.0,0.0,86.6,,,,1997.162,2450508.8,0.5
3.84145,-9.30351944,J001521.9-091812,FITS,00 15 21.948,-09 18 12.67,0.014,4.31,4.29,0.157,3.21,0.0,85.1,,g,,1997.163,2450508.9,0.791
354.80265,-9.30355,J233912.6-091812,FITS,23 39 12.636,-09 18 12.78,0.014,50.4,52.19,0.154,1.54,0.63,177.7,,,,1997.163,2450508.9,0.823
348.142325,-9.30363056,J231234.1-091813,FITS,23 12 34.158,-09 18 13.07,0.545,1.13,1.44,0.159,6.64,0.0,98.5,,,,1997.261,2450544.8,0.479
18.4870875,-9.303725,J011356.9-091813,FITS,01 13 56.901,-09 18 13.41,0.415,1.17,0.71,0.147,0.0,0.0,63.2,,,,1997.164,2450509.3,0.401
34.437125,-9.30376667,J021744.9-091813,FITS,02 17 44.910,-09 18 13.56,0.658,1.11,0.8,0.168,2.52,0.0,51.3,,g,,1997.163,2450509.0,0.816
21.10315417,-9.30378056,J012424.7-091813,FITS,01 24 24.757,-09 18 13.61,0.638,1.08,0.79,0.156,3.15,0.0,118.5,,g,,1997.163,2450509.0,0.778
333.33331667,-9.30381944,J221319.9-091813,FITS,22 13 19.996,-09 18 13.75,0.025,1.42,1.23,0.109,0.0,0.0,68.1,,,,1997.216,2450528.4,17.81
7.67205417,-9.30387778,J003041.2-091813,FITS,00 30 41.293,-09 18 13.96,0.454,1.17,0.92,0.159,4.98,0.0,57.1,,,,1997.163,2450509.1,0.654
36.28788333,-9.30400278,J022509.0-091814,FITS,02 25 09.092,-09 18 14.41,0.565,1.01,0.54,0.147,0.0,0.0,118.8,,s,,1997.164,2450509.4,0.292
350.7023,-9.30402778,J232248.5-091814,FITS,23 22 48.552,-09 18 14.50,0.339,1.16,1.26,0.144,2.98,0.0,161.3,,g,,1997.251,2450541.2,11.748
340.467475,-9.30414722,J224152.1-091814,FITS,22 41 52.194,-09 18 14.93,0.014,34.14,37.78,0.153,2.76,0.95,10.7,,,,1997.26,2450544.5,0.456
29.2707625,-9.30423611,J015704.9-091815,FITS,01 57 04.983,-09 18 15.25,0.027,1.32,1.07,0.155,0.0,0.0,136.3,,,,1997.163,2450509.0,0.841
20.94487917,-9.30424722,J012346.7-091815,FITS,01 23 46.771,-09 18 15.29,0.639,1.06,0.42,0.154,0.0,0.0,89.2,,,,1997.163,2450509.0,0.823
340.80893333,-9.30436667,J224314.1-091815,FITS,22 43 14.144,-09 18 15.72,0.303,1.0,0.84,0.141,4.89,0.0,62.5,,,,1997.262,2450545.1,0.276
21.1006,-9.304525,J012424.1-091816,FITS,01 24 24.144,-09 18 16.29,0.014,4.34,4.34,0.156,2.15,0.0,93.7,,,,1997.163,2450509.0,0.783
332.27022083,-9.30455556,J220904.8-091816,FITS,22 09 04.853,-09 18 16.40,0.014,46.53,48.82,0.267,1.62,1.0,168.1,,g,,1997.197,2450521.4,16.745
34.8530375,-9.3047,J021924.7-091816,FITS,02 19 24.729,-09 18 16.92,0.014,4.1,5.24,0.14,5.1,0.0,119.1,,,,1997.164,2450509.2,1.015
14.44265833,-9.304725,J005746.2-091817,FITS,00 57 46.238,-09 18 17.01,0.389,1.15,0.61,0.155,0.0,0.0,98.6,,,,1997.163,2450509.2,0.603
350.7079125,-9.30474722,J232249.8-091817,FITS,23 22 49.899,-09 18 17.09,0.014,2.11,2.11,0.146,4.05,0.0,72.9,,g,,1997.253,2450541.9,10.484
6.2910875,-9.30479444,J002509.8-091817,FITS,00 25 09.861,-09 18 17.26,0.014,3.26,3.03,0.147,0.62,0.0,86.7,,,,1997.164,2450509.3,0.285
33.87919583,-9.30482222,J021531.0-091817,FITS,02 15 31.007,-09 18 17.36,0.014,3.02,2.56,0.156,0.81,0.0,78.3,,,,1997.163,2450509.1,0.744
355.1186375,-9.30488333,J234028.4-091817,FITS,23 40 28.473,-09 18 17.58,0.569,1.06,0.46,0.144,0.0,0.0,88.0,,,,1997.163,2450509.1,1.021
8.75785,-9.30495833,J003501.8-091817,FITS,00 35 01.884,-09 18 17.85,0.014,15.01,15.66,0.151,1.41,0.89,95.0,,s,,1997.164,2450509.2,0.46
25.78507917,-9.304975,J014308.4-091817,FITS,01 43 08.419,-09 18 17.91,0.613,1.08,0.4,0.149,0.0,0.0,90.3,,,,1997.164,2450509.3,0.297
30.45165833,-9.30506389,J020148.3-091818,FITS,02 01 48.398,-09 18 18.23,0.419,1.01,0.77,0.145,1.87,0.0,74.0,,,,1997.164,2450509.2,0.974
37.29192083,-9.30513056,J022910.0-091818,FITS,02 29 10.061,-09 18 18.47,0.55,1.04,0.62,0.154,0.0,0.0,60.2,,g,,1997.164,2450509.3,0.557
2.354925,-9.30514722,J000925.1-091818,FITS,00 09 25.182,-09 18 18.53,0.707,1.1,0.72,0.157,1.78,0.0,98.8,,,,1997.163,2450509.0,0.78
332.48134583,-9.30516389,J220955.5-091818,FITS,22 09 55.523,-09 18 18.59,0.281,1.33,0.86,0.191,0.0,0.0,76.6,,,,1997.173,2450512.8,10.551
338.70518333,-9.30516667,J223449.2-091818,FITS,22 34 49.244,-09 18 18.60,0.014,1.7,1.32,0.144,0.0,0.0,73.4,,g,,1997.262,2450545.1,0.294
350.7049875,-9.30518333,J232249.1-091818,FITS,23 22 49.197,-09 18 18.66,0.014,1.73,1.95,0.144,4.4,0.0,100.0,,g,,1997.251,2450541.1,11.816
340.85054583,-9.30536944,J224324.1-091819,FITS,22 43 24.131,-09 18 19.33,0.227,1.0,0.71,0.138,3.2,0.0,76.0,,,,1997.262,2450545.1,0.225
335.95345417,-9.30545278,J222348.8-091819,FITS,22 23 48.829,-09 18 19.63,0.781,1.11,1.14,0.155,6.88,0.0,149.3,,,,1997.26,2450544.5,0.463
11.5321625,-9.30545833,J004607.7-091819,FITS,00 46 07.719,-09 18 19.65,0.14,1.11,0.63,0.146,0.0,0.0,87.9,,,,1997.164,2450509.3,0.348
24.80950833,-9.30552222,J013914.2-091819,FITS,01 39 14.282,-09 18 19.88,0.132,1.32,0.94,0.16,0.0,0.0,83.1,,,,1997.163,2450509.0,0.824
30.27327083,-9.30553889,J020105.5-091819,FITS,02 01 05.585,-09 18 19.94,0.014,6.39,6.49,0.148,1.74,0.0,69.9,,,,1997.164,2450509.3,0.372
13.56960833,-9.30558056,J005416.7-091820,FITS,00 54 16.706,-09 18 20.09,0.804,1.12,0.86,0.157,0.0,0.0,100.4,,g,,1997.163,2450509.0,0.817
2.83165833,-9.30563056,J001119.5-091820,FITS,00 11 19.598,-09 18 20.27,0.29,1.07,0.7,0.159,0.0,0.0,144.8,,,,1997.163,2450509.1,0.665
34.85225417,-9.30572778,J021924.5-091820,FITS,02 19 24.541,-09 18 20.62,0.014,14.11,14.44,0.14,1.68,0.0,80.2,,s,,1997.164,2450509.3,1.003
1.49972083,-9.30573333,J000559.9-091820,FITS,00 05 59.933,-09 18 20.64,0.365,1.12,0.73,0.155,2.02,0.0,55.1,,,,1997.163,2450508.9,0.854
40.7955625,-9.30576389,J024310.9-091820,FITS,02 43 10.935,-09 18 20.75,0.014,14.91,19.01,0.148,3.91,1.65,96.1,,,,1997.164,2450509.4,0.274
352.80017917,-9.305775,J233112.0-091820,FITS,23 31 12.043,-09 18 20.79,0.066,1.12,0.79,0.145,2.18,0.0,106.0,,,,1997.163,2450509.1,0.97
17.63985833,-9.30583611,J011033.5-091821,FITS,01 10 33.566,-09 18 21.01,0.756,1.06,0.41,0.141,0.0,0.0,87.0,,,,1997.164,2450509.2,1.008
330.90268333,-9.30597778,J220336.6-091821,FITS,22 03 36.644,-09 18 21.52,0.014,3.27,2.59,0.159,0.0,0.0,47.9,,g,,1997.163,2450509.0,0.705
34.18975,-9.30610833,J021645.5-091821,FITS,02 16 45.540,-09 18 21.99,0.014,6.03,12.38,0.142,7.15,5.02,19.0,,g,,1997.164,2450509.2,0.974
20.63909167,-9.30616667,J012233.3-091822,FITS,01 22 33.382,-09 18 22.20,0.267,1.12,1.11,0.143,2.7,0.0,88.7,,g,,1997.164,2450509.2,1.005
348.13959167,-9.30619722,J231233.5-091822,FITS,23 12 33.502,-09 18 22.31,0.871,1.07,4.67,0.159,15.25,6.81,81.9,,,,1997.261,2450544.8,0.479
340.75357917,-9.30640833,J224300.8-091823,FITS,22 43 00.859,-09 18 23.07,0.25,1.04,0.61,0.147,0.0,0.0,90.1,,s,,1997.262,2450545.0,0.338
40.79989583,-9.30646944,J024311.9-091823,FITS,02 43 11.975,-09 18 23.29,0.014,17.01,21.39,0.147,3.8,1.57,99.7,,,,1997.164,2450509.4,0.264
350.8244,-9.30648056,J232317.8-091823,FITS,23 23 17.856,-09 18 23.33,0.629,1.08,1.16,0.157,8.09,0.0,97.0,,g,,1997.226,2450532.0,17.699
328.00829583,-9.30649167,J215201.9-091823,FITS,21 52 01.991,-09 18 23.37,0.228,1.11,0.67,0.154,0.0,0.0,89.8,,,,1997.163,2450509.1,0.354
37.70354167,-9.30676944,J023048.8-091824,FITS,02 30 48.850,-09 18 24.37,0.498,1.14,0.87,0.156,1.03,0.0,29.8,,,,1997.164,2450509.3,0.571
13.79032083,-9.3068,J005509.6-091824,FITS,00 55 09.677,-09 18 24.48,0.339,1.3,1.92,0.149,7.5,0.0,80.5,,g,,1997.164,2450509.3,0.286
341.79137083,-9.30694444,J224709.9-091825,FITS,22 47 09.929,-09 18 25.00,0.258,1.23,0.68,0.153,0.0,0.0,121.9,,g,,1997.261,2450544.9,0.415
17.5802,-9.30702222,J011019.2-091825,FITS,01 10 19.248,-09 18 25.28,0.014,1.56,1.36,0.14,1.17,0.0,97.4,,g,,1997.164,2450509.2,0.978
5.67129167,-9.30707778,J002241.1-091825,FITS,00 22 41.110,-09 18 25.48,0.179,1.06,0.62,0.142,0.0,0.0,77.2,,,,1997.163,2450509.1,0.976
355.67369167,-9.30726667,J234241.6-091826,FITS,23 42 41.686,-09 18 26.16,0.848,1.08,0.72,0.158,2.3,0.0,78.3,,s,,1997.163,2450509.1,0.654
10.4568,-9.30727778,J004149.6-091826,FITS,00 41 49.632,-09 18 26.20,0.014,1.69,1.61,0.183,3.67,0.0,81.3,,s,,1997.163,2450508.9,0.84
356.49037083,-9.307625,J234557.6-091827,FITS,23 45 57.689,-09 18 27.45,0.014,1.57,0.87,0.151,0.0,0.0,110.6,,,,1997.164,2450509.2,0.465
17.5706,-9.30785278,J011016.9-091828,FITS,01 10 16.944,-09 18 28.27,0.014,6.46,9.12,0.141,5.7,0.0,90.5,,g,,1997.164,2450509.2,0.963
6.29009583,-9.30786389,J002509.6-091828,FITS,00 25 09.623,-09 18 28.31,0.016,1.49,1.3,0.147,3.89,0.0,91.9,,,,1997.164,2450509.3,0.283
18.18747917,-9.30794444,J011244.9-091828,FITS,01 12 44.995,-09 18 28.60,0.424,1.04,0.41,0.155,0.0,0.0,92.5,,,,1997.164,2450509.2,0.617
34.46757917,-9.30803889,J021752.2-091828,FITS,02 17 52.219,-09 18 28.94,0.67,1.14,1.36,0.17,5.74,0.0,115.2,,s,,1997.163,2450509.0,0.849
34.4890125,-9.30808611,J021757.3-091829,FITS,02 17 57.363,-09 18 29.11,0.014,25.69,45.86,0.171,7.93,2.74,0.4,,,,1997.163,2450509.0,0.859
5.3687875,-9.30826111,J002128.5-091829,FITS,00 21 28.509,-09 18 29.74,0.014,1.74,2.03,0.16,4.97,0.0,84.3,,,,1997.163,2450509.0,0.766
337.27954167,-9.30861667,J222907.0-091831,FITS,22 29 07.090,-09 18 31.02,0.014,3.44,3.3,0.155,0.0,0.0,113.8,,g,,1997.261,2450544.9,0.394
29.47973333,-9.30862778,J015755.1-091831,FITS,01 57 55.136,-09 18 31.06,0.09,1.28,0.67,0.154,0.0,0.0,102.8,,g,,1997.164,2450509.3,0.496
1.88404583,-9.30915278,J000732.1-091832,FITS,00 07 32.171,-09 18 32.95,0.457,1.0,0.84,0.141,5.66,0.0,98.4,,s,,1997.163,2450509.2,0.972
5.36610417,-9.30935,J002127.8-091833,FITS,00 21 27.865,-09 18 33.66,0.014,2.22,2.5,0.16,4.71,0.0,100.9,,,,1997.163,2450509.0,0.773
342.388375,-9.30937222,J224933.2-091833,FITS,22 49 33.210,-09 18 33.74,0.014,1.34,1.57,0.139,4.84,0.0,108.4,,,,1997.262,2450545.1,0.159
35.54207083,-9.30946667,J022210.0-091834,FITS,02 22 10.097,-09 18 34.08,0.014,3.21,3.07,0.145,3.7,0.0,109.8,,,,1997.164,2450509.4,0.278
346.52421667,-9.30978889,J230605.8-091835,FITS,23 06 05.812,-09 18 35.24,0.014,3.28,2.67,0.154,0.0,0.0,75.9,,,,1997.26,2450544.6,0.463
39.05575833,-9.30983333,J023613.3-091835,FITS,02 36 13.382,-09 18 35.40,0.115,1.19,0.81,0.154,0.0,0.0,95.9,,g,,1997.163,2450509.1,0.839
8.26796667,-9.30986944,J003304.3-091835,FITS,00 33 04.312,-09 18 35.53,0.034,3.93,4.78,0.417,5.22,0.0,125.1,,,,1997.163,2450508.9,0.862
24.54770833,-9.30988056,J013811.4-091835,FITS,01 38 11.450,-09 18 35.57,0.014,5.94,5.56,0.155,0.0,0.0,91.5,,g,,1997.164,2450509.2,0.576
36.38377917,-9.31014167,J022532.1-091836,FITS,02 25 32.107,-09 18 36.51,0.226,1.13,0.68,0.141,0.0,0.0,42.1,,,,1997.164,2450509.3,0.96
29.68154167,-9.31038889,J015843.5-091837,FITS,01 58 43.570,-09 18 37.40,0.347,1.09,0.42,0.146,0.0,0.0,90.3,,,,1997.164,2450509.4,0.222
334.24980417,-9.31047778,J221659.9-091837,FITS,22 16 59.953,-09 18 37.72,0.014,2.5,2.28,0.147,1.48,0.0,119.6,,g,,1997.262,2450545.0,0.338
31.7901875,-9.31051389,J020709.6-091837,FITS,02 07 09.645,-09 18 37.85,0.516,1.19,0.51,0.148,0.0,0.0,91.5,,s,,1997.164,2450509.4,0.281
331.34344583,-9.31055,J220522.4-091837,FITS,22 05 22.427,-09 18 37.98,0.014,13.39,14.13,0.416,1.73,0.71,104.5,,,,1997.163,2450509.0,0.701
39.48979583,-9.31065,J023757.5-091838,FITS,02 37 57.551,-09 18 38.34,0.561,1.0,0.53,0.147,0.0,0.0,82.4,,g,,1997.164,2450509.4,0.405
0.04056667,-9.311,J000009.7-091839,FITS,00 00 09.736,-09 18 39.60,0.421,1.15,0.55,0.153,0.0,0.0,77.2,,g,,1997.163,2450508.9,0.855
21.70559583,-9.31108056,J012649.3-091839,FITS,01 26 49.343,-09 18 39.89,0.014,1.94,1.41,0.151,0.0,0.0,45.0,,g,,1997.163,2450509.0,0.852
9.1780125,-9.31111389,J003642.7-091840,FITS,00 36 42.723,-09 18 40.01,0.703,1.06,0.65,0.158,1.62,0.0,66.8,,g,,1997.163,2450509.2,0.644
20.56407083,-9.31111944,J012215.3-091840,FITS,01 22 15.377,-09 18 40.03,0.609,1.09,0.49,0.145,0.0,0.0,98.9,,g,,1997.164,2450509.3,0.231
14.22198333,-9.31115,J005653.2-091840,FITS,00 56 53.276,-09 18 40.14,0.865,1.13,0.86,0.155,2.53,0.0,97.5,,g,,1997.163,2450509.0,0.862
6.7374375,-9.31146389,J002656.9-091841,FITS,00 26 56.985,-09 18 41.27,0.132,1.24,0.84,0.157,0.0,0.0,90.8,,,,1997.163,2450508.9,0.87
31.26804167,-9.31154167,J020504.3-091841,FITS,02 05 04.330,-09 18 41.55,0.127,1.27,0.76,0.154,0.0,0.0,92.9,,,,1997.164,2450509.3,0.488
30.98532083,-9.31168611,J020356.4-091842,FITS,02 03 56.477,-09 18 42.07,0.014,1.73,1.5,0.153,2.74,0.0,95.3,,,,1997.164,2450509.3,0.478
29.41544167,-9.31175556,J015739.7-091842,FITS,01 57 39.706,-09 18 42.32,0.507,1.11,0.85,0.159,3.0,0.0,61.0,,,,1997.164,2450509.2,0.677
13.7259625,-9.31177222,J005454.2-091842,FITS,00 54 54.231,-09 18 42.38,0.014,2.29,2.16,0.155,0.0,0.0,163.4,,s,,1997.164,2450509.3,0.507
335.642325,-9.31191389,J222234.1-091842,FITS,22 22 34.158,-09 18 42.89,0.421,1.01,0.72,0.142,3.62,0.0,52.4,,,,1997.262,2450545.1,0.154
0.50385417,-9.31217222,J000200.9-091843,FITS,00 02 00.925,-09 18 43.82,0.093,1.23,0.63,0.152,0.0,0.0,75.2,,g,,1997.164,2450509.2,0.447
347.16527917,-9.31228889,J230839.6-091844,FITS,23 08 39.667,-09 18 44.24,0.566,1.05,0.6,0.157,0.0,0.0,102.9,,,,1997.261,2450544.7,0.48
0.6445,-9.31233889,J000234.6-091844,FITS,00 02 34.680,-09 18 44.42,0.014,1.81,1.16,0.157,0.0,0.0,153.7,,g,,1997.163,2450509.0,0.795
25.54107917,-9.31253333,J014209.8-091845,FITS,01 42 09.859,-09 18 45.12,0.311,1.23,1.03,0.168,5.16,0.0,69.7,,,,1997.163,2450509.0,0.859
16.12551667,-9.312775,J010430.1-091845,FITS,01 04 30.124,-09 18 45.99,0.014,5.86,5.81,0.141,1.43,0.0,149.6,,,,1997.164,2450509.2,0.931
38.0935125,-9.31290278,J023222.4-091846,FITS,02 32 22.443,-09 18 46.45,0.014,3.6,3.33,0.16,2.55,0.0,61.4,,g,,1997.164,2450509.2,0.698
0.16457083,-9.31292222,J000039.4-091846,FITS,00 00 39.497,-09 18 46.52,0.014,4.35,4.91,0.159,4.14,0.0,58.4,,g,,1997.163,2450509.1,0.681
28.71609167,-9.31310556,J015451.8-091847,FITS,01 54 51.862,-09 18 47.18,0.08,1.16,0.94,0.152,2.74,0.0,57.5,,g,,1997.164,2450509.3,0.536
34.76669167,-9.31321389,J021904.0-091847,FITS,02 19 04.006,-09 18 47.57,0.721,1.07,2.51,0.149,12.52,0.0,75.2,,s,,1997.164,2450509.4,0.387
9.38992083,-9.31326944,J003733.5-091847,FITS,00 37 33.581,-09 18 47.77,0.629,1.02,0.64,0.144,1.29,0.0,91.1,,,,1997.164,2450509.4,0.0
13.69802083,-9.31334444,J005447.5-091848,FITS,00 54 47.525,-09 18 48.04,0.014,245.32,373.39,0.158,6.01,2.59,175.4,,g,,1997.164,2450509.2,0.59
21.4736375,-9.31356944,J012553.6-091848,FITS,01 25 53.673,-09 18 48.85,0.541,1.1,0.56,0.146,0.0,0.0,86.9,,s,,1997.164,2450509.3,0.359
352.85462083,-9.31363056,J233125.1-091849,FITS,23 31 25.109,-09 18 49.07,0.016,1.44,0.99,0.144,0.0,0.0,67.6,,,,1997.164,2450509.3,0.156
357.2345375,-9.31364722,J234856.2-091849,FITS,23 48 56.289,-09 18 49.13,0.319,1.1,0.45,0.152,0.0,0.0,81.1,,,,1997.164,2450509.2,0.481
0.60820417,-9.31369167,J000225.9-091849,FITS,00 02 25.969,-09 18 49.29,0.499,1.14,1.26,0.159,5.45,0.0,69.0,,g,,1997.163,2450509.1,0.734
3.5849125,-9.31375833,J001420.3-091849,FITS,00 14 20.379,-09 18 49.53,0.122,6.31,5.38,0.34,0.0,0.0,61.7,,s,,1997.163,2450509.1,0.68
19.80367083,-9.31390278,J011912.8-091850,FITS,01 19 12.881,-09 18 50.05,0.014,1.28,1.53,0.145,4.28,0.0,103.8,,,,1997.164,2450509.3,0.248
3.8472625,-9.31404167,J001523.3-091850,FITS,00 15 23.343,-09 18 50.55,0.482,1.2,1.74,0.158,9.71,0.0,83.0,,g,,1997.163,2450509.0,0.81
36.52224583,-9.31405278,J022605.3-091850,FITS,02 26 05.339,-09 18 50.59,0.565,1.07,0.5,0.152,0.0,0.0,90.9,,,,1997.164,2450509.3,0.499
31.36160833,-9.31408056,J020526.7-091850,FITS,02 05 26.786,-09 18 50.69,0.014,2.1,1.79,0.16,1.33,0.0,108.0,,,,1997.163,2450509.2,0.74
34.42481667,-9.31416389,J021741.9-091850,FITS,02 17 41.956,-09 18 50.99,0.014,1.9,1.74,0.172,1.61,0.0,87.0,,,,1997.163,2450509.1,0.836
23.1632375,-9.31499722,J013239.1-091853,FITS,01 32 39.177,-09 18 53.99,0.599,1.11,0.67,0.158,2.61,0.0,96.6,,s,,1997.163,2450509.1,0.825
13.6701625,-9.315075,J005440.8-091854,FITS,00 54 40.839,-09 18 54.27,0.025,1.67,1.54,0.16,3.04,0.0,6.2,,,,1997.163,2450509.2,0.668
353.75022917,-9.31509444,J233500.0-091854,FITS,23 35 00.055,-09 18 54.34,0.016,5.57,6.82,0.333,4.46,0.0,109.5,,g,,1997.164,2450509.2,0.435
343.529475,-9.31511389,J225407.0-091854,FITS,22 54 07.074,-09 18 54.41,0.081,2.74,1.93,0.156,0.0,0.0,45.6,,g,,1997.26,2450544.6,0.471
355.92465417,-9.31513056,J234341.9-091854,FITS,23 43 41.917,-09 18 54.47,0.014,5.12,4.7,0.144,0.0,0.0,88.4,,g,,1997.164,2450509.3,0.205
340.82839583,-9.31515556,J224318.8-091854,FITS,22 43 18.815,-09 18 54.56,0.014,19.45,20.08,0.14,1.48,0.46,153.4,,,,1997.262,2450545.1,0.188
355.52546667,-9.31525556,J234206.1-091854,FITS,23 42 06.112,-09 18 54.92,0.415,1.29,0.88,0.156,0.0,0.0,89.9,,s,,1997.163,2450508.9,0.877
16.67159167,-9.31536944,J010641.1-091855,FITS,01 06 41.182,-09 18 55.33,0.381,1.05,1.38,0.159,7.63,0.0,75.5,,,,1997.164,2450509.2,0.662
9.9625875,-9.31545,J003951.0-091855,FITS,00 39 51.021,-09 18 55.62,0.62,1.15,0.61,0.156,0.0,0.0,85.2,,,,1997.164,2450509.2,0.546
334.69445833,-9.31549167,J221846.6-091855,FITS,22 18 46.670,-09 18 55.77,0.014,7.97,9.04,0.155,2.72,1.61,163.0,,s,,1997.261,2450544.9,0.427
355.5241375,-9.31558611,J234205.7-091856,FITS,23 42 05.793,-09 18 56.11,0.528,1.47,0.82,0.156,0.0,0.0,163.9,,,,1997.163,2450508.9,0.879
359.53817917,-9.31565278,J235809.1-091856,FITS,23 58 09.163,-09 18 56.35,0.12,1.15,1.05,0.145,3.79,0.0,27.6,,g,,1997.164,2450509.3,0.327
14.4762375,-9.3158,J005754.2-091856,FITS,00 57 54.297,-09 18 56.88,0.311,1.15,0.45,0.15,0.0,0.0,90.0,,s,,1997.164,2450509.3,0.506
356.17059167,-9.31581944,J234440.9-091856,FITS,23 44 40.942,-09 18 56.95,0.014,1.99,1.58,0.157,0.87,0.0,113.5,,,,1997.163,2450509.0,0.836
15.44975833,-9.31611111,J010147.9-091858,FITS,01 01 47.942,-09 18 58.00,0.346,1.05,0.7,0.144,0.0,0.0,32.6,,,,1997.164,2450509.3,0.252
32.23792917,-9.31633333,J020857.1-091858,FITS,02 08 57.103,-09 18 58.80,0.278,1.23,0.87,0.158,1.31,0.0,105.2,,,,1997.163,2450509.1,0.887
23.54976667,-9.31633889,J013411.9-091858,FITS,01 34 11.944,-09 18 58.82,0.014,11.04,10.94,0.244,0.63,0.0,26.7,,g,,1997.164,2450509.3,0.253
13.05535833,-9.31635,J005213.2-091858,FITS,00 52 13.286,-09 18 58.86,0.226,1.35,0.83,0.146,1.19,0.0,64.5,,s,,1997.164,2450509.3,0.243
358.69374583,-9.31649167,J235446.4-091859,FITS,23 54 46.499,-09 18 59.37,0.138,1.25,1.06,0.158,4.65,0.0,86.4,,,,1997.163,2450509.2,0.603
342.15969583,-9.31660833,J224838.3-091859,FITS,22 48 38.327,-09 18 59.79,0.014,1.87,1.97,0.157,5.51,0.0,113.8,,g,,1997.261,2450544.8,0.464
24.48255417,-9.31673611,J013755.8-091900,FITS,01 37 55.813,-09 19 00.25,0.014,3.28,3.0,0.146,0.0,0.0,43.3,,,,1997.164,2450509.3,0.383
28.11246667,-9.31673889,J015226.9-091900,FITS,01 52 26.992,-09 19 00.26,0.014,2.12,2.46,0.143,3.4,1.14,160.5,,,,1997.164,2450509.4,0.0
0.89230417,-9.31685556,J000334.1-091900,FITS,00 03 34.153,-09 19 00.68,0.644,1.04,0.9,0.158,6.06,0.0,108.1,,s,,1997.163,2450509.1,0.737
19.75095833,-9.31725556,J011900.2-091902,FITS,01 19 00.230,-09 19 02.12,0.429,1.04,0.53,0.149,0.0,0.0,105.8,,,,1997.164,2450509.3,0.43
347.83923333,-9.31729444,J231121.4-091902,FITS,23 11 21.416,-09 19 02.26,0.014,8.89,8.68,0.158,0.96,0.0,74.8,,g,,1997.261,2450544.8,0.462
352.33369583,-9.31730833,J232920.0-091902,FITS,23 29 20.087,-09 19 02.31,0.272,1.2,0.71,0.16,0.0,0.0,99.3,,g,,1997.178,2450514.4,13.053
34.46229583,-9.31734444,J021750.9-091902,FITS,02 17 50.951,-09 19 02.44,0.014,2.61,3.3,0.174,4.35,0.0,86.1,,,,1997.163,2450509.1,0.876
25.87802083,-9.317375,J014330.7-091902,FITS,01 43 30.725,-09 19 02.55,0.014,4.63,5.3,0.145,3.28,0.0,73.8,,,,1997.164,2450509.4,0.0
13.57826667,-9.31752778,J005418.7-091903,FITS,00 54 18.784,-09 19 03.10,0.797,1.09,2.62,0.159,9.84,4.5,168.3,,,,1997.163,2450509.1,0.841
331.92075833,-9.31765278,J220740.9-091903,FITS,22 07 40.982,-09 19 03.55,0.032,9.85,11.17,0.437,3.11,1.09,4.8,,,,1997.166,2450510.0,4.892
32.77,-9.31771111,J021104.8-091903,FITS,02 11 04.800,-09 19 03.76,0.504,1.04,0.58,0.152,0.0,0.0,83.0,,,,1997.164,2450509.3,0.494
7.13585417,-9.31781667,J002832.6-091904,FITS,00 28 32.605,-09 19 04.14,0.07,1.14,0.87,0.143,3.52,0.0,50.1,,,,1997.164,2450509.4,0.0
333.78603333,-9.317875,J221508.6-091904,FITS,22 15 08.648,-09 19 04.35,0.014,1.49,1.2,0.144,1.16,0.0,60.4,,g,,1997.247,2450539.8,11.78
39.984375,-9.31808056,J023956.2-091905,FITS,02 39 56.250,-09 19 05.09,0.014,3.97,3.43,0.15,0.0,0.0,73.1,,,,1997.164,2450509.4,0.479
328.25031667,-9.31808333,J215300.0-091905,FITS,21 53 00.076,-09 19 05.10,0.239,1.16,0.45,0.156,0.0,0.0,90.3,,,,1997.163,2450509.1,0.357
20.9994625,-9.31825556,J012359.8-091905,FITS,01 23 59.871,-09 19 05.72,0.717,1.09,0.43,0.157,0.0,0.0,84.3,,,,1997.163,2450509.0,0.898
4.10452917,-9.31835556,J001625.0-091906,FITS,00 16 25.087,-09 19 06.08,0.299,1.14,0.54,0.142,0.0,0.0,66.2,,,,1997.164,2450509.3,0.0
31.8354375,-9.31840556,J020720.5-091906,FITS,02 07 20.505,-09 19 06.26,0.442,1.31,0.63,0.144,0.0,0.0,76.6,,,,1997.164,2450509.4,0.184
34.375125,-9.31844722,J021730.0-091906,FITS,02 17 30.030,-09 19 06.41,0.524,1.14,1.31,0.172,3.88,0.0,113.3,,g,,1997.164,2450509.2,0.774
336.326075,-9.31846944,J222518.2-091906,FITS,22 25 18.258,-09 19 06.49,0.014,2.53,2.06,0.14,0.0,0.0,89.2,,g,,1997.262,2450545.1,0.189
25.892025,-9.31860556,J014334.0-091906,FITS,01 43 34.086,-09 19 06.98,0.091,1.23,1.08,0.145,2.85,0.0,98.1,,,,1997.164,2450509.4,0.0
7.30727917,-9.31862222,J002913.7-091907,FITS,00 29 13.747,-09 19 07.04,0.69,1.04,0.47,0.156,0.0,0.0,89.9,,g,,1997.164,2450509.2,0.606
14.64963333,-9.31868056,J005835.9-091907,FITS,00 58 35.912,-09 19 07.25,0.014,5.13,5.08,0.14,1.05,0.0,113.3,,,,1997.164,2450509.4,0.159
13.60583333,-9.31879167,J005425.4-091907,FITS,00 54 25.400,-09 19 07.65,0.866,1.12,3.23,0.16,8.42,7.57,89.4,,s,,1997.163,2450509.1,0.807
5.5198125,-9.31911389,J002204.7-091908,FITS,00 22 04.755,-09 19 08.81,0.014,2.04,1.82,0.147,2.59,0.0,124.0,,,,1997.164,2450509.3,0.375
341.06574583,-9.31929722,J224415.7-091909,FITS,22 44 15.779,-09 19 09.47,0.016,1.46,0.87,0.156,0.0,0.0,55.0,,,,1997.261,2450544.9,0.436
328.2156375,-9.31972222,J215251.7-091911,FITS,21 52 51.753,-09 19 11.00,0.136,1.17,1.14,0.149,6.41,0.0,94.2,,,,1997.164,2450509.2,0.281
37.37872917,-9.31982778,J022930.8-091911,FITS,02 29 30.895,-09 19 11.38,0.014,9.52,9.41,0.158,0.88,0.0,81.3,,,,1997.164,2450509.2,0.781
25.87414167,-9.31999167,J014329.7-091911,FITS,01 43 29.794,-09 19 11.97,0.014,7.67,8.06,0.144,2.41,0.0,78.4,,s,,1997.164,2450509.4,0.0
23.09104583,-9.32002778,J013221.8-091912,FITS,01 32 21.851,-09 19 12.10,0.777,1.15,0.79,0.16,0.0,0.0,88.0,,,,1997.164,2450509.2,0.7
332.60501667,-9.32006389,J221025.2-091912,FITS,22 10 25.204,-09 19 12.23,0.134,1.19,0.56,0.145,0.0,0.0,94.4,,s,,1997.164,2450509.3,0.0
333.95997917,-9.3202,J221550.3-091912,FITS,22 15 50.395,-09 19 12.72,0.014,6.17,5.95,0.148,0.0,0.0,88.0,,g,,1997.257,2450543.2,7.539
359.99755417,-9.32025833,J235959.4-091912,FITS,23 59 59.413,-09 19 12.93,0.016,3.64,3.3,0.155,0.0,0.0,124.4,,,,1997.163,2450509.0,0.904
9.20272083,-9.32031389,J003648.6-091913,FITS,00 36 48.653,-09 19 13.13,0.469,1.04,0.43,0.156,0.0,0.0,92.6,,,,1997.164,2450509.2,0.577
355.55624583,-9.32039722,J234213.4-091913,FITS,23 42 13.499,-09 19 13.43,0.431,1.55,1.35,0.156,5.33,0.0,61.1,,,,1997.163,2450509.0,0.871
341.3687625,-9.32041111,J224528.5-091913,FITS,22 45 28.503,-09 19 13.48,0.014,8.14,9.2,0.158,3.69,0.0,96.5,,,,1997.261,2450544.7,0.483
11.0943375,-9.32044722,J004422.6-091913,FITS,00 44 22.641,-09 19 13.61,0.014,4.0,5.67,0.16,4.21,3.21,85.4,,g,,1997.163,2450509.2,0.708
6.98070417,-9.32060833,J002755.3-091914,FITS,00 27 55.369,-09 19 14.19,0.522,1.02,0.56,0.151,0.0,0.0,63.3,,,,1997.164,2450509.3,0.491
1.82095417,-9.320625,J000717.0-091914,FITS,00 07 17.029,-09 19 14.25,0.104,1.17,1.0,0.141,5.22,0.0,82.6,,g,,1997.164,2450509.3,0.208
8.7952125,-9.32068056,J003510.8-091914,FITS,00 35 10.851,-09 19 14.45,0.014,1.72,1.3,0.155,1.7,0.0,115.9,,g,,1997.164,2450509.2,0.57
343.53185833,-9.32092222,J225407.6-091915,FITS,22 54 07.646,-09 19 15.32,0.06,1.26,1.1,0.157,0.0,0.0,86.5,,g,,1997.261,2450544.6,0.479
15.46617083,-9.32099167,J010151.8-091915,FITS,01 01 51.881,-09 19 15.57,0.014,1.72,2.11,0.144,5.89,0.0,59.1,,g,,1997.164,2450509.3,0.335
347.56287917,-9.32124444,J231015.0-091916,FITS,23 10 15.091,-09 19 16.48,0.014,2.0,1.79,0.142,2.7,0.0,84.4,,g,,1997.262,2450545.1,0.209
8.2747875,-9.32128611,J003305.9-091916,FITS,00 33 05.949,-09 19 16.63,0.117,2.6,2.62,0.406,3.12,0.0,67.6,,g,,1997.163,2450509.0,0.895
36.46079167,-9.32136667,J022550.5-091916,FITS,02 25 50.590,-09 19 16.92,0.312,1.2,0.63,0.143,0.0,0.0,105.5,,,,1997.164,2450509.4,0.321
34.48178333,-9.32150278,J021755.6-091917,FITS,02 17 55.628,-09 19 17.41,0.517,1.22,0.8,0.176,0.0,0.0,121.6,,,,1997.163,2450509.1,0.9
29.97953333,-9.32171667,J015955.0-091918,FITS,01 59 55.088,-09 19 18.18,0.608,1.06,1.19,0.157,6.94,0.0,104.0,,g,,1997.163,2450509.1,0.899
34.871375,-9.32179722,J021929.1-091918,FITS,02 19 29.130,-09 19 18.47,0.178,1.29,0.64,0.142,0.0,0.0,98.8,,,,1997.164,2450509.4,0.0
343.01576667,-9.32181944,J225203.7-091918,FITS,22 52 03.784,-09 19 18.55,0.493,1.01,0.36,0.143,0.0,0.0,89.9,,,,1997.262,2450545.1,0.295
29.1121375,-9.321825,J015626.9-091918,FITS,01 56 26.913,-09 19 18.57,0.014,3.04,2.32,0.159,0.0,0.0,94.2,,g,,1997.164,2450509.2,0.751
354.84025833,-9.32183333,J233921.6-091918,FITS,23 39 21.662,-09 19 18.60,0.797,1.05,0.56,0.158,0.0,0.0,92.0,,,,1997.163,2450509.0,0.836
24.74125,-9.32186111,J013857.9-091918,FITS,01 38 57.900,-09 19 18.70,0.372,1.08,0.4,0.157,0.0,0.0,86.2,,,,1997.163,2450509.1,0.905
332.7637375,-9.32190833,J221103.2-091918,FITS,22 11 03.297,-09 19 18.87,0.361,1.01,0.82,0.152,5.26,0.0,94.6,,,,1997.18,2450515.1,12.871
18.02404167,-9.32195556,J011205.7-091919,FITS,01 12 05.770,-09 19 19.04,0.657,1.12,0.76,0.154,0.0,0.0,44.1,,,,1997.163,2450509.1,0.898
25.67681667,-9.32198889,J014242.4-091919,FITS,01 42 42.436,-09 19 19.16,0.014,6.29,5.92,0.165,1.07,0.0,79.8,,g,,1997.164,2450509.3,0.653
330.1161625,-9.32203333,J220027.8-091919,FITS,22 00 27.879,-09 19 19.32,0.402,1.12,0.77,0.159,3.02,0.0,146.1,,,,1997.163,2450509.0,0.801
345.51705417,-9.32209444,J230204.0-091919,FITS,23 02 04.093,-09 19 19.54,0.014,2.21,1.43,0.148,0.0,0.0,66.0,,,,1997.262,2450545.0,0.355
348.05825833,-9.32215833,J231213.9-091919,FITS,23 12 13.982,-09 19 19.77,0.014,8.97,8.81,0.158,1.44,0.0,175.2,,,,1997.261,2450544.7,0.484
36.70495417,-9.3222,J022649.1-091919,FITS,02 26 49.189,-09 19 19.92,0.014,1.92,1.4,0.158,0.0,0.0,77.7,,g,,1997.163,2450509.1,0.882
24.6511,-9.32235833,J013836.2-091920,FITS,01 38 36.264,-09 19 20.49,0.014,31.52,36.0,0.158,3.13,1.05,27.9,,,,1997.163,2450509.1,0.824
4.2102625,-9.32236944,J001650.4-091920,FITS,00 16 50.463,-09 19 20.53,0.016,1.23,1.03,0.142,3.39,0.0,97.3,,,,1997.164,2450509.3,0.319
5.85749167,-9.32256667,J002325.7-091921,FITS,00 23 25.798,-09 19 21.24,0.345,1.05,0.68,0.159,3.01,0.0,68.0,,g,,1997.163,2450509.1,0.742
333.99321667,-9.32265,J221558.3-091921,FITS,22 15 58.372,-09 19 21.54,0.135,1.12,0.66,0.144,0.0,0.0,54.4,,g,,1997.259,2450543.9,6.182
12.4483375,-9.32266389,J004947.6-091921,FITS,00 49 47.601,-09 19 21.59,0.563,1.12,0.94,0.173,2.23,0.0,86.5,,,,1997.164,2450509.3,0.241
27.0291625,-9.32278056,J014806.9-091922,FITS,01 48 06.999,-09 19 22.01,0.483,1.05,0.53,0.157,0.0,0.0,101.6,,,,1997.163,2450509.1,0.897
348.05592083,-9.32286667,J231213.4-091922,FITS,23 12 13.421,-09 19 22.32,0.014,6.76,30.65,0.158,18.68,5.03,68.6,,,,1997.261,2450544.7,0.484
11.09168333,-9.32303611,J004422.0-091922,FITS,00 44 22.004,-09 19 22.93,0.014,3.96,6.09,0.16,5.11,3.2,81.9,,g,,1997.163,2450509.2,0.704
344.94334583,-9.323075,J225946.4-091923,FITS,22 59 46.403,-09 19 23.07,0.014,3.15,2.57,0.182,1.34,0.0,85.3,,,,1997.261,2450544.6,0.484
3.4909375,-9.323125,J001357.8-091923,FITS,00 13 57.825,-09 19 23.25,0.014,98.24,140.32,0.393,4.92,2.65,39.0,,,,1997.164,2450509.3,0.405
335.16505,-9.32312778,J222039.6-091923,FITS,22 20 39.612,-09 19 23.26,0.296,1.13,1.18,0.158,6.99,0.0,71.1,,g,,1997.261,2450544.7,0.486
1.941725,-9.32321111,J000746.0-091923,FITS,00 07 46.014,-09 19 23.56,0.434,1.07,0.78,0.142,0.0,0.0,89.4,,,,1997.164,2450509.3,0.228
8.7963625,-9.32331944,J003511.1-091923,FITS,00 35 11.127,-09 19 23.95,0.115,1.57,1.02,0.155,1.43,0.0,135.3,,g,,1997.164,2450509.2,0.574
341.52306667,-9.32356944,J224605.5-091924,FITS,22 46 05.536,-09 19 24.85,0.245,1.32,0.72,0.143,0.0,0.0,104.1,,g,,1997.262,2450545.1,0.278
338.94205833,-9.32357778,J223546.0-091924,FITS,22 35 46.094,-09 19 24.88,0.014,1.89,1.89,0.156,2.93,0.0,96.1,,,,1997.261,2450544.6,0.485
4.71816667,-9.32358611,J001852.3-091924,FITS,00 18 52.360,-09 19 24.91,0.293,1.13,0.74,0.153,2.27,0.0,105.3,,g,,1997.164,2450509.2,0.529
341.15404583,-9.32384167,J224436.9-091925,FITS,22 44 36.971,-09 19 25.83,0.233,1.19,0.43,0.158,0.0,0.0,87.6,,,,1997.261,2450544.7,0.486
5.51777917,-9.32386389,J002204.2-091925,FITS,00 22 04.267,-09 19 25.91,0.014,2.16,2.13,0.147,1.6,0.0,93.0,,,,1997.164,2450509.3,0.379
15.549875,-9.32396667,J010211.9-091926,FITS,01 02 11.970,-09 19 26.28,0.014,3.61,3.19,0.154,0.0,0.0,132.3,,g,,1997.164,2450509.3,0.583
20.91875,-9.32418056,J012340.5-091927,FITS,01 23 40.500,-09 19 27.05,0.61,1.04,0.45,0.157,0.0,0.0,100.1,,g,,1997.163,2450509.1,0.852
7.2848875,-9.32430833,J002908.3-091927,FITS,00 29 08.373,-09 19 27.51,0.437,1.15,0.83,0.153,0.0,0.0,91.0,,,,1997.164,2450509.2,0.538
352.02741667,-9.32437778,J232806.5-091927,FITS,23 28 06.580,-09 19 27.76,0.528,1.14,0.59,0.147,0.0,0.0,67.6,,g,,1997.167,2450510.6,6.966
34.65724167,-9.32464444,J021837.7-091928,FITS,02 18 37.738,-09 19 28.72,0.797,1.12,0.66,0.17,0.0,0.0,62.7,,,,1997.164,2450509.3,0.709
354.8664625,-9.32484444,J233927.9-091929,FITS,23 39 27.951,-09 19 29.44,0.494,1.32,0.67,0.159,0.0,0.0,66.7,,,,1997.163,2450509.1,0.8
0.82566667,-9.324875,J000318.1-091929,FITS,00 03 18.160,-09 19 29.55,0.554,1.07,1.38,0.156,6.22,0.0,93.5,,,,1997.163,2450509.1,0.861
21.7169875,-9.324975,J012652.0-091929,FITS,01 26 52.077,-09 19 29.91,0.014,4.85,4.5,0.152,0.8,0.0,103.0,,s,,1997.163,2450509.1,0.9
24.696075,-9.32498056,J013847.0-091929,FITS,01 38 47.058,-09 19 29.93,0.137,1.31,0.84,0.157,0.0,0.0,86.7,,,,1997.163,2450509.1,0.883
31.70843333,-9.32517222,J020650.0-091930,FITS,02 06 50.024,-09 19 30.62,0.014,4.42,3.71,0.155,0.0,0.0,97.2,,g,,1997.164,2450509.3,0.56
0.46499583,-9.32556667,J000151.5-091932,FITS,00 01 51.599,-09 19 32.04,0.354,1.02,0.89,0.147,3.55,0.0,41.6,,,,1997.164,2450509.3,0.331
33.80975417,-9.32564167,J021514.3-091932,FITS,02 15 14.341,-09 19 32.31,0.014,3.69,2.9,0.156,0.0,0.0,133.5,,g,,1997.163,2450509.2,0.879
352.34175833,-9.32569444,J232922.0-091932,FITS,23 29 22.022,-09 19 32.50,0.311,1.19,1.03,0.16,3.24,0.0,97.8,,s,,1997.181,2450515.4,13.984
33.81123333,-9.32583333,J021514.6-091933,FITS,02 15 14.696,-09 19 33.00,0.043,1.27,3.98,0.156,18.76,0.0,86.3,,s,,1997.163,2450509.2,0.878
348.04754167,-9.32589722,J231211.4-091933,FITS,23 12 11.410,-09 19 33.23,0.014,9.4,36.23,0.159,11.35,8.62,33.3,,,,1997.261,2450544.7,0.486
7.94509583,-9.32606944,J003146.8-091933,FITS,00 31 46.823,-09 19 33.85,0.787,1.18,0.89,0.177,3.35,0.0,92.0,,,,1997.164,2450509.3,0.23
330.267825,-9.32610278,J220104.2-091933,FITS,22 01 04.278,-09 19 33.97,0.484,1.0,0.49,0.147,0.0,0.0,92.3,,,,1997.164,2450509.2,0.381
25.26527917,-9.32630278,J014103.6-091934,FITS,01 41 03.667,-09 19 34.69,0.304,1.4,4.42,0.179,10.01,7.31,38.1,,s,,1997.164,2450509.3,0.477
11.44474167,-9.32631389,J004546.7-091934,FITS,00 45 46.738,-09 19 34.73,0.014,25.08,29.32,0.155,3.25,1.0,124.0,,,,1997.164,2450509.2,0.602
359.5845125,-9.32631389,J235820.2-091934,FITS,23 58 20.283,-09 19 34.73,0.234,1.05,1.08,0.142,6.18,0.0,128.6,,,,1997.164,2450509.3,0.178
34.8282125,-9.326325,J021918.7-091934,FITS,02 19 18.771,-09 19 34.77,0.69,1.02,0.62,0.142,2.47,0.0,110.1,,,,1997.164,2450509.4,0.189
37.4231625,-9.32633333,J022941.5-091934,FITS,02 29 41.559,-09 19 34.80,0.014,2.64,3.69,0.158,7.69,0.0,60.3,,,,1997.164,2450509.2,0.86
336.1737125,-9.32641111,J222441.6-091935,FITS,22 24 41.691,-09 19 35.08,0.866,1.04,1.18,0.156,6.05,0.0,75.3,,s,,1997.261,2450544.9,0.442
1.77286667,-9.32649722,J000705.4-091935,FITS,00 07 05.488,-09 19 35.39,0.34,1.06,0.65,0.144,2.44,0.0,109.7,,g,,1997.164,2450509.3,0.365
14.5527,-9.32650556,J005812.6-091935,FITS,00 58 12.648,-09 19 35.42,0.361,1.02,0.45,0.141,0.0,0.0,97.9,,s,,1997.164,2450509.4,0.286
23.3139625,-9.32651111,J013315.3-091935,FITS,01 33 15.351,-09 19 35.44,0.365,1.59,0.83,0.181,0.0,0.0,121.7,,g,,1997.163,2450509.1,0.877
352.1034375,-9.32657778,J232824.8-091935,FITS,23 28 24.825,-09 19 35.68,0.574,1.07,0.42,0.145,0.0,0.0,89.6,,,,1997.164,2450509.3,0.0
352.053675,-9.32660833,J232812.8-091935,FITS,23 28 12.882,-09 19 35.79,0.343,1.16,0.65,0.145,0.0,0.0,90.4,,,,1997.166,2450510.2,5.624
346.86755,-9.32688056,J230728.2-091936,FITS,23 07 28.212,-09 19 36.77,0.014,19.0,19.92,0.14,1.89,0.49,162.9,,,,1997.262,2450545.2,0.0
3.48965833,-9.32700833,J001357.5-091937,FITS,00 13 57.518,-09 19 37.23,0.014,26.72,100.91,0.393,13.61,6.78,9.8,,,,1997.164,2450509.3,0.4
29.5551875,-9.32717778,J015813.2-091937,FITS,01 58 13.245,-09 19 37.84,0.014,14.21,17.66,0.146,3.62,1.75,111.9,,,,1997.164,2450509.4,0.229
21.30707083,-9.32733056,J012513.6-091938,FITS,01 25 13.697,-09 19 38.39,0.654,1.0,0.47,0.144,0.0,0.0,96.8,,,,1997.164,2450509.4,0.225
349.49205417,-9.32746111,J231758.0-091938,FITS,23 17 58.093,-09 19 38.86,0.361,1.1,0.62,0.16,0.0,0.0,93.8,,,,1997.199,2450522.1,17.87
348.04795,-9.32746389,J231211.5-091938,FITS,23 12 11.508,-09 19 38.87,0.014,40.24,54.46,0.159,4.48,2.03,66.2,,,,1997.261,2450544.7,0.487
352.874625,-9.32751111,J233129.9-091939,FITS,23 31 29.910,-09 19 39.04,0.016,1.28,1.52,0.144,5.07,0.0,98.3,,g,,1997.164,2450509.3,0.0
11.78559583,-9.32767222,J004708.5-091939,FITS,00 47 08.543,-09 19 39.62,0.014,15.98,16.61,0.153,2.16,0.0,74.9,,g,,1997.164,2450509.3,0.541
16.32949583,-9.32767778,J010519.0-091939,FITS,01 05 19.079,-09 19 39.64,0.014,18.14,18.23,0.158,0.94,0.0,134.6,,,,1997.164,2450509.2,0.672
34.81024167,-9.32778333,J021914.4-091940,FITS,02 19 14.458,-09 19 40.02,0.701,1.0,0.53,0.143,0.0,0.0,107.4,,,,1997.164,2450509.4,0.22
332.7738875,-9.32806111,J221105.7-091941,FITS,22 11 05.733,-09 19 41.02,0.444,1.13,0.5,0.153,0.0,0.0,93.3,,,,1997.181,2450515.5,13.223
355.51316667,-9.32809444,J234203.1-091941,FITS,23 42 03.160,-09 19 41.14,0.877,1.14,1.17,0.158,4.28,0.0,131.1,,,,1997.163,2450509.0,0.921
11.5807375,-9.32809722,J004619.3-091941,FITS,00 46 19.377,-09 19 41.15,0.134,1.24,0.76,0.141,0.0,0.0,101.7,,,,1997.164,2450509.3,0.181
31.80695833,-9.328175,J020713.6-091941,FITS,02 07 13.670,-09 19 41.43,0.528,1.31,0.82,0.145,0.0,0.0,172.6,,,,1997.164,2450509.4,0.226
332.2860625,-9.328175,J220908.6-091941,FITS,22 09 08.655,-09 19 41.43,0.109,1.79,1.6,0.257,1.78,0.0,103.5,,,,1997.192,2450519.6,15.898
357.85617083,-9.3282,J235125.4-091941,FITS,23 51 25.481,-09 19 41.52,0.297,1.08,0.64,0.158,0.0,0.0,85.6,,s,,1997.163,2450509.1,0.823
331.83169583,-9.32821111,J220719.6-091941,FITS,22 07 19.607,-09 19 41.56,0.032,7.41,7.6,0.445,1.47,0.0,75.9,,,,1997.164,2450509.3,0.181
331.298975,-9.32826111,J220511.7-091941,FITS,22 05 11.754,-09 19 41.74,0.032,4.24,3.87,0.324,1.02,0.0,70.0,,,,1997.164,2450509.2,0.587
13.44152917,-9.32828333,J005345.9-091941,FITS,00 53 45.967,-09 19 41.82,0.771,1.05,0.7,0.159,3.07,0.0,95.7,,g,,1997.163,2450509.1,0.886
16.6087875,-9.32847222,J010626.1-091942,FITS,01 06 26.109,-09 19 42.50,0.014,1.85,1.26,0.16,0.0,0.0,75.5,,g,,1997.163,2450509.2,0.815
12.09999167,-9.32870556,J004823.9-091943,FITS,00 48 23.998,-09 19 43.34,0.73,1.21,1.07,0.17,6.43,0.0,52.7,,,,1997.163,2450509.2,0.833
330.2539625,-9.32906944,J220100.9-091944,FITS,22 01 00.951,-09 19 44.65,0.044,1.37,0.89,0.148,0.0,0.0,89.4,,g,,1997.164,2450509.2,0.421
358.2568625,-9.32908333,J235301.6-091944,FITS,23 53 01.647,-09 19 44.70,0.345,1.0,2.77,0.149,10.16,5.25,93.0,,,,1997.164,2450509.3,0.452
29.53714167,-9.32925556,J015808.9-091945,FITS,01 58 08.914,-09 19 45.32,0.027,1.26,0.97,0.146,3.85,0.0,107.1,,g,,1997.164,2450509.4,0.324
29.55837917,-9.32926667,J015814.0-091945,FITS,01 58 14.011,-09 19 45.36,0.014,2.26,2.84,0.146,8.33,0.0,124.4,,,,1997.164,2450509.4,0.221
21.92521667,-9.32933611,J012742.0-091945,FITS,01 27 42.052,-09 19 45.61,0.467,1.03,1.36,0.153,9.13,0.0,93.9,,,,1997.164,2450509.3,0.661
2.31515833,-9.329425,J000915.6-091945,FITS,00 09 15.638,-09 19 45.93,0.014,7.4,7.89,0.157,3.01,0.0,14.3,,g,,1997.163,2450509.1,0.882
334.1267125,-9.32948333,J221630.4-091946,FITS,22 16 30.411,-09 19 46.14,0.172,1.16,0.48,0.139,0.0,0.0,89.2,,g,,1997.262,2450545.1,0.0
337.91110833,-9.329575,J223138.6-091946,FITS,22 31 38.666,-09 19 46.47,0.585,1.02,0.48,0.139,0.0,0.0,106.1,,,,1997.262,2450545.1,0.157
340.84990833,-9.32965556,J224323.9-091946,FITS,22 43 23.978,-09 19 46.76,0.22,1.06,0.55,0.14,0.0,0.0,93.6,,,,1997.262,2450545.2,0.0
0.88818333,-9.32971389,J000333.1-091946,FITS,00 03 33.164,-09 19 46.97,0.014,4.32,3.62,0.158,0.0,0.0,71.1,,g,,1997.163,2450509.2,0.76
6.884,-9.32982778,J002732.1-091947,FITS,00 27 32.160,-09 19 47.38,0.014,15.19,16.53,0.159,2.92,0.0,61.3,,g,,1997.163,2450509.2,0.769
352.78142083,-9.32994722,J233107.5-091947,FITS,23 31 07.541,-09 19 47.81,0.258,1.07,0.73,0.145,3.56,0.0,63.8,,,,1997.167,2450510.6,6.984
7.74491667,-9.33001389,J003058.7-091948,FITS,00 30 58.780,-09 19 48.05,0.014,2.84,2.45,0.149,0.0,0.0,50.1,,,,1997.164,2450509.3,0.445
344.24832917,-9.33022778,J225659.5-091948,FITS,22 56 59.599,-09 19 48.82,0.014,9.45,13.62,0.166,6.0,0.0,90.1,,,,1997.261,2450544.6,0.485
32.09732917,-9.33037222,J020823.3-091949,FITS,02 08 23.359,-09 19 49.34,0.014,67.93,74.06,0.16,2.47,0.85,26.8,,,,1997.164,2450509.3,0.724
332.6496625,-9.33045833,J221035.9-091949,FITS,22 10 35.919,-09 19 49.65,0.21,1.13,0.67,0.144,0.0,0.0,85.0,,,,1997.164,2450509.3,0.0
340.495325,-9.33055556,J224158.8-091950,FITS,22 41 58.878,-09 19 50.00,0.503,1.08,0.62,0.158,0.0,0.0,105.6,,,,1997.261,2450544.6,0.486
329.97343333,-9.33066667,J215953.6-091950,FITS,21 59 53.624,-09 19 50.40,0.014,7.22,7.18,0.158,1.97,0.0,90.6,,,,1997.163,2450509.0,0.924
24.6447125,-9.33075,J013834.7-091950,FITS,01 38 34.731,-09 19 50.70,0.014,16.28,19.87,0.158,3.98,0.63,47.7,,,,1997.164,2450509.2,0.827
337.68234167,-9.33091944,J223043.7-091951,FITS,22 30 43.762,-09 19 51.31,0.014,3.34,3.0,0.157,1.21,0.0,69.3,,s,,1997.261,2450544.9,0.426
355.46589583,-9.33093889,J234151.8-091951,FITS,23 41 51.815,-09 19 51.38,0.877,1.07,1.02,0.157,5.44,0.0,131.1,,,,1997.163,2450509.1,0.914
358.16759583,-9.33095,J235240.2-091951,FITS,23 52 40.223,-09 19 51.42,0.136,1.27,4.03,0.142,19.96,0.0,95.3,,,,1997.164,2450509.3,0.176
37.85125417,-9.33101389,J023124.3-091951,FITS,02 31 24.301,-09 19 51.65,0.595,1.04,0.39,0.143,0.0,0.0,90.0,,,,1997.164,2450509.5,0.0
349.99654583,-9.33113611,J231959.1-091952,FITS,23 19 59.171,-09 19 52.09,0.108,1.44,1.09,0.148,0.0,0.0,162.1,,s,,1997.25,2450540.8,11.913
329.94982917,-9.33129444,J215947.9-091952,FITS,21 59 47.959,-09 19 52.66,0.014,2.21,2.0,0.157,2.73,0.0,119.4,,,,1997.163,2450509.1,0.907
21.11732917,-9.33133889,J012428.1-091952,FITS,01 24 28.159,-09 19 52.82,0.717,1.1,0.45,0.158,0.0,0.0,86.9,,,,1997.164,2450509.2,0.806
21.89997083,-9.33143889,J012735.9-091953,FITS,01 27 35.993,-09 19 53.18,0.014,1.58,1.77,0.154,5.85,0.0,95.5,,,,1997.164,2450509.3,0.732
21.89765833,-9.33159167,J012735.4-091953,FITS,01 27 35.438,-09 19 53.73,0.014,1.66,2.39,0.154,9.06,0.0,71.8,,,,1997.164,2450509.3,0.738
14.82282083,-9.33162778,J005917.4-091953,FITS,00 59 17.477,-09 19 53.86,0.014,31.94,33.52,0.156,1.55,0.95,127.0,,s,,1997.164,2450509.3,0.657
348.9849125,-9.33170833,J231556.3-091954,FITS,23 15 56.379,-09 19 54.15,0.014,3.43,3.14,0.14,1.08,0.0,101.2,,,,1997.254,2450542.3,9.734
25.26895417,-9.33183333,J014104.5-091954,FITS,01 41 04.549,-09 19 54.60,0.107,2.77,2.58,0.18,0.82,0.0,48.8,,g,,1997.164,2450509.3,0.488
351.28388333,-9.33200556,J232508.1-091955,FITS,23 25 08.132,-09 19 55.22,0.034,1.09,0.64,0.099,0.0,0.0,52.8,,g,,1997.211,2450526.5,18.007
358.20800833,-9.33213611,J235249.9-091955,FITS,23 52 49.922,-09 19 55.69,0.077,1.11,2.03,0.143,8.61,0.0,81.0,,,,1997.164,2450509.3,0.311
9.2031,-9.332325,J003648.7-091956,FITS,00 36 48.744,-09 19 56.37,0.014,3.02,2.54,0.155,0.0,0.0,69.2,,g,,1997.164,2450509.3,0.577
331.33215833,-9.33238611,J220519.7-091956,FITS,22 05 19.718,-09 19 56.59,0.014,10.95,10.69,0.37,0.45,0.0,149.6,,,,1997.163,2450509.2,0.688
337.54445833,-9.33248056,J223010.6-091956,FITS,22 30 10.670,-09 19 56.93,0.014,1.44,0.77,0.161,0.0,0.0,86.6,,g,,1997.261,2450544.6,0.489
346.4828625,-9.33250833,J230555.8-091957,FITS,23 05 55.887,-09 19 57.03,0.346,1.05,0.66,0.157,2.0,0.0,67.6,,,,1997.261,2450544.7,0.488
359.16681667,-9.33251667,J235640.0-091957,FITS,23 56 40.036,-09 19 57.06,0.014,1.44,1.02,0.157,0.0,0.0,113.0,,g,,1997.163,2450509.1,0.865
352.05700833,-9.332525,J232813.6-091957,FITS,23 28 13.682,-09 19 57.09,0.349,1.28,0.76,0.144,0.0,0.0,82.1,,s,,1997.166,2450510.2,5.679
28.27121667,-9.33253333,J015305.0-091957,FITS,01 53 05.092,-09 19 57.12,0.014,1.85,1.32,0.15,0.0,0.0,80.2,,,,1997.164,2450509.4,0.495
31.8836875,-9.33266111,J020732.0-091957,FITS,02 07 32.085,-09 19 57.58,0.424,1.22,0.96,0.143,1.43,0.0,135.4,,g,,1997.164,2450509.4,0.0
352.21775833,-9.33270556,J232852.2-091957,FITS,23 28 52.262,-09 19 57.74,0.014,3.49,2.95,0.146,0.0,0.0,71.5,,,,1997.168,2450510.7,7.061
358.18235417,-9.33291944,J235243.7-091958,FITS,23 52 43.765,-09 19 58.51,0.014,11.9,27.98,0.143,8.14,5.31,88.0,,,,1997.164,2450509.3,0.2
340.48616667,-9.33294167,J224156.6-091958,FITS,22 41 56.680,-09 19 58.59,0.2,1.27,0.77,0.158,0.0,0.0,73.6,,s,,1997.261,2450544.6,0.488
7.03049583,-9.33303056,J002807.3-091958,FITS,00 28 07.319,-09 19 58.91,0.014,4.74,3.87,0.143,0.0,0.0,93.6,,,,1997.164,2450509.3,0.341
350.1914,-9.33313889,J232045.9-091959,FITS,23 20 45.936,-09 19 59.30,0.429,1.07,0.65,0.158,0.0,0.0,104.6,,g,,1997.208,2450525.3,18.407
334.0650375,-9.33322778,J221615.6-091959,FITS,22 16 15.609,-09 19 59.62,0.014,7.53,7.77,0.14,1.77,0.0,100.5,,g,,1997.262,2450545.1,0.193
343.92181667,-9.33340833,J225541.2-092000,FITS,22 55 41.236,-09 20 00.27,0.276,1.1,0.5,0.141,0.0,0.0,90.1,,,,1997.262,2450545.1,0.17
358.76942083,-9.33348611,J235504.6-092000,FITS,23 55 04.661,-09 20 00.55,0.297,1.23,0.6,0.147,0.0,0.0,103.1,,,,1997.164,2450509.3,0.372
356.91218333,-9.33380833,J234738.9-092001,FITS,23 47 38.924,-09 20 01.71,0.014,13.13,12.85,0.159,0.0,0.0,81.5,,s,,1997.163,2450509.1,0.86
332.62172917,-9.33388056,J221029.2-092001,FITS,22 10 29.215,-09 20 01.97,0.347,1.02,0.66,0.143,0.0,0.0,89.9,,,,1997.164,2450509.3,0.0
0.56895417,-9.334325,J000216.5-092003,FITS,00 02 16.549,-09 20 03.57,0.014,6.22,6.42,0.158,2.44,0.0,87.7,,,,1997.164,2450509.2,0.646
30.35258333,-9.33468611,J020124.6-092004,FITS,02 01 24.620,-09 20 04.87,0.576,1.0,0.67,0.144,2.41,0.0,111.4,,,,1997.164,2450509.4,0.0
351.59157917,-9.33485556,J232621.9-092005,FITS,23 26 21.979,-09 20 05.48,0.014,1.37,2.18,0.135,5.12,3.93,147.0,,,,1997.206,2450524.7,18.103
348.296325,-9.33531667,J231311.1-092007,FITS,23 13 11.118,-09 20 07.14,0.667,1.04,0.86,0.142,3.01,0.0,123.9,,,,1997.262,2450545.1,0.221
18.5281,-9.33558889,J011406.7-092008,FITS,01 14 06.744,-09 20 08.12,0.014,1.9,1.52,0.15,1.43,0.0,85.6,,g,,1997.164,2450509.3,0.517
7.81614167,-9.33563056,J003115.8-092008,FITS,00 31 15.874,-09 20 08.27,0.014,1.55,1.66,0.143,5.05,0.0,107.0,,,,1997.164,2450509.3,0.199
349.843725,-9.33563056,J231922.4-092008,FITS,23 19 22.494,-09 20 08.27,0.501,1.03,0.53,0.141,0.0,0.0,98.2,,,,1997.26,2450544.3,5.677
27.657475,-9.33563889,J015037.7-092008,FITS,01 50 37.794,-09 20 08.30,0.014,53.0,56.81,0.28,2.24,0.55,34.3,,s,,1997.164,2450509.2,0.855
3.486275,-9.33575278,J001356.7-092008,FITS,00 13 56.706,-09 20 08.71,0.014,22.52,112.7,0.393,19.83,6.21,19.4,,s,,1997.164,2450509.3,0.388
7.38734583,-9.33579722,J002932.9-092008,FITS,00 29 32.963,-09 20 08.87,0.599,1.15,0.68,0.16,0.0,0.0,101.0,,g,,1997.164,2450509.2,0.819
7.4605875,-9.335875,J002950.5-092009,FITS,00 29 50.541,-09 20 09.15,0.014,2.9,2.24,0.16,0.0,0.0,125.2,,g,,1997.163,2450509.2,0.919
11.70325,-9.33591111,J004648.7-092009,FITS,00 46 48.780,-09 20 09.28,0.505,1.06,0.59,0.142,0.0,0.0,80.3,,,,1997.164,2450509.3,0.297
348.27439583,-9.33595833,J231305.8-092009,FITS,23 13 05.855,-09 20 09.45,0.732,1.05,1.51,0.144,7.24,0.0,86.1,,s,,1997.262,2450545.1,0.26
11.1083125,-9.33601944,J004425.9-092009,FITS,00 44 25.995,-09 20 09.67,0.014,2.11,1.42,0.16,0.0,0.0,90.0,,g,,1997.164,2450509.2,0.755
339.45535,-9.33603056,J223749.2-092009,FITS,22 37 49.284,-09 20 09.71,0.042,1.19,0.92,0.139,2.66,0.0,32.4,,g,,1997.262,2450545.1,0.223
32.04123333,-9.33604444,J020809.8-092009,FITS,02 08 09.896,-09 20 09.76,0.515,1.19,0.7,0.155,0.62,0.0,94.4,,,,1997.164,2450509.4,0.559
25.27048333,-9.33608056,J014104.9-092009,FITS,01 41 04.916,-09 20 09.89,0.014,5.62,6.93,0.18,4.05,1.59,175.1,,g,,1997.164,2450509.4,0.493
342.08535417,-9.33611111,J224820.4-092010,FITS,22 48 20.485,-09 20 10.00,0.014,1.96,1.44,0.158,0.0,0.0,90.0,,g,,1997.261,2450544.7,0.489
5.25650417,-9.33678333,J002101.5-092012,FITS,00 21 01.561,-09 20 12.42,0.576,1.07,0.69,0.163,3.02,0.0,73.4,,s,,1997.163,2450509.1,0.949
18.58890833,-9.3368,J011421.3-092012,FITS,01 14 21.338,-09 20 12.48,0.578,1.05,1.13,0.156,5.3,0.0,98.7,,,,1997.164,2450509.3,0.705
21.35950417,-9.33685556,J012526.2-092012,FITS,01 25 26.281,-09 20 12.68,0.014,2.24,2.07,0.142,0.0,0.0,6.2,,,,1997.164,2450509.4,0.0
337.6185125,-9.33728333,J223028.4-092014,FITS,22 30 28.443,-09 20 14.22,0.014,2.81,2.23,0.161,0.0,0.0,74.0,,,,1997.261,2450544.8,0.477
38.597325,-9.33736111,J023423.3-092014,FITS,02 34 23.358,-09 20 14.50,0.558,1.21,0.81,0.182,0.0,0.0,70.8,,,,1997.164,2450509.5,0.0
20.6977375,-9.33743611,J012247.4-092014,FITS,01 22 47.457,-09 20 14.77,0.474,1.1,0.66,0.142,0.0,0.0,63.1,,,,1997.164,2450509.4,0.282
13.7127875,-9.33769722,J005451.0-092015,FITS,00 54 51.069,-09 20 15.71,0.865,1.03,0.98,0.155,4.86,0.0,121.9,,,,1997.164,2450509.3,0.547
344.72499167,-9.33807222,J225853.9-092017,FITS,22 58 53.998,-09 20 17.06,0.014,3.47,4.13,0.25,4.5,0.0,74.6,,g,,1997.262,2450545.1,0.256
336.7357625,-9.33808611,J222656.5-092017,FITS,22 26 56.583,-09 20 17.11,0.014,1.75,1.33,0.157,0.0,0.0,119.9,,,,1997.261,2450544.6,0.492
27.65428333,-9.33823056,J015037.0-092017,FITS,01 50 37.028,-09 20 17.63,0.014,22.44,28.07,0.277,4.16,0.47,62.3,,,,1997.164,2450509.3,0.853
357.14980417,-9.33866944,J234835.9-092019,FITS,23 48 35.953,-09 20 19.21,0.347,1.05,0.51,0.16,0.0,0.0,100.6,,,,1997.164,2450509.2,0.737
339.11958333,-9.33878889,J223628.7-092019,FITS,22 36 28.700,-09 20 19.64,0.17,1.35,0.64,0.158,0.0,0.0,91.4,,g,,1997.261,2450544.8,0.477
355.66498333,-9.33956389,J234239.5-092022,FITS,23 42 39.596,-09 20 22.43,0.802,1.05,1.02,0.158,5.57,0.0,98.1,,,,1997.164,2450509.2,0.696
25.27162083,-9.33958056,J014105.1-092022,FITS,01 41 05.189,-09 20 22.49,0.445,1.2,2.05,0.18,9.07,0.0,116.0,,,,1997.164,2450509.4,0.496
6.97352083,-9.33973333,J002753.6-092023,FITS,00 27 53.645,-09 20 23.04,0.014,5.61,5.17,0.151,0.69,0.0,113.1,,g,,1997.164,2450509.3,0.512
3.484675,-9.33981389,J001356.3-092023,FITS,00 13 56.322,-09 20 23.33,0.014,180.41,258.62,0.393,5.71,2.0,13.0,,s,,1997.164,2450509.3,0.383
338.25284583,-9.3399,J223300.6-092023,FITS,22 33 00.683,-09 20 23.64,0.504,1.06,0.44,0.16,0.0,0.0,89.5,,,,1997.261,2450544.6,0.493
342.44119167,-9.33997222,J224945.8-092023,FITS,22 49 45.886,-09 20 23.90,0.014,2.22,1.97,0.138,1.74,0.0,87.9,,s,,1997.262,2450545.1,0.194
28.89453333,-9.3401,J015534.6-092024,FITS,01 55 34.688,-09 20 24.36,0.014,1.8,1.65,0.141,0.92,0.0,96.2,,,,1997.164,2450509.4,0.0
24.41154167,-9.34013333,J013738.7-092024,FITS,01 37 38.770,-09 20 24.48,0.392,1.09,0.57,0.141,0.0,0.0,66.5,,,,1997.164,2450509.4,0.157
356.539125,-9.34032222,J234609.3-092025,FITS,23 46 09.390,-09 20 25.16,0.014,2.62,2.44,0.143,1.2,0.0,77.8,,s,,1997.164,2450509.3,0.316
341.982825,-9.34062222,J224755.8-092026,FITS,22 47 55.878,-09 20 26.24,0.411,1.07,0.43,0.159,0.0,0.0,91.2,,g,,1997.261,2450544.7,0.493
28.47308333,-9.34108611,J015353.5-092027,FITS,01 53 53.540,-09 20 27.91,0.016,1.25,0.9,0.157,0.0,0.0,114.3,,g,,1997.164,2450509.3,0.937
18.52874167,-9.34112222,J011406.8-092028,FITS,01 14 06.898,-09 20 28.04,0.014,2.2,2.44,0.15,3.85,0.0,118.2,,,,1997.164,2450509.3,0.519
355.58923333,-9.34125278,J234221.4-092028,FITS,23 42 21.416,-09 20 28.51,0.877,1.09,1.47,0.158,6.31,0.0,71.1,,,,1997.164,2450509.2,0.867
24.60547083,-9.34192222,J013825.3-092030,FITS,01 38 25.313,-09 20 30.92,0.616,1.11,0.57,0.159,0.0,0.0,98.8,,,,1997.164,2450509.3,0.752
8.908575,-9.34207222,J003538.0-092031,FITS,00 35 38.058,-09 20 31.46,0.014,1.47,1.33,0.161,2.15,0.0,77.5,,g,,1997.164,2450509.2,0.864
332.58428333,-9.34221944,J221020.2-092031,FITS,22 10 20.228,-09 20 31.99,0.014,22.44,23.97,0.148,1.65,1.4,139.5,,s,,1997.165,2450509.8,4.043
32.09312917,-9.34231667,J020822.3-092032,FITS,02 08 22.351,-09 20 32.34,0.866,1.1,1.05,0.16,6.46,0.0,36.0,,,,1997.164,2450509.4,0.719
14.0566875,-9.34238889,J005613.6-092032,FITS,00 56 13.605,-09 20 32.60,0.014,9.08,9.55,0.157,1.82,0.0,62.3,,,,1997.164,2450509.3,0.609
328.97657083,-9.34250833,J215554.3-092033,FITS,21 55 54.377,-09 20 33.03,0.328,1.09,0.49,0.149,0.0,0.0,74.5,,,,1997.164,2450509.2,0.275
37.99597083,-9.34251944,J023159.0-092033,FITS,02 31 59.033,-09 20 33.07,0.014,18.64,34.18,0.148,7.94,1.64,97.1,,,,1997.164,2450509.4,0.415
25.17142917,-9.34253889,J014041.1-092033,FITS,01 40 41.143,-09 20 33.14,0.569,1.13,0.69,0.172,0.0,0.0,117.9,,,,1997.164,2450509.4,0.17
7.26560833,-9.34255833,J002903.7-092033,FITS,00 29 03.746,-09 20 33.21,0.014,2.72,2.18,0.149,0.0,0.0,59.9,,,,1997.164,2450509.3,0.477
0.82026667,-9.34266389,J000316.8-092033,FITS,00 03 16.864,-09 20 33.59,0.014,2.2,1.69,0.157,0.0,0.0,92.6,,g,,1997.164,2450509.2,0.896
23.78361667,-9.34271667,J013508.0-092033,FITS,01 35 08.068,-09 20 33.78,0.195,3.58,3.82,0.236,3.71,0.0,104.7,,g,,1997.164,2450509.4,0.534
349.51470417,-9.34287778,J231803.5-092034,FITS,23 18 03.529,-09 20 34.36,0.361,1.11,0.54,0.162,0.0,0.0,80.4,,,,1997.206,2450524.6,18.341
32.94190833,-9.34289167,J021146.0-092034,FITS,02 11 46.058,-09 20 34.41,0.014,14.28,49.74,0.159,11.16,7.63,172.1,,g,,1997.164,2450509.3,0.91
357.32755833,-9.34328333,J234918.6-092035,FITS,23 49 18.614,-09 20 35.82,0.336,1.01,0.37,0.143,0.0,0.0,87.2,,,,1997.164,2450509.3,0.172
32.94625833,-9.34329167,J021147.1-092035,FITS,02 11 47.102,-09 20 35.85,0.014,1.85,19.77,0.159,38.45,7.16,111.4,,g,,1997.164,2450509.3,0.916
41.48304583,-9.34346667,J024555.9-092036,FITS,02 45 55.931,-09 20 36.48,0.22,1.19,0.71,0.156,0.0,0.0,96.4,,,,1997.164,2450509.3,0.357
25.3665125,-9.34349722,J014127.9-092036,FITS,01 41 27.963,-09 20 36.59,0.014,5.3,4.5,0.185,0.0,0.0,118.4,,s,,1997.164,2450509.3,0.78
31.787225,-9.34350556,J020708.9-092036,FITS,02 07 08.934,-09 20 36.62,0.442,1.28,0.58,0.144,0.0,0.0,82.8,,,,1997.164,2450509.4,0.32
23.25426667,-9.34391389,J013301.0-092038,FITS,01 33 01.024,-09 20 38.09,0.014,9.58,10.61,0.17,3.03,0.0,130.4,,s,,1997.164,2450509.3,0.956
37.5901125,-9.34402778,J023021.6-092038,FITS,02 30 21.627,-09 20 38.50,0.014,2.0,1.62,0.159,0.0,0.0,61.9,,,,1997.164,2450509.3,0.866
40.0216,-9.34423333,J024005.1-092039,FITS,02 40 05.184,-09 20 39.24,0.665,1.07,0.63,0.144,0.0,0.0,89.5,,,,1997.164,2450509.4,0.363
9.12148333,-9.34445833,J003629.1-092040,FITS,00 36 29.156,-09 20 40.05,0.014,5.41,4.92,0.161,0.0,0.0,68.3,,,,1997.164,2450509.3,0.808
9.17780417,-9.34449722,J003642.6-092040,FITS,00 36 42.673,-09 20 40.19,0.014,5.68,5.52,0.158,0.97,0.0,22.6,,g,,1997.164,2450509.3,0.658
23.14957917,-9.34457222,J013235.8-092040,FITS,01 32 35.899,-09 20 40.46,0.014,21.49,27.76,0.161,4.9,1.18,11.0,,s,,1997.164,2450509.3,0.85
358.60544583,-9.34464167,J235425.3-092040,FITS,23 54 25.307,-09 20 40.71,0.014,4.1,4.44,0.16,3.89,0.0,70.9,,g,,1997.164,2450509.2,0.842
345.68082917,-9.34493056,J230243.3-092041,FITS,23 02 43.399,-09 20 41.75,0.394,1.1,0.56,0.157,0.0,0.0,99.9,,g,,1997.261,2450544.8,0.49
328.94811667,-9.34500278,J215547.5-092042,FITS,21 55 47.548,-09 20 42.01,0.334,1.04,0.47,0.144,0.0,0.0,91.9,,g,,1997.164,2450509.2,0.215
345.90757917,-9.34509167,J230337.8-092042,FITS,23 03 37.819,-09 20 42.33,0.014,2.6,2.41,0.157,3.27,0.0,97.8,,g,,1997.261,2450544.9,0.441
10.44974167,-9.34555278,J004147.9-092043,FITS,00 41 47.938,-09 20 43.99,0.014,5.91,5.98,0.203,1.74,0.0,111.9,,g,,1997.164,2450509.2,0.922
10.45229583,-9.34578333,J004148.5-092044,FITS,00 41 48.551,-09 20 44.82,0.014,2.48,2.11,0.203,1.85,0.0,106.8,,,,1997.164,2450509.3,0.925
12.1222,-9.34588333,J004829.3-092045,FITS,00 48 29.328,-09 20 45.18,0.631,1.29,0.58,0.173,0.0,0.0,100.2,,s,,1997.164,2450509.3,0.808
21.2988125,-9.34595833,J012511.7-092045,FITS,01 25 11.715,-09 20 45.45,0.528,1.07,0.46,0.142,0.0,0.0,88.0,,g,,1997.164,2450509.4,0.289
13.71454167,-9.34600833,J005451.4-092045,FITS,00 54 51.490,-09 20 45.63,0.014,1.69,1.08,0.155,0.0,0.0,105.2,,,,1997.164,2450509.3,0.541
330.43501667,-9.34602778,J220144.4-092045,FITS,22 01 44.404,-09 20 45.70,0.419,1.02,0.53,0.142,0.0,0.0,89.2,,s,,1997.164,2450509.3,0.252
337.3921125,-9.34603333,J222934.1-092045,FITS,22 29 34.107,-09 20 45.72,0.495,1.09,0.67,0.164,0.0,0.0,110.9,,,,1997.261,2450544.8,0.477
357.6226,-9.34607778,J235029.4-092045,FITS,23 50 29.424,-09 20 45.88,0.014,2.49,2.31,0.16,1.73,0.0,112.8,,s,,1997.164,2450509.2,0.796
336.90902083,-9.346125,J222738.1-092046,FITS,22 27 38.165,-09 20 46.05,0.014,1.43,0.84,0.158,0.0,0.0,78.5,,,,1997.261,2450544.9,0.438
341.48330833,-9.34613611,J224555.9-092046,FITS,22 45 55.994,-09 20 46.09,0.014,1.73,1.46,0.148,2.54,0.0,42.9,,g,,1997.262,2450545.0,0.323
25.1684375,-9.34623889,J014040.4-092046,FITS,01 40 40.425,-09 20 46.46,0.302,1.33,1.66,0.172,9.34,0.0,109.0,,,,1997.164,2450509.4,0.162
342.34706667,-9.34636111,J224923.2-092046,FITS,22 49 23.296,-09 20 46.90,0.014,2.69,2.58,0.138,2.47,0.0,17.1,,g,,1997.262,2450545.2,0.0
342.41026667,-9.34641389,J224938.4-092047,FITS,22 49 38.464,-09 20 47.09,0.126,1.08,1.76,0.139,6.94,1.01,68.5,,s,,1997.262,2450545.2,0.0
352.0525875,-9.34649167,J232812.6-092047,FITS,23 28 12.621,-09 20 47.37,0.014,8.85,8.66,0.144,0.86,0.0,70.9,,,,1997.167,2450510.5,6.477
13.94582083,-9.34659167,J005546.9-092047,FITS,00 55 46.997,-09 20 47.73,0.106,1.41,0.89,0.144,0.0,0.0,113.1,,g,,1997.164,2450509.4,0.276
355.90819583,-9.34663333,J234337.9-092047,FITS,23 43 37.967,-09 20 47.88,0.014,8.58,9.04,0.144,2.09,0.0,49.5,,g,,1997.164,2450509.3,0.0
355.22263333,-9.34664444,J234053.4-092047,FITS,23 40 53.432,-09 20 47.92,0.219,1.18,1.22,0.145,4.4,0.0,47.8,,s,,1997.164,2450509.3,0.347
33.60236667,-9.34667222,J021424.5-092048,FITS,02 14 24.568,-09 20 48.02,0.602,1.11,0.48,0.159,0.0,0.0,100.7,,g,,1997.164,2450509.4,0.746
32.9524875,-9.34676111,J021148.5-092048,FITS,02 11 48.597,-09 20 48.34,0.014,4.74,10.06,0.159,6.97,5.34,108.1,,,,1997.164,2450509.3,0.926
32.9436125,-9.34676944,J021146.4-092048,FITS,02 11 46.467,-09 20 48.37,0.014,3.55,20.27,0.159,16.32,9.81,155.2,,,,1997.164,2450509.3,0.916
37.62270833,-9.34681389,J023029.4-092048,FITS,02 30 29.450,-09 20 48.53,0.014,1.93,1.78,0.16,2.92,0.0,54.3,,g,,1997.164,2450509.4,0.805
28.41037083,-9.34688611,J015338.4-092048,FITS,01 53 38.489,-09 20 48.79,0.014,4.88,4.48,0.158,1.21,0.0,88.2,,g,,1997.164,2450509.3,0.871
352.6078375,-9.34703333,J233025.8-092049,FITS,23 30 25.881,-09 20 49.32,0.014,1.39,1.11,0.16,3.58,0.0,102.0,,,,1997.194,2450520.3,16.983
13.6863625,-9.3474,J005444.7-092050,FITS,00 54 44.727,-09 20 50.64,0.014,1.78,1.71,0.158,0.87,0.0,64.3,,,,1997.164,2450509.3,0.632
328.09373333,-9.34740833,J215222.4-092050,FITS,21 52 22.496,-09 20 50.67,0.304,1.01,1.29,0.145,7.77,0.0,61.1,,,,1997.164,2450509.3,0.0
16.050175,-9.34744444,J010412.0-092050,FITS,01 04 12.042,-09 20 50.80,0.252,1.14,0.49,0.141,0.0,0.0,93.2,,,,1997.164,2450509.4,0.285
31.04478333,-9.347525,J020410.7-092051,FITS,02 04 10.748,-09 20 51.09,0.014,6.64,6.82,0.144,1.74,0.0,72.4,,s,,1997.164,2450509.4,0.3
356.8788375,-9.34767222,J234730.9-092051,FITS,23 47 30.921,-09 20 51.62,0.014,12.31,15.58,0.16,4.91,0.0,131.9,,g,,1997.164,2450509.2,0.811
15.0356375,-9.34772778,J010008.5-092051,FITS,01 00 08.553,-09 20 51.82,0.113,1.46,0.86,0.159,0.0,0.0,59.9,,,,1997.164,2450509.3,0.938
11.74617917,-9.34787778,J004659.0-092052,FITS,00 46 59.083,-09 20 52.36,0.07,1.29,1.22,0.146,5.7,0.0,71.9,,g,,1997.164,2450509.3,0.416
8.676275,-9.34800833,J003442.3-092052,FITS,00 34 42.306,-09 20 52.83,0.058,1.19,0.92,0.142,0.0,0.0,49.2,,,,1997.164,2450509.3,0.173
3.83075833,-9.34803611,J001519.3-092052,FITS,00 15 19.382,-09 20 52.93,0.014,1.7,1.62,0.16,4.41,0.0,90.9,,g,,1997.164,2450509.3,0.886
352.5535125,-9.34820833,J233012.8-092053,FITS,23 30 12.843,-09 20 53.55,0.24,1.09,1.18,0.159,5.03,0.0,92.5,,,,1997.201,2450522.7,17.878
0.16253333,-9.34830556,J000039.0-092053,FITS,00 00 39.008,-09 20 53.90,0.094,1.28,0.67,0.159,0.0,0.0,75.0,,g,,1997.164,2450509.3,0.705
13.71458333,-9.34831389,J005451.5-092053,FITS,00 54 51.500,-09 20 53.93,0.197,1.27,0.9,0.155,0.0,0.0,91.7,,,,1997.164,2450509.3,0.541
351.85273333,-9.34859444,J232724.6-092054,FITS,23 27 24.656,-09 20 54.94,0.014,1.47,0.99,0.16,0.0,0.0,71.7,,g,,1997.195,2450520.7,17.171
336.11016667,-9.34859722,J222426.4-092054,FITS,22 24 26.440,-09 20 54.95,0.014,3.61,3.56,0.159,1.29,0.0,90.2,,g,,1997.261,2450544.8,0.475
353.47746667,-9.34869722,J233354.5-092055,FITS,23 33 54.592,-09 20 55.31,0.502,2.13,1.35,0.367,0.0,0.0,89.4,,,,1997.164,2450509.3,0.499
19.82047917,-9.34880278,J011916.9-092055,FITS,01 19 16.915,-09 20 55.69,0.014,18.96,24.6,0.141,3.74,2.38,92.3,,g,,1997.164,2450509.4,0.237
13.71641667,-9.34904444,J005451.9-092056,FITS,00 54 51.940,-09 20 56.56,0.385,1.16,0.65,0.154,0.0,0.0,91.4,,,,1997.164,2450509.4,0.535
344.10595417,-9.34913611,J225625.4-092056,FITS,22 56 25.429,-09 20 56.89,0.314,1.18,1.65,0.164,5.34,1.29,57.4,,s,,1997.261,2450544.9,0.45
356.1966875,-9.3492,J234447.2-092057,FITS,23 44 47.205,-09 20 57.12,0.014,7.52,6.87,0.159,0.0,0.0,101.6,,s,,1997.164,2450509.2,0.922
342.35639583,-9.34954722,J224925.5-092058,FITS,22 49 25.535,-09 20 58.37,0.014,2.89,2.66,0.138,0.0,0.0,55.5,,g,,1997.262,2450545.2,0.0
355.9931875,-9.34997222,J234358.3-092059,FITS,23 43 58.365,-09 20 59.90,0.785,1.03,0.74,0.147,3.43,0.0,90.8,,,,1997.164,2450509.3,0.407
334.6844625,-9.35004722,J221844.2-092100,FITS,22 18 44.271,-09 21 00.17,0.014,4.66,14.32,0.155,8.56,8.31,87.3,,g,,1997.261,2450544.9,0.4
11.6585875,-9.35043333,J004638.0-092101,FITS,00 46 38.061,-09 21 01.56,0.381,1.19,0.7,0.142,0.9,0.0,66.5,,,,1997.164,2450509.4,0.0
359.22905833,-9.35049167,J235654.9-092101,FITS,23 56 54.974,-09 21 01.77,0.254,1.17,0.88,0.158,4.3,0.0,69.6,,,,1997.164,2450509.3,0.953
12.07194583,-9.35051111,J004817.2-092101,FITS,00 48 17.267,-09 21 01.84,0.528,1.32,0.54,0.168,0.0,0.0,90.1,,,,1997.164,2450509.3,0.899
33.02042917,-9.35091667,J021204.9-092103,FITS,02 12 04.903,-09 21 03.30,0.094,1.31,0.64,0.16,0.0,0.0,93.7,,s,,1997.164,2450509.4,0.953
30.7170125,-9.35098056,J020252.0-092103,FITS,02 02 52.083,-09 21 03.53,0.07,1.23,0.78,0.161,0.0,0.0,42.3,,g,,1997.164,2450509.4,0.943
13.68484167,-9.35099722,J005444.3-092103,FITS,00 54 44.362,-09 21 03.59,0.537,1.18,1.18,0.158,5.21,0.0,66.9,,,,1997.164,2450509.3,0.637
336.98299167,-9.35126389,J222755.9-092104,FITS,22 27 55.918,-09 21 04.55,0.44,1.02,0.44,0.15,0.0,0.0,84.7,,,,1997.262,2450545.0,0.316
38.02040833,-9.35168056,J023204.8-092106,FITS,02 32 04.898,-09 21 06.05,0.641,1.01,0.5,0.151,0.0,0.0,120.3,,,,1997.164,2450509.4,0.49
22.64717083,-9.35171111,J013035.3-092106,FITS,01 30 35.321,-09 21 06.16,0.014,2.9,2.37,0.159,0.0,0.0,170.4,,,,1997.164,2450509.4,0.748
20.48047917,-9.35174444,J012155.3-092106,FITS,01 21 55.315,-09 21 06.28,0.66,1.07,0.67,0.149,0.0,0.0,59.6,,,,1997.164,2450509.4,0.489
8.77863333,-9.35177778,J003506.8-092106,FITS,00 35 06.872,-09 21 06.40,0.498,1.05,1.0,0.152,3.52,0.0,41.7,,s,,1997.164,2450509.3,0.518
23.07565417,-9.35185556,J013218.1-092106,FITS,01 32 18.157,-09 21 06.68,0.848,1.12,0.46,0.159,0.0,0.0,82.0,,,,1997.164,2450509.4,0.669
330.30770833,-9.35197222,J220113.8-092107,FITS,22 01 13.850,-09 21 07.10,0.377,1.16,0.74,0.142,2.6,0.0,118.4,,,,1997.164,2450509.3,0.268
337.79575417,-9.35208889,J223110.9-092107,FITS,22 31 10.981,-09 21 07.52,0.014,15.83,19.68,0.14,3.74,2.12,0.4,,,,1997.262,2450545.1,0.203
355.68756667,-9.35220278,J234245.0-092107,FITS,23 42 45.016,-09 21 07.93,0.788,1.03,0.45,0.156,0.0,0.0,83.8,,,,1997.164,2450509.3,0.629
348.21574583,-9.35236667,J231251.7-092108,FITS,23 12 51.779,-09 21 08.52,0.014,9.09,12.25,0.152,4.33,2.36,129.1,,,,1997.262,2450545.0,0.346
330.62432917,-9.35238056,J220229.8-092108,FITS,22 02 29.839,-09 21 08.57,0.016,1.44,0.92,0.16,0.0,0.0,93.9,,,,1997.164,2450509.3,0.808
19.41131667,-9.35263056,J011738.7-092109,FITS,01 17 38.716,-09 21 09.47,0.335,1.04,1.17,0.157,6.06,0.0,74.4,,s,,1997.164,2450509.3,0.875
355.56529167,-9.35274167,J234215.6-092109,FITS,23 42 15.670,-09 21 09.87,0.785,1.04,1.61,0.158,11.52,0.0,84.1,,,,1997.164,2450509.3,0.91
21.87187917,-9.35276944,J012729.2-092109,FITS,01 27 29.251,-09 21 09.97,0.577,1.05,0.45,0.154,0.0,0.0,86.3,,,,1997.164,2450509.4,0.811
35.7540625,-9.35279444,J022300.9-092110,FITS,02 23 00.975,-09 21 10.06,0.654,1.03,0.57,0.147,0.0,0.0,61.9,,,,1997.164,2450509.4,0.439
340.7936375,-9.35296111,J224310.4-092110,FITS,22 43 10.473,-09 21 10.66,0.016,1.79,1.6,0.14,1.05,0.0,138.9,,,,1997.262,2450545.1,0.205
29.09921667,-9.35315833,J015623.8-092111,FITS,01 56 23.812,-09 21 11.37,0.578,1.05,0.55,0.159,0.0,0.0,82.8,,,,1997.164,2450509.4,0.739
38.64187917,-9.35334722,J023434.0-092112,FITS,02 34 34.051,-09 21 12.05,0.014,8.47,8.5,0.181,1.17,0.0,70.0,,,,1997.164,2450509.5,0.0
8.4619875,-9.35346389,J003350.8-092112,FITS,00 33 50.877,-09 21 12.47,0.014,30.57,32.19,0.239,1.79,0.9,2.5,,s,,1997.164,2450509.3,0.549
15.50104583,-9.35358333,J010200.2-092112,FITS,01 02 00.251,-09 21 12.90,0.014,7.95,8.7,0.146,3.45,0.0,77.0,,s,,1997.164,2450509.4,0.429
337.99487083,-9.35371667,J223158.7-092113,FITS,22 31 58.769,-09 21 13.38,0.016,1.2,0.69,0.144,0.0,0.0,75.8,,,,1997.262,2450545.1,0.272
34.45945417,-9.35372222,J021750.2-092113,FITS,02 17 50.269,-09 21 13.40,0.474,1.31,1.08,0.186,3.75,0.0,141.0,,g,,1997.164,2450509.4,0.937
355.49033333,-9.35379722,J234157.6-092113,FITS,23 41 57.680,-09 21 13.67,0.42,1.21,1.31,0.159,6.66,0.0,88.3,,,,1997.164,2450509.3,0.962
8.777925,-9.35381389,J003506.7-092113,FITS,00 35 06.702,-09 21 13.73,0.014,1.48,0.96,0.152,0.0,0.0,128.5,,s,,1997.164,2450509.3,0.516
0.15909167,-9.35389722,J000038.1-092114,FITS,00 00 38.182,-09 21 14.03,0.016,1.32,1.02,0.159,0.0,0.0,75.5,,,,1997.164,2450509.3,0.716
355.50827083,-9.35398889,J234201.9-092114,FITS,23 42 01.985,-09 21 14.36,0.877,1.05,1.0,0.159,5.11,0.0,85.7,,,,1997.164,2450509.3,0.963
347.41218333,-9.35418056,J230938.9-092115,FITS,23 09 38.924,-09 21 15.05,0.71,1.12,0.7,0.158,1.93,0.0,125.7,,,,1997.261,2450544.9,0.425
335.1916875,-9.35421389,J222046.0-092115,FITS,22 20 46.005,-09 21 15.17,0.014,4.72,4.61,0.158,2.58,0.0,90.2,,,,1997.261,2450544.7,0.49
9.26817917,-9.35421944,J003704.3-092115,FITS,00 37 04.363,-09 21 15.19,0.13,1.16,0.85,0.145,0.0,0.0,125.2,,g,,1997.164,2450509.4,0.372
337.75707083,-9.35454722,J223101.6-092116,FITS,22 31 01.697,-09 21 16.37,0.522,1.03,0.65,0.145,1.18,0.0,95.2,,,,1997.262,2450545.1,0.268
36.30721667,-9.3547,J022513.7-092116,FITS,02 25 13.732,-09 21 16.92,0.153,1.06,0.99,0.141,0.81,0.0,97.5,,,,1997.164,2450509.4,0.267
1.03963333,-9.35481667,J000409.5-092117,FITS,00 04 09.512,-09 21 17.34,0.197,1.08,0.47,0.143,0.0,0.0,85.9,,,,1997.164,2450509.3,0.313
350.50416667,-9.35490833,J232201.0-092117,FITS,23 22 01.000,-09 21 17.67,0.349,1.0,1.49,0.146,6.89,0.0,114.8,,g,,1997.253,2450541.8,10.604
342.535775,-9.35491111,J225008.5-092117,FITS,22 50 08.586,-09 21 17.68,0.014,34.9,47.91,0.15,4.56,2.42,45.4,,g,,1997.262,2450545.0,0.344
337.27787917,-9.35496667,J222906.6-092117,FITS,22 29 06.691,-09 21 17.88,0.014,1.32,0.83,0.153,0.0,0.0,89.9,,,,1997.262,2450545.0,0.33
16.02054167,-9.35501944,J010404.9-092118,FITS,01 04 04.930,-09 21 18.07,0.118,1.1,1.35,0.144,5.17,0.0,20.8,,,,1997.164,2450509.4,0.365
32.8061375,-9.35520556,J021113.4-092118,FITS,02 11 13.473,-09 21 18.74,0.365,1.05,0.55,0.156,0.0,0.0,90.2,,,,1997.164,2450509.4,0.608
30.04696667,-9.35524722,J020011.2-092118,FITS,02 00 11.272,-09 21 18.89,0.014,4.37,3.99,0.159,0.96,0.0,85.5,,g,,1997.164,2450509.4,0.931
336.25152917,-9.355675,J222500.3-092120,FITS,22 25 00.367,-09 21 20.43,0.014,5.1,5.69,0.145,2.6,0.77,110.7,,g,,1997.262,2450545.1,0.276
353.17767083,-9.35574722,J233242.6-092120,FITS,23 32 42.641,-09 21 20.69,0.502,2.07,1.49,0.347,0.89,0.0,103.8,,s,,1997.164,2450509.3,0.902
8.77760833,-9.35584722,J003506.6-092121,FITS,00 35 06.626,-09 21 21.05,0.014,2.21,1.89,0.152,3.08,0.0,146.4,,,,1997.164,2450509.4,0.515
19.89192917,-9.35596944,J011934.0-092121,FITS,01 19 34.063,-09 21 21.49,0.014,2.34,2.06,0.142,0.0,0.0,111.9,,g,,1997.164,2450509.4,0.0
342.53315417,-9.35606111,J225007.9-092121,FITS,22 50 07.957,-09 21 21.82,0.014,26.94,39.21,0.149,5.17,2.12,80.3,,,,1997.262,2450545.0,0.338
14.46872917,-9.35608056,J005752.4-092121,FITS,00 57 52.495,-09 21 21.89,0.014,9.93,12.15,0.15,4.42,0.0,38.5,,g,,1997.164,2450509.4,0.527
12.60687083,-9.35626944,J005025.6-092122,FITS,00 50 25.649,-09 21 22.57,0.728,1.23,1.13,0.175,1.61,0.0,122.7,,,,1997.164,2450509.4,0.76
16.26931667,-9.35653611,J010504.6-092123,FITS,01 05 04.636,-09 21 23.53,0.361,1.03,0.4,0.149,0.0,0.0,86.0,,,,1997.164,2450509.4,0.486
32.36223333,-9.35655278,J020926.9-092123,FITS,02 09 26.936,-09 21 23.59,0.361,1.11,0.71,0.161,2.04,0.0,79.5,,,,1997.164,2450509.4,0.833
14.50609167,-9.35658056,J005801.4-092123,FITS,00 58 01.462,-09 21 23.69,0.014,3.39,2.88,0.145,0.0,0.0,99.2,,,,1997.164,2450509.4,0.408
5.9629,-9.35659444,J002351.0-092123,FITS,00 23 51.096,-09 21 23.74,0.094,1.57,0.83,0.16,0.0,0.0,92.5,,g,,1997.164,2450509.3,0.941
24.1628875,-9.35664167,J013639.0-092123,FITS,01 36 39.093,-09 21 23.91,0.641,1.1,0.63,0.159,0.0,0.0,98.2,,g,,1997.164,2450509.4,0.704
13.48829167,-9.35675556,J005357.1-092124,FITS,00 53 57.190,-09 21 24.32,0.365,1.19,1.16,0.162,4.35,0.0,91.1,,g,,1997.164,2450509.4,0.961
333.75281667,-9.35711111,J221500.6-092125,FITS,22 15 00.676,-09 21 25.60,0.06,1.12,1.15,0.14,3.63,0.0,97.0,,,,1997.239,2450536.6,14.453
27.47005,-9.35723333,J014952.8-092126,FITS,01 49 52.812,-09 21 26.04,0.504,1.12,0.61,0.161,0.0,0.0,104.1,,,,1997.164,2450509.4,0.339
340.2413125,-9.357275,J224057.9-092126,FITS,22 40 57.915,-09 21 26.19,0.014,1.96,1.75,0.143,0.0,0.0,147.3,,g,,1997.262,2450545.1,0.261
36.6671875,-9.35736389,J022640.1-092126,FITS,02 26 40.125,-09 21 26.51,0.014,8.05,10.59,0.161,5.28,0.84,169.0,,,,1997.164,2450509.4,0.884
16.07290833,-9.35743333,J010417.4-092126,FITS,01 04 17.498,-09 21 26.76,0.25,1.04,0.71,0.139,2.3,0.0,89.3,,,,1997.164,2450509.4,0.23
343.775425,-9.35760833,J225506.1-092127,FITS,22 55 06.102,-09 21 27.39,0.272,1.15,0.88,0.143,0.45,0.0,64.1,,s,,1997.262,2450545.1,0.231
6.39309583,-9.35764167,J002534.3-092127,FITS,00 25 34.343,-09 21 27.51,0.072,1.16,0.96,0.142,3.82,0.0,69.3,,,,1997.164,2450509.4,0.0
38.93587917,-9.35777222,J023544.6-092127,FITS,02 35 44.611,-09 21 27.98,0.208,1.52,0.72,0.166,0.0,0.0,89.8,,,,1997.164,2450509.4,0.91
4.67857083,-9.35798333,J001842.8-092128,FITS,00 18 42.857,-09 21 28.74,0.213,1.33,0.55,0.157,0.0,0.0,89.1,,g,,1997.164,2450509.3,0.657
15.48846667,-9.35805278,J010157.2-092128,FITS,01 01 57.232,-09 21 28.99,0.138,1.08,1.3,0.145,6.52,0.0,86.9,,,,1997.164,2450509.4,0.391
333.98102083,-9.35811944,J221555.4-092129,FITS,22 15 55.445,-09 21 29.23,0.014,1.79,1.15,0.143,0.0,0.0,81.3,,,,1997.256,2450543.0,8.205
26.05954167,-9.35832222,J014414.2-092129,FITS,01 44 14.290,-09 21 29.96,0.014,2.25,1.52,0.156,0.0,0.0,97.9,,,,1997.164,2450509.4,0.619
349.1601875,-9.35839444,J231638.4-092130,FITS,23 16 38.445,-09 21 30.22,0.178,1.12,0.63,0.139,0.0,0.0,61.8,,,,1997.262,2450545.2,0.0
340.4522,-9.3585,J224148.5-092130,FITS,22 41 48.528,-09 21 30.60,0.267,1.22,1.26,0.158,5.89,0.0,68.8,,g,,1997.261,2450544.8,0.491
36.54960417,-9.35870278,J022611.9-092131,FITS,02 26 11.905,-09 21 31.33,0.014,32.79,33.28,0.154,0.93,0.49,155.9,,g,,1997.164,2450509.5,0.585
334.00275833,-9.35874167,J221600.6-092131,FITS,22 16 00.662,-09 21 31.47,0.014,3.62,3.24,0.141,0.0,0.0,108.3,,,,1997.258,2450543.5,7.139
345.55986667,-9.35898889,J230214.3-092132,FITS,23 02 14.368,-09 21 32.36,0.014,4.23,4.25,0.153,1.29,0.0,166.5,,s,,1997.262,2450545.0,0.378
15.5247875,-9.35922778,J010205.9-092133,FITS,01 02 05.949,-09 21 33.22,0.397,1.06,0.38,0.15,0.0,0.0,90.0,,,,1997.164,2450509.4,0.504
0.84254167,-9.35930278,J000322.2-092133,FITS,00 03 22.210,-09 21 33.49,0.014,5.73,17.17,0.158,11.85,5.25,145.4,,,,1997.164,2450509.3,0.871
359.68445417,-9.35939167,J235844.2-092133,FITS,23 58 44.269,-09 21 33.81,0.234,1.04,1.09,0.141,5.8,0.0,57.5,,,,1997.164,2450509.3,0.248
22.43970417,-9.35942778,J012945.5-092133,FITS,01 29 45.529,-09 21 33.94,0.251,1.15,0.95,0.158,3.6,0.0,93.1,,,,1997.164,2450509.4,0.917
3.39475417,-9.35955833,J001334.7-092134,FITS,00 13 34.741,-09 21 34.41,0.124,4.03,4.71,0.41,4.62,0.0,85.4,,g,,1997.164,2450509.3,0.0
13.66740833,-9.35978889,J005440.1-092135,FITS,00 54 40.178,-09 21 35.24,0.6,1.19,0.92,0.16,0.0,0.0,108.7,,g,,1997.164,2450509.4,0.691
339.95800833,-9.35983333,J223949.9-092135,FITS,22 39 49.922,-09 21 35.40,0.014,1.68,1.7,0.151,2.81,0.0,90.6,,,,1997.262,2450545.0,0.348
355.63455,-9.36010278,J234232.2-092136,FITS,23 42 32.292,-09 21 36.37,0.339,1.3,1.75,0.159,8.0,0.0,88.4,,,,1997.164,2450509.3,0.782
355.51126667,-9.36016111,J234202.7-092136,FITS,23 42 02.704,-09 21 36.58,0.516,1.31,0.62,0.158,0.0,0.0,83.5,,,,1997.164,2450509.3,0.962
27.99872083,-9.36030278,J015159.6-092137,FITS,01 51 59.693,-09 21 37.09,0.481,1.14,1.02,0.174,4.72,0.0,94.7,,g,,1997.164,2450509.4,0.431
332.81667083,-9.36032222,J221116.0-092137,FITS,22 11 16.001,-09 21 37.16,0.014,27.9,28.74,0.158,1.38,0.63,6.8,,,,1997.184,2450516.7,14.001
353.17797083,-9.36033889,J233242.7-092137,FITS,23 32 42.713,-09 21 37.22,0.034,4.39,4.16,0.341,0.57,0.0,97.9,,,,1997.164,2450509.3,0.902
357.41012917,-9.36050278,J234938.4-092137,FITS,23 49 38.431,-09 21 37.81,0.06,1.16,0.91,0.144,0.0,0.0,97.4,,,,1997.164,2450509.3,0.0
0.844875,-9.36071111,J000322.7-092138,FITS,00 03 22.770,-09 21 38.56,0.014,17.53,19.14,0.158,2.59,0.0,106.0,,,,1997.164,2450509.3,0.866
39.18780417,-9.36071944,J023645.0-092138,FITS,02 36 45.073,-09 21 38.59,0.014,3.79,3.35,0.155,0.0,0.0,58.8,,,,1997.164,2450509.5,0.626
347.7978625,-9.36076944,J231111.4-092138,FITS,23 11 11.487,-09 21 38.77,0.014,3.37,3.31,0.153,2.78,0.0,145.1,,s,,1997.262,2450545.0,0.356
333.65408333,-9.36088333,J221436.9-092139,FITS,22 14 36.980,-09 21 39.18,0.014,2.26,1.65,0.132,0.0,0.0,75.1,,g,,1997.231,2450533.7,16.136
33.09037083,-9.36094722,J021221.6-092139,FITS,02 12 21.689,-09 21 39.41,0.207,1.28,0.65,0.16,0.0,0.0,89.0,,g,,1997.164,2450509.5,0.874
334.67822917,-9.36101111,J221842.7-092139,FITS,22 18 42.775,-09 21 39.64,0.014,3.35,4.97,0.156,6.9,0.0,51.0,,g,,1997.261,2450545.0,0.394
31.3914375,-9.361025,J020533.9-092139,FITS,02 05 33.945,-09 21 39.69,0.014,9.8,15.38,0.162,6.5,1.31,62.3,,s,,1997.164,2450509.4,0.84
345.48070417,-9.36121111,J230155.3-092140,FITS,23 01 55.369,-09 21 40.36,0.014,6.03,6.86,0.142,2.93,1.44,171.4,,g,,1997.262,2450545.1,0.237
22.56738333,-9.36138333,J013016.1-092140,FITS,01 30 16.172,-09 21 40.98,0.787,1.05,0.63,0.159,1.38,0.0,67.0,,,,1997.164,2450509.4,0.908
331.06609583,-9.36139167,J220415.8-092141,FITS,22 04 15.863,-09 21 41.01,0.326,1.01,0.69,0.142,1.29,0.0,52.5,,,,1997.164,2450509.3,0.248
18.60904583,-9.36146944,J011426.1-092141,FITS,01 14 26.171,-09 21 41.29,0.28,1.23,0.75,0.156,0.0,0.0,45.0,,,,1997.164,2450509.4,0.765
334.670525,-9.36146944,J221840.9-092141,FITS,22 18 40.926,-09 21 41.29,0.17,1.08,5.52,0.157,15.61,8.52,87.4,,s,,1997.261,2450544.9,0.404
357.83325,-9.36147778,J235119.9-092141,FITS,23 51 19.980,-09 21 41.32,0.361,1.05,0.43,0.159,0.0,0.0,87.4,,,,1997.164,2450509.3,0.886
1.86013333,-9.36174722,J000726.4-092142,FITS,00 07 26.432,-09 21 42.29,0.014,10.91,12.81,0.14,3.64,0.49,144.8,,,,1997.164,2450509.3,0.0
25.94057917,-9.36184444,J014345.7-092142,FITS,01 43 45.739,-09 21 42.64,0.278,1.1,1.11,0.142,6.43,0.0,70.7,,g,,1997.164,2450509.4,0.262
0.55377083,-9.36188056,J000212.9-092142,FITS,00 02 12.905,-09 21 42.77,0.432,1.08,0.7,0.156,0.0,0.0,103.7,,,,1997.164,2450509.3,0.601
0.6976875,-9.36188611,J000247.4-092142,FITS,00 02 47.445,-09 21 42.79,0.054,1.18,0.81,0.158,1.83,0.0,83.7,,,,1997.164,2450509.4,0.927
2.6502375,-9.36223056,J001036.0-092144,FITS,00 10 36.057,-09 21 44.03,0.014,29.72,30.84,0.144,1.7,0.38,12.7,,,,1997.164,2450509.3,0.0
343.4012625,-9.36230833,J225336.3-092144,FITS,22 53 36.303,-09 21 44.31,0.014,17.62,21.92,0.159,3.25,2.37,99.8,,,,1997.261,2450544.9,0.47
334.6672875,-9.36240278,J221840.1-092144,FITS,22 18 40.149,-09 21 44.65,0.014,3.83,8.07,0.157,7.29,5.1,143.5,,s,,1997.261,2450544.9,0.407
347.79980833,-9.36255,J231111.9-092145,FITS,23 11 11.954,-09 21 45.18,0.07,1.47,2.35,0.154,9.66,0.0,98.5,,,,1997.262,2450545.0,0.357
39.13877083,-9.36259722,J023633.3-092145,FITS,02 36 33.305,-09 21 45.35,0.412,1.06,0.82,0.159,1.79,0.0,104.3,,,,1997.164,2450509.5,0.769
338.6587375,-9.36271667,J223438.0-092145,FITS,22 34 38.097,-09 21 45.78,0.014,1.67,1.29,0.142,0.0,0.0,37.8,,g,,1997.262,2450545.2,0.0
345.3782875,-9.36272778,J230130.7-092145,FITS,23 01 30.789,-09 21 45.82,0.014,7.04,9.8,0.138,5.54,0.66,132.3,,,,1997.262,2450545.2,0.0
40.99895,-9.36284722,J024359.7-092146,FITS,02 43 59.748,-09 21 46.25,0.253,1.31,1.01,0.156,2.33,0.0,104.5,,,,1997.164,2450509.4,0.292
340.97242083,-9.36298889,J224353.3-092146,FITS,22 43 53.381,-09 21 46.76,0.016,1.32,0.83,0.141,0.0,0.0,84.6,,g,,1997.262,2450545.1,0.22
11.7300875,-9.36338333,J004655.2-092148,FITS,00 46 55.221,-09 21 48.18,0.313,1.14,0.49,0.144,0.0,0.0,102.1,,,,1997.164,2450509.4,0.367
27.43514583,-9.36353333,J014944.4-092148,FITS,01 49 44.435,-09 21 48.72,0.344,1.1,0.6,0.15,0.0,0.0,104.0,,g,,1997.164,2450509.4,0.249
334.6708625,-9.36356111,J221841.0-092148,FITS,22 18 41.007,-09 21 48.82,0.014,1.68,5.47,0.157,15.1,2.95,80.7,,g,,1997.261,2450544.9,0.401
355.53515,-9.36359444,J234208.4-092148,FITS,23 42 08.436,-09 21 48.94,0.516,1.4,0.84,0.157,0.0,0.0,92.3,,g,,1997.164,2450509.4,0.943
33.67614583,-9.36376389,J021442.2-092149,FITS,02 14 42.275,-09 21 49.55,0.014,22.04,22.39,0.159,1.45,0.0,5.2,,s,,1997.164,2450509.5,0.899
25.3938375,-9.36412778,J014134.5-092150,FITS,01 41 34.521,-09 21 50.86,0.744,1.24,0.68,0.187,0.0,0.0,94.0,,g,,1997.164,2450509.5,0.844
4.28330833,-9.36428611,J001707.9-092151,FITS,00 17 07.994,-09 21 51.43,0.383,1.02,0.61,0.15,0.0,0.0,87.8,,g,,1997.164,2450509.4,0.533
9.04502083,-9.36439444,J003610.8-092151,FITS,00 36 10.805,-09 21 51.82,0.014,2.67,2.42,0.161,2.97,0.0,78.1,,g,,1997.164,2450509.4,0.933
32.02332083,-9.36445,J020805.5-092152,FITS,02 08 05.597,-09 21 52.02,0.629,1.14,0.49,0.152,0.0,0.0,100.0,,,,1997.164,2450509.5,0.501
348.4896875,-9.36455833,J231357.5-092152,FITS,23 13 57.525,-09 21 52.41,0.441,1.01,0.56,0.142,0.0,0.0,97.0,,,,1997.258,2450543.8,6.966
343.3553625,-9.364575,J225325.2-092152,FITS,22 53 25.287,-09 21 52.47,0.332,1.1,0.63,0.157,0.0,0.0,101.6,,,,1997.261,2450544.9,0.431
31.75685417,-9.36466667,J020701.6-092152,FITS,02 07 01.645,-09 21 52.80,0.442,1.56,0.88,0.147,0.0,0.0,44.9,,,,1997.164,2450509.4,0.406
354.115825,-9.36474444,J233627.7-092153,FITS,23 36 27.798,-09 21 53.08,0.014,2.0,1.3,0.161,0.0,0.0,75.6,,g,,1997.164,2450509.4,0.825
358.1008,-9.36474444,J235224.1-092153,FITS,23 52 24.192,-09 21 53.08,0.492,1.03,0.46,0.142,0.0,0.0,97.8,,g,,1997.164,2450509.3,0.0
15.3930875,-9.36489444,J010134.3-092153,FITS,01 01 34.341,-09 21 53.62,0.34,1.01,0.52,0.141,0.0,0.0,73.9,,,,1997.164,2450509.4,0.0
22.84283333,-9.36489444,J013122.2-092153,FITS,01 31 22.280,-09 21 53.62,0.77,1.05,0.55,0.144,0.0,0.0,114.2,,,,1997.164,2450509.4,0.0
357.20190833,-9.36493056,J234848.4-092153,FITS,23 48 48.458,-09 21 53.75,0.014,7.75,7.44,0.155,0.0,0.0,152.9,,g,,1997.164,2450509.3,0.582
348.83500833,-9.36513333,J231520.4-092154,FITS,23 15 20.402,-09 21 54.48,0.014,36.56,38.96,0.14,1.72,1.25,139.7,,,,1997.243,2450538.2,14.259
26.0758,-9.365225,J014418.1-092154,FITS,01 44 18.192,-09 21 54.81,0.014,11.09,11.6,0.158,1.97,0.0,65.3,,,,1997.164,2450509.4,0.67
26.56804167,-9.36538056,J014616.3-092155,FITS,01 46 16.330,-09 21 55.37,0.014,2.5,2.38,0.141,1.94,0.0,2.4,,,,1997.164,2450509.4,0.242
30.24006667,-9.36546389,J020057.6-092155,FITS,02 00 57.616,-09 21 55.67,0.058,1.15,0.91,0.15,0.0,0.0,90.0,,,,1997.164,2450509.4,0.458
39.36427083,-9.36565833,J023727.4-092156,FITS,02 37 27.425,-09 21 56.37,0.014,8.03,11.38,0.141,5.12,2.56,172.7,,,,1997.164,2450509.5,0.0
347.14991667,-9.3657,J230835.9-092156,FITS,23 08 35.980,-09 21 56.52,0.637,1.07,0.63,0.159,0.0,0.0,55.8,,,,1997.261,2450544.9,0.465
33.6248875,-9.36574444,J021429.9-092156,FITS,02 14 29.973,-09 21 56.68,0.014,2.19,1.74,0.16,3.18,0.0,113.4,,g,,1997.164,2450509.5,0.803
35.85719583,-9.36583333,J022325.7-092157,FITS,02 23 25.727,-09 21 57.00,0.014,2.82,2.92,0.16,4.05,0.0,145.7,,,,1997.164,2450509.5,0.758
345.26711667,-9.36584444,J230104.1-092157,FITS,23 01 04.108,-09 21 57.04,0.014,2.56,2.43,0.143,2.02,0.0,52.5,,g,,1997.262,2450545.1,0.235
358.65814167,-9.36605,J235437.9-092157,FITS,23 54 37.954,-09 21 57.78,0.014,62.42,63.3,0.16,1.01,0.32,9.0,,,,1997.164,2450509.4,0.718
7.30606667,-9.36624722,J002913.4-092158,FITS,00 29 13.456,-09 21 58.49,0.014,1.44,1.23,0.155,0.93,0.0,51.1,,,,1997.164,2450509.4,0.608
38.5183,-9.36630278,J023404.3-092158,FITS,02 34 04.392,-09 21 58.69,0.014,6.15,5.93,0.181,0.72,0.0,90.6,,,,1997.164,2450509.5,0.371
20.29134167,-9.36637222,J012109.9-092158,FITS,01 21 09.922,-09 21 58.94,0.332,1.13,0.53,0.155,0.0,0.0,81.0,,,,1997.164,2450509.5,0.936
13.90250417,-9.36641944,J005536.6-092159,FITS,00 55 36.601,-09 21 59.11,0.251,1.18,1.32,0.144,6.45,0.0,27.2,,g,,1997.164,2450509.4,0.0
13.64146667,-9.36663611,J005433.9-092159,FITS,00 54 33.952,-09 21 59.89,0.339,1.29,1.09,0.161,4.05,0.0,17.0,,,,1997.164,2450509.4,0.763
336.12950833,-9.36665,J222431.0-092159,FITS,22 24 31.082,-09 21 59.94,0.157,1.48,0.69,0.159,0.0,0.0,89.9,,s,,1997.261,2450544.9,0.443
7.33188333,-9.36665556,J002919.6-092159,FITS,00 29 19.652,-09 21 59.96,0.488,1.11,2.3,0.158,11.48,0.0,92.7,,g,,1997.164,2450509.4,0.688
343.3966125,-9.3667,J225335.1-092200,FITS,22 53 35.187,-09 22 00.12,0.014,18.51,21.24,0.158,2.97,0.73,100.2,,,,1997.261,2450544.9,0.462
14.42691667,-9.36678056,J005742.4-092200,FITS,00 57 42.460,-09 22 00.41,0.42,1.06,0.56,0.156,0.0,0.0,107.4,,,,1997.164,2450509.4,0.661
356.5744625,-9.36683611,J234617.8-092200,FITS,23 46 17.871,-09 22 00.61,0.504,1.0,0.59,0.142,0.0,0.0,91.0,,,,1997.164,2450509.4,0.168
2.28960417,-9.36698333,J000909.5-092201,FITS,00 09 09.505,-09 22 01.14,0.494,1.04,0.91,0.158,2.12,0.0,144.1,,s,,1997.164,2450509.4,0.938
355.5569375,-9.36706944,J234213.6-092201,FITS,23 42 13.665,-09 22 01.45,0.848,1.05,0.58,0.157,0.0,0.0,72.6,,,,1997.164,2450509.4,0.919
22.70254167,-9.36715833,J013048.6-092201,FITS,01 30 48.610,-09 22 01.77,0.787,1.06,0.79,0.155,4.61,0.0,115.2,,,,1997.164,2450509.4,0.58
12.68346667,-9.36722778,J005044.0-092202,FITS,00 50 44.032,-09 22 02.02,0.732,1.1,0.45,0.166,0.0,0.0,93.7,,,,1997.164,2450509.4,0.907
10.62664167,-9.36743611,J004230.3-092202,FITS,00 42 30.394,-09 22 02.77,0.014,106.54,107.53,0.201,0.92,0.0,10.1,,s,,1997.164,2450509.4,0.799
1.12867917,-9.36759722,J000430.8-092203,FITS,00 04 30.883,-09 22 03.35,0.014,4.83,4.45,0.143,0.0,0.0,171.0,,g,,1997.164,2450509.3,0.0
28.99533333,-9.36761667,J015558.8-092203,FITS,01 55 58.880,-09 22 03.42,0.33,1.07,0.7,0.146,2.85,0.0,87.3,,,,1997.164,2450509.4,0.413
330.33365833,-9.3679,J220120.0-092204,FITS,22 01 20.078,-09 22 04.44,0.016,1.49,0.83,0.143,0.0,0.0,105.0,,,,1997.164,2450509.3,0.156
0.54198333,-9.36801944,J000210.0-092204,FITS,00 02 10.076,-09 22 04.87,0.014,1.22,0.98,0.155,0.0,0.0,45.6,,,,1997.164,2450509.4,0.562
348.61679583,-9.36803056,J231428.0-092204,FITS,23 14 28.031,-09 22 04.91,0.014,3.99,3.77,0.145,0.0,0.0,50.3,,,,1997.247,2450539.8,12.836
23.12361667,-9.36803333,J013229.6-092204,FITS,01 32 29.668,-09 22 04.92,0.797,1.11,0.48,0.161,0.0,0.0,89.8,,,,1997.164,2450509.5,0.8
7.3047625,-9.36806111,J002913.1-092205,FITS,00 29 13.143,-09 22 05.02,0.014,1.83,3.12,0.155,7.63,0.0,79.1,,g,,1997.164,2450509.4,0.603
347.14828333,-9.36806667,J230835.5-092205,FITS,23 08 35.588,-09 22 05.04,0.07,1.5,1.25,0.159,5.11,0.0,47.5,,,,1997.261,2450544.9,0.462
8.762175,-9.36811111,J003502.9-092205,FITS,00 35 02.922,-09 22 05.20,0.151,1.16,1.56,0.149,4.16,2.29,90.4,,g,,1997.164,2450509.4,0.465
26.53171667,-9.36820556,J014607.6-092205,FITS,01 46 07.612,-09 22 05.54,0.598,1.02,0.68,0.143,2.2,0.0,47.8,,g,,1997.164,2450509.4,0.334
357.256875,-9.36843889,J234901.6-092206,FITS,23 49 01.650,-09 22 06.38,0.338,1.03,0.37,0.147,0.0,0.0,90.9,,s,,1997.164,2450509.3,0.406
12.12489167,-9.36850556,J004829.9-092206,FITS,00 48 29.974,-09 22 06.62,0.347,1.45,1.0,0.174,0.63,0.0,72.3,,g,,1997.164,2450509.4,0.803
0.39710417,-9.36851111,J000135.3-092206,FITS,00 01 35.305,-09 22 06.64,0.014,14.55,14.36,0.145,0.0,0.0,95.2,,,,1997.164,2450509.3,0.0
333.27251667,-9.36854722,J221305.4-092206,FITS,22 13 05.404,-09 22 06.77,0.014,1.34,2.0,0.113,7.93,0.0,176.5,,g,,1997.212,2450527.0,17.79
12.11874167,-9.36857222,J004828.4-092206,FITS,00 48 28.498,-09 22 06.86,0.612,1.27,0.8,0.173,0.0,0.0,103.6,,,,1997.164,2450509.4,0.817
355.07076667,-9.368675,J234016.9-092207,FITS,23 40 16.984,-09 22 07.23,0.441,1.02,0.46,0.142,0.0,0.0,95.9,,,,1997.164,2450509.3,0.236
35.85874167,-9.36875556,J022326.0-092207,FITS,02 23 26.098,-09 22 07.52,0.101,2.82,2.14,0.16,2.17,0.0,150.3,,,,1997.164,2450509.5,0.761
345.1868,-9.368925,J230044.8-092208,FITS,23 00 44.832,-09 22 08.13,0.014,1.76,1.03,0.155,0.0,0.0,96.8,,,,1997.262,2450545.0,0.37
18.1792625,-9.36916389,J011243.0-092208,FITS,01 12 43.023,-09 22 08.99,0.014,27.52,29.45,0.154,1.98,0.93,46.1,,g,,1997.164,2450509.4,0.654
29.3937125,-9.36921667,J015734.4-092209,FITS,01 57 34.491,-09 22 09.18,0.443,1.06,0.97,0.161,5.35,0.0,78.2,,g,,1997.164,2450509.5,0.757
341.7423125,-9.36921667,J224658.1-092209,FITS,22 46 58.155,-09 22 09.18,0.014,59.15,60.29,0.144,1.06,0.57,9.9,,g,,1997.262,2450545.1,0.247
35.43443333,-9.36924722,J022144.2-092209,FITS,02 21 44.264,-09 22 09.29,0.498,1.07,0.63,0.154,0.0,0.0,92.6,,,,1997.164,2450509.5,0.637
12.08727083,-9.36976389,J004820.9-092211,FITS,00 48 20.945,-09 22 11.15,0.014,135.98,160.23,0.169,3.28,1.42,41.4,,,,1997.164,2450509.5,0.875
36.92085417,-9.36986111,J022741.0-092211,FITS,02 27 41.005,-09 22 11.50,0.014,41.41,48.45,0.158,2.72,2.02,59.5,,,,1997.164,2450509.5,0.678
20.71415833,-9.37002778,J012251.3-092212,FITS,01 22 51.398,-09 22 12.10,0.025,1.36,0.81,0.143,0.0,0.0,66.1,,,,1997.164,2450509.4,0.323
12.11265833,-9.37070556,J004827.0-092214,FITS,00 48 27.038,-09 22 14.54,0.442,1.74,0.89,0.172,0.0,0.0,52.2,,,,1997.164,2450509.5,0.829
12.0593875,-9.37089722,J004814.2-092215,FITS,00 48 14.253,-09 22 15.23,0.865,1.09,0.65,0.166,0.0,0.0,93.0,,,,1997.164,2450509.5,0.913
15.97251667,-9.37094722,J010353.4-092215,FITS,01 03 53.404,-09 22 15.41,0.014,1.32,0.83,0.15,0.49,0.0,108.4,,g,,1997.164,2450509.4,0.513
25.30417083,-9.37096944,J014113.0-092215,FITS,01 41 13.001,-09 22 15.49,0.439,1.35,1.46,0.186,7.83,0.0,1.2,,,,1997.164,2450509.5,0.601
37.0260875,-9.37110833,J022806.2-092215,FITS,02 28 06.261,-09 22 15.99,0.014,1.39,0.85,0.143,0.0,0.0,92.3,,,,1997.164,2450509.5,0.349
344.06604167,-9.37118056,J225615.8-092216,FITS,22 56 15.850,-09 22 16.25,0.014,10.35,10.15,0.16,0.7,0.0,70.6,,,,1997.262,2450545.0,0.37
352.54446667,-9.37125556,J233010.6-092216,FITS,23 30 10.672,-09 22 16.52,0.06,1.17,1.21,0.159,2.78,0.0,94.1,,,,1997.212,2450526.7,18.359
13.66239583,-9.37130278,J005438.9-092216,FITS,00 54 38.975,-09 22 16.69,0.797,1.07,0.68,0.16,0.0,0.0,115.2,,s,,1997.164,2450509.4,0.704
30.90034167,-9.37133333,J020336.0-092216,FITS,02 03 36.082,-09 22 16.80,0.014,2.32,2.36,0.162,3.01,0.0,85.6,,,,1997.164,2450509.5,0.738
2.38845833,-9.37142222,J000933.2-092217,FITS,00 09 33.230,-09 22 17.12,0.014,34.22,37.82,0.159,2.05,1.77,177.2,,,,1997.164,2450509.4,0.77
41.5204875,-9.37144444,J024604.9-092217,FITS,02 46 04.917,-09 22 17.20,0.014,1.9,1.78,0.149,1.92,0.0,160.5,,,,1997.164,2450509.4,0.242
355.484525,-9.37154167,J234156.2-092217,FITS,23 41 56.286,-09 22 17.55,0.797,1.1,0.63,0.157,0.0,0.0,132.5,,,,1997.164,2450509.4,0.953
329.48177917,-9.371625,J215755.6-092217,FITS,21 57 55.627,-09 22 17.85,0.016,2.08,1.75,0.162,0.64,0.0,59.5,,s,,1997.163,2450509.2,0.325
7.30259167,-9.37170556,J002912.6-092218,FITS,00 29 12.622,-09 22 18.14,0.014,2.84,5.72,0.154,7.15,4.43,74.8,,g,,1997.164,2450509.4,0.596
12.084825,-9.37180833,J004820.3-092218,FITS,00 48 20.358,-09 22 18.51,0.014,157.58,173.98,0.169,2.22,1.48,47.0,,g,,1997.164,2450509.5,0.878
20.686225,-9.37204444,J012244.6-092219,FITS,01 22 44.694,-09 22 19.36,0.014,73.36,77.69,0.141,2.29,0.0,161.3,,,,1997.164,2450509.4,0.253
35.86033333,-9.37205556,J022326.4-092219,FITS,02 23 26.480,-09 22 19.40,0.014,6.48,7.25,0.16,2.58,0.96,103.9,,s,,1997.164,2450509.5,0.764
39.30460833,-9.37208056,J023713.1-092219,FITS,02 37 13.106,-09 22 19.49,0.575,1.01,1.16,0.141,3.3,0.0,89.3,,,,1997.164,2450509.5,0.274
9.625075,-9.37211944,J003830.0-092219,FITS,00 38 30.018,-09 22 19.63,0.429,1.07,0.56,0.159,0.0,0.0,102.4,,,,1997.164,2450509.4,0.802
355.5195625,-9.37217778,J234204.6-092219,FITS,23 42 04.695,-09 22 19.84,0.78,1.15,0.84,0.157,3.76,0.0,86.4,,s,,1997.164,2450509.4,0.949
1.1720625,-9.37263889,J000441.2-092221,FITS,00 04 41.295,-09 22 21.50,0.014,6.09,6.79,0.143,2.92,0.62,27.6,,,,1997.164,2450509.4,0.169
358.2483375,-9.37279444,J235259.6-092222,FITS,23 52 59.601,-09 22 22.06,0.52,1.0,0.57,0.147,0.0,0.0,88.5,,g,,1997.164,2450509.4,0.423
329.66105833,-9.373,J215838.6-092222,FITS,21 58 38.654,-09 22 22.80,0.304,1.01,0.58,0.143,0.0,0.0,103.9,,,,1997.164,2450509.3,0.0
353.14340833,-9.37314167,J233234.4-092223,FITS,23 32 34.418,-09 22 23.31,0.034,2.75,2.46,0.308,0.29,0.0,147.0,,,,1997.164,2450509.4,0.84
343.26402083,-9.37318056,J225303.3-092223,FITS,22 53 03.365,-09 22 23.45,0.016,1.34,1.11,0.146,2.18,0.0,103.3,,g,,1997.262,2450545.1,0.279
4.351775,-9.37332222,J001724.4-092223,FITS,00 17 24.426,-09 22 23.96,0.016,1.39,0.8,0.158,0.0,0.0,90.4,,g,,1997.164,2450509.4,0.743
328.16769167,-9.37333611,J215240.2-092224,FITS,21 52 40.246,-09 22 24.01,0.222,1.01,0.86,0.146,2.81,0.0,78.6,,,,1997.164,2450509.3,0.0
357.12695833,-9.37343889,J234830.4-092224,FITS,23 48 30.470,-09 22 24.38,0.484,1.05,0.56,0.16,0.0,0.0,100.3,,,,1997.164,2450509.4,0.797
12.67424167,-9.37346389,J005041.8-092224,FITS,00 50 41.818,-09 22 24.47,0.339,1.41,1.15,0.167,2.45,0.0,115.0,,s,,1997.164,2450509.5,0.89
358.24117083,-9.37348889,J235257.8-092224,FITS,23 52 57.881,-09 22 24.56,0.503,1.02,1.44,0.146,8.87,0.0,109.1,,,,1997.164,2450509.4,0.401
336.97656667,-9.3735,J222754.3-092224,FITS,22 27 54.376,-09 22 24.60,0.517,1.01,1.1,0.151,5.38,0.0,95.9,,,,1997.262,2450545.1,0.296
39.36390833,-9.37351389,J023727.3-092224,FITS,02 37 27.338,-09 22 24.65,0.014,1.23,0.72,0.141,0.0,0.0,89.6,,g,,1997.164,2450509.5,0.0
328.75617917,-9.373625,J215501.4-092225,FITS,21 55 01.483,-09 22 25.05,0.334,1.09,0.61,0.155,0.0,0.0,131.1,,,,1997.164,2450509.2,0.27
36.66125833,-9.37385556,J022638.7-092225,FITS,02 26 38.702,-09 22 25.88,0.499,1.12,0.41,0.16,0.0,0.0,89.8,,,,1997.165,2450509.6,0.868
339.9165125,-9.37386667,J223939.9-092225,FITS,22 39 39.963,-09 22 25.92,0.014,1.95,1.38,0.156,0.0,0.0,80.5,,g,,1997.262,2450545.0,0.392
28.48885833,-9.37389444,J015357.3-092226,FITS,01 53 57.326,-09 22 26.02,0.014,10.92,10.87,0.159,0.9,0.0,141.5,,g,,1997.165,2450509.6,0.952
34.273575,-9.37406667,J021705.6-092226,FITS,02 17 05.658,-09 22 26.64,0.014,2.13,1.74,0.159,0.0,0.0,133.1,,s,,1997.164,2450509.5,0.502
35.7645875,-9.37410556,J022303.5-092226,FITS,02 23 03.501,-09 22 26.78,0.014,1.63,1.11,0.148,0.0,0.0,102.5,,,,1997.164,2450509.5,0.472
39.86591667,-9.37416667,J023927.8-092227,FITS,02 39 27.820,-09 22 27.00,0.014,2.0,1.44,0.16,0.0,0.0,109.0,,g,,1997.165,2450509.6,0.818
20.86004167,-9.37443056,J012326.4-092227,FITS,01 23 26.410,-09 22 27.95,0.223,1.27,1.05,0.157,5.19,0.0,138.1,,g,,1997.164,2450509.5,0.764
24.93841667,-9.37457778,J013945.2-092228,FITS,01 39 45.220,-09 22 28.48,0.296,1.68,2.38,0.177,10.25,0.0,86.9,,g,,1997.164,2450509.5,0.624
35.60808333,-9.37470556,J022225.9-092228,FITS,02 22 25.940,-09 22 28.94,0.014,2.49,2.55,0.14,1.21,0.51,4.3,,g,,1997.164,2450509.5,0.0
350.146425,-9.37493611,J232035.1-092229,FITS,23 20 35.142,-09 22 29.77,0.014,2.74,2.04,0.16,0.0,0.0,93.6,,,,1997.231,2450533.8,17.059
36.63965417,-9.37493889,J022633.5-092229,FITS,02 26 33.517,-09 22 29.78,0.014,3.5,3.07,0.161,0.0,0.0,61.0,,g,,1997.165,2450509.6,0.829
36.91405,-9.37500556,J022739.3-092230,FITS,02 27 39.372,-09 22 30.02,0.014,14.86,26.41,0.159,6.95,3.62,0.7,,,,1997.164,2450509.5,0.697
22.80586667,-9.37512778,J013113.4-092230,FITS,01 31 13.408,-09 22 30.46,0.601,1.09,0.73,0.143,2.19,0.0,68.6,,g,,1997.164,2450509.4,0.272
356.83009167,-9.37518333,J234719.2-092230,FITS,23 47 19.222,-09 22 30.66,0.014,8.23,8.1,0.157,1.25,0.0,94.8,,,,1997.164,2450509.4,0.682
35.8618625,-9.3752,J022326.8-092230,FITS,02 23 26.847,-09 22 30.72,0.379,1.31,0.63,0.161,0.0,0.0,115.0,,,,1997.165,2450509.5,0.767
359.7342625,-9.37526944,J235856.2-092230,FITS,23 58 56.223,-09 22 30.97,0.233,1.11,0.45,0.145,0.0,0.0,90.2,,,,1997.164,2450509.4,0.381
357.20979583,-9.37536667,J234850.3-092231,FITS,23 48 50.351,-09 22 31.32,0.214,1.21,0.97,0.154,2.66,0.0,55.3,,g,,1997.164,2450509.4,0.556
0.05239583,-9.37539167,J000012.5-092231,FITS,00 00 12.575,-09 22 31.41,0.018,1.25,1.11,0.157,4.1,0.0,51.6,,g,,1997.164,2450509.5,0.917
7.19414583,-9.3755,J002846.5-092231,FITS,00 28 46.595,-09 22 31.80,0.515,1.04,0.72,0.141,0.0,0.0,123.4,,,,1997.164,2450509.4,0.272
26.94982917,-9.37571667,J014747.9-092232,FITS,01 47 47.959,-09 22 32.58,0.014,2.4,1.55,0.159,0.0,0.0,73.7,,,,1997.165,2450509.6,0.919
37.97360417,-9.37577778,J023153.6-092232,FITS,02 31 53.665,-09 22 32.80,0.364,1.13,0.68,0.145,0.0,0.0,89.3,,,,1997.164,2450509.5,0.349
27.55721667,-9.37578056,J015013.7-092232,FITS,01 50 13.732,-09 22 32.81,0.014,5.37,5.0,0.203,0.96,0.0,131.6,,s,,1997.164,2450509.5,0.611
354.78199167,-9.37586944,J233907.6-092233,FITS,23 39 07.678,-09 22 33.13,0.565,1.08,0.62,0.158,0.0,0.0,100.7,,,,1997.164,2450509.5,0.936
36.49239167,-9.37604444,J022558.1-092233,FITS,02 25 58.174,-09 22 33.76,0.293,1.14,0.61,0.146,0.0,0.0,92.3,,,,1997.164,2450509.5,0.404
0.29366667,-9.37613611,J000110.4-092234,FITS,00 01 10.480,-09 22 34.09,0.014,1.39,1.13,0.145,1.78,0.0,112.4,,,,1997.164,2450509.4,0.303
41.547725,-9.37623056,J024611.4-092234,FITS,02 46 11.454,-09 22 34.43,0.014,2.43,2.24,0.144,0.25,0.0,91.6,,,,1997.164,2450509.4,0.186
8.77039583,-9.37626667,J003504.8-092234,FITS,00 35 04.895,-09 22 34.56,0.285,1.09,0.88,0.151,4.88,0.0,1.3,,,,1997.164,2450509.4,0.492
355.49724583,-9.37630556,J234159.3-092234,FITS,23 41 59.339,-09 22 34.70,0.431,1.23,1.32,0.157,7.55,0.0,75.4,,,,1997.164,2450509.5,0.954
328.96745417,-9.37641389,J215552.1-092235,FITS,21 55 52.189,-09 22 35.09,0.334,1.07,0.48,0.149,0.0,0.0,70.2,,,,1997.164,2450509.2,0.214
23.22270417,-9.37643611,J013253.4-092235,FITS,01 32 53.449,-09 22 35.17,0.378,1.2,0.97,0.161,5.36,0.0,66.7,,,,1997.165,2450509.6,0.938
334.58665,-9.37654167,J221820.7-092235,FITS,22 18 20.796,-09 22 35.55,0.014,2.31,1.86,0.158,1.33,0.0,105.4,,,,1997.261,2450544.9,0.461
38.0042375,-9.37666944,J023201.0-092236,FITS,02 32 01.017,-09 22 36.01,0.697,1.0,0.47,0.149,0.0,0.0,89.9,,,,1997.164,2450509.5,0.44
17.993925,-9.37671389,J011158.5-092236,FITS,01 11 58.542,-09 22 36.17,0.805,1.13,0.83,0.154,0.0,0.0,65.3,,,,1997.165,2450509.6,0.951
37.964625,-9.37685833,J023151.5-092236,FITS,02 31 51.510,-09 22 36.69,0.676,1.0,0.48,0.144,0.0,0.0,89.5,,,,1997.164,2450509.5,0.325
16.92135,-9.37687222,J010741.1-092236,FITS,01 07 41.124,-09 22 36.74,0.014,4.12,4.29,0.143,2.69,0.0,87.1,,g,,1997.164,2450509.4,0.172
345.271775,-9.37710278,J230105.2-092237,FITS,23 01 05.226,-09 22 37.57,0.014,1.74,1.55,0.142,0.0,0.0,61.6,,g,,1997.262,2450545.1,0.213
338.76154583,-9.37711111,J223502.7-092237,FITS,22 35 02.771,-09 22 37.60,0.014,1.66,1.04,0.148,0.0,0.0,89.5,,g,,1997.262,2450545.1,0.269
2.3818875,-9.37725,J000931.6-092238,FITS,00 09 31.653,-09 22 38.10,0.105,1.3,1.39,0.159,2.82,0.0,89.3,,g,,1997.164,2450509.5,0.783
355.5200625,-9.37733333,J234204.8-092238,FITS,23 42 04.815,-09 22 38.40,0.516,1.5,1.02,0.156,2.78,0.0,79.5,,,,1997.164,2450509.5,0.942
1.05262083,-9.37737222,J000412.6-092238,FITS,00 04 12.629,-09 22 38.54,0.297,1.01,0.64,0.143,2.04,0.0,73.2,,,,1997.164,2450509.4,0.281
17.663,-9.37747778,J011039.1-092238,FITS,01 10 39.120,-09 22 38.92,0.014,7.84,8.44,0.139,2.88,0.0,133.1,,g,,1997.164,2450509.4,0.159
337.30839583,-9.37781944,J222914.0-092240,FITS,22 29 14.015,-09 22 40.15,0.014,1.4,1.03,0.159,0.0,0.0,87.4,,,,1997.262,2450545.0,0.348
19.50928333,-9.37786944,J011802.2-092240,FITS,01 18 02.228,-09 22 40.33,0.016,1.34,1.57,0.156,5.77,0.0,119.7,,g,,1997.165,2450509.6,0.948
14.86698333,-9.37791111,J005928.0-092240,FITS,00 59 28.076,-09 22 40.48,0.326,1.12,0.76,0.159,2.11,0.0,69.7,,,,1997.164,2450509.5,0.779
39.362475,-9.37791389,J023726.9-092240,FITS,02 37 26.994,-09 22 40.49,0.014,11.57,20.16,0.141,6.59,3.72,1.5,,,,1997.164,2450509.5,0.0
9.57595833,-9.37796111,J003818.2-092240,FITS,00 38 18.230,-09 22 40.66,0.014,16.8,20.09,0.157,3.4,1.2,67.2,,,,1997.164,2450509.5,0.668
40.08822917,-9.37810278,J024021.1-092241,FITS,02 40 21.175,-09 22 41.17,0.258,1.14,0.79,0.14,2.66,0.0,98.1,,,,1997.164,2450509.5,0.157
19.76980833,-9.37812222,J011904.7-092241,FITS,01 19 04.754,-09 22 41.24,0.014,1.83,2.18,0.145,4.97,0.0,82.2,,g,,1997.164,2450509.4,0.369
338.51004583,-9.37821111,J223402.4-092241,FITS,22 34 02.411,-09 22 41.56,0.458,1.02,0.48,0.145,0.0,0.0,86.0,,,,1997.262,2450545.1,0.231
36.67735833,-9.37841111,J022642.5-092242,FITS,02 26 42.566,-09 22 42.28,0.498,1.05,0.58,0.16,0.0,0.0,92.2,,,,1997.165,2450509.6,0.887
21.314575,-9.37844722,J012515.4-092242,FITS,01 25 15.498,-09 22 42.41,0.797,1.01,0.41,0.141,0.0,0.0,86.3,,,,1997.164,2450509.4,0.252
25.216525,-9.37854167,J014051.9-092242,FITS,01 40 51.966,-09 22 42.75,0.737,1.24,1.25,0.174,4.52,0.0,105.1,,,,1997.164,2450509.4,0.331
332.9877,-9.37861944,J221157.0-092243,FITS,22 11 57.048,-09 22 43.03,0.134,1.31,0.64,0.161,0.0,0.0,106.7,,,,1997.201,2450523.0,16.482
353.64715,-9.37914722,J233435.3-092244,FITS,23 34 35.316,-09 22 44.93,0.436,2.12,1.54,0.347,0.0,0.0,90.1,,g,,1997.164,2450509.3,0.0
340.72122083,-9.37928333,J224253.0-092245,FITS,22 42 53.093,-09 22 45.42,0.016,1.98,1.5,0.149,0.0,0.0,63.6,,,,1997.262,2450545.1,0.297
22.35881667,-9.37939444,J012926.1-092245,FITS,01 29 26.116,-09 22 45.82,0.365,1.06,0.65,0.158,0.0,0.0,91.1,,,,1997.164,2450509.5,0.759
32.03917083,-9.37951389,J020809.4-092246,FITS,02 08 09.401,-09 22 46.25,0.338,1.37,0.82,0.154,0.0,0.0,113.0,,g,,1997.164,2450509.5,0.552
13.04207917,-9.37976389,J005210.0-092247,FITS,00 52 10.099,-09 22 47.15,0.603,1.09,0.52,0.144,0.0,0.0,87.1,,g,,1997.164,2450509.4,0.308
27.83134167,-9.37995278,J015119.5-092247,FITS,01 51 19.522,-09 22 47.83,0.014,93.43,95.01,0.247,1.15,0.23,0.4,,s,,1997.165,2450509.6,0.875
14.5383125,-9.38003611,J005809.1-092248,FITS,00 58 09.195,-09 22 48.13,0.014,20.16,21.39,0.141,1.65,1.23,143.6,,s,,1997.164,2450509.4,0.318
10.41176667,-9.38006667,J004138.8-092248,FITS,00 41 38.824,-09 22 48.24,0.209,1.63,1.33,0.212,4.27,0.0,132.1,,g,,1997.164,2450509.5,0.865
25.4427,-9.38006667,J014146.2-092248,FITS,01 41 46.248,-09 22 48.24,0.014,15.32,20.29,0.186,4.34,1.67,97.5,,,,1997.165,2450509.6,0.905
6.43812917,-9.38013611,J002545.1-092248,FITS,00 25 45.151,-09 22 48.49,0.016,1.28,1.12,0.141,3.55,0.0,59.9,,,,1997.164,2450509.4,0.259
15.03322083,-9.38018611,J010007.9-092248,FITS,01 00 07.973,-09 22 48.67,0.014,11.01,11.65,0.159,2.42,0.0,101.9,,,,1997.165,2450509.6,0.927
15.64606667,-9.38018889,J010235.0-092248,FITS,01 02 35.056,-09 22 48.68,0.014,2.24,1.83,0.158,1.66,0.0,100.5,,s,,1997.164,2450509.5,0.836
341.90768333,-9.38019167,J224737.8-092248,FITS,22 47 37.844,-09 22 48.69,0.014,41.41,87.11,0.158,9.82,1.54,112.2,,s,,1997.261,2450544.9,0.452
27.04236667,-9.38044444,J014810.1-092249,FITS,01 48 10.168,-09 22 49.60,0.797,1.14,0.46,0.158,0.0,0.0,88.2,,g,,1997.165,2450509.6,0.919
25.4407875,-9.38057778,J014145.7-092250,FITS,01 41 45.789,-09 22 50.08,0.014,5.71,8.61,0.187,4.79,3.32,89.8,,,,1997.165,2450509.6,0.902
348.184325,-9.38071667,J231244.2-092250,FITS,23 12 44.238,-09 22 50.58,0.014,9.26,12.8,0.156,4.69,1.93,97.2,,,,1997.262,2450545.0,0.355
15.82440833,-9.38073889,J010317.8-092250,FITS,01 03 17.858,-09 22 50.66,0.014,4.8,4.25,0.157,0.0,0.0,80.6,,,,1997.165,2450509.6,0.881
24.70563333,-9.38124722,J013849.3-092252,FITS,01 38 49.352,-09 22 52.49,0.396,1.1,0.47,0.157,0.0,0.0,87.0,,s,,1997.165,2450509.6,0.916
11.06317917,-9.38148611,J004415.1-092253,FITS,00 44 15.163,-09 22 53.35,0.104,1.33,0.65,0.157,0.0,0.0,78.4,,s,,1997.164,2450509.5,0.628
359.9674875,-9.38160556,J235952.1-092253,FITS,23 59 52.197,-09 22 53.78,0.222,1.05,0.68,0.156,0.0,0.0,43.0,,,,1997.164,2450509.5,0.926
36.4912625,-9.38173056,J022557.9-092254,FITS,02 25 57.903,-09 22 54.23,0.61,1.05,0.59,0.146,0.0,0.0,85.9,,,,1997.164,2450509.5,0.401
343.42754167,-9.38181111,J225342.6-092254,FITS,22 53 42.610,-09 22 54.52,0.014,13.5,15.49,0.158,2.72,1.63,126.9,,,,1997.261,2450544.9,0.46
24.39286667,-9.38193889,J013734.2-092254,FITS,01 37 34.288,-09 22 54.98,0.014,10.86,12.78,0.141,3.07,1.62,125.2,,s,,1997.164,2450509.4,0.0
12.74029167,-9.38202222,J005057.6-092255,FITS,00 50 57.670,-09 22 55.28,0.363,1.41,0.89,0.163,0.0,0.0,62.3,,s,,1997.165,2450509.6,0.94
32.12917917,-9.38216667,J020831.0-092255,FITS,02 08 31.003,-09 22 55.80,0.726,1.13,2.04,0.161,13.29,0.0,64.8,,,,1997.165,2450509.6,0.803
38.731125,-9.38218889,J023455.4-092255,FITS,02 34 55.470,-09 22 55.88,0.641,1.17,0.75,0.18,1.45,0.0,108.8,,g,,1997.164,2450509.5,0.372
3.00657917,-9.382275,J001201.5-092256,FITS,00 12 01.579,-09 22 56.19,0.014,2.49,1.99,0.19,0.0,0.0,105.7,,g,,1997.165,2450509.6,0.942
332.22225417,-9.38232778,J220853.3-092256,FITS,22 08 53.341,-09 22 56.38,0.014,3.4,2.74,0.263,0.0,0.0,84.8,,g,,1997.182,2450515.8,13.143
338.27957917,-9.38238611,J223307.0-092256,FITS,22 33 07.099,-09 22 56.59,0.504,1.12,0.45,0.157,0.0,0.0,87.0,,,,1997.261,2450544.9,0.474
348.17990833,-9.38239444,J231243.1-092256,FITS,23 12 43.178,-09 22 56.62,0.014,3.89,8.86,0.157,10.47,1.97,83.2,,,,1997.262,2450545.0,0.359
39.32537917,-9.38248611,J023718.0-092256,FITS,02 37 18.091,-09 22 56.95,0.098,1.19,1.38,0.141,6.45,0.0,96.3,,,,1997.164,2450509.5,0.182
349.08158333,-9.38253333,J231619.5-092257,FITS,23 16 19.580,-09 22 57.12,0.014,1.86,1.73,0.138,1.36,0.0,50.2,,s,,1997.262,2450545.2,0.01
352.9237,-9.38268611,J233141.6-092257,FITS,23 31 41.688,-09 22 57.67,0.06,1.16,0.83,0.143,1.7,0.0,82.8,,g,,1997.164,2450509.3,0.182
10.2214125,-9.3827,J004053.1-092257,FITS,00 40 53.139,-09 22 57.72,0.324,1.16,0.54,0.156,0.0,0.0,86.6,,,,1997.164,2450509.4,0.346
33.97125417,-9.38277222,J021553.1-092257,FITS,02 15 53.101,-09 22 57.98,0.717,1.09,0.51,0.151,0.0,0.0,88.3,,,,1997.164,2450509.5,0.518
356.3312625,-9.38327778,J234519.5-092259,FITS,23 45 19.503,-09 22 59.80,0.014,15.61,18.43,0.158,2.98,1.94,37.9,,,,1997.164,2450509.5,0.871
26.49795,-9.38335278,J014559.5-092300,FITS,01 45 59.508,-09 23 00.07,0.014,3.86,4.45,0.148,3.75,0.0,69.8,,,,1997.164,2450509.5,0.435
15.51209167,-9.38347222,J010202.9-092300,FITS,01 02 02.902,-09 23 00.50,0.258,1.04,0.76,0.148,3.65,0.0,58.6,,,,1997.164,2450509.4,0.465
26.58235833,-9.383575,J014619.7-092300,FITS,01 46 19.766,-09 23 00.87,0.058,1.15,1.1,0.142,3.38,0.0,89.2,,,,1997.164,2450509.5,0.172
25.44200833,-9.38369444,J014146.0-092301,FITS,01 41 46.082,-09 23 01.30,0.014,3.92,14.91,0.187,17.88,4.21,18.6,,,,1997.165,2450509.6,0.899
7.40465,-9.3837,J002937.1-092301,FITS,00 29 37.116,-09 23 01.32,0.548,1.06,0.44,0.159,0.0,0.0,91.1,,,,1997.165,2450509.5,0.849
36.04512917,-9.38374167,J022410.8-092301,FITS,02 24 10.831,-09 23 01.47,0.016,1.33,1.01,0.161,0.0,0.0,78.2,,,,1997.165,2450509.7,0.909
35.97682917,-9.383825,J022354.4-092301,FITS,02 23 54.439,-09 23 01.77,0.701,1.17,0.67,0.161,0.0,0.0,118.4,,s,,1997.165,2450509.7,0.926
35.64409583,-9.38393333,J022234.5-092302,FITS,02 22 34.583,-09 23 02.16,0.365,1.21,0.62,0.14,0.0,0.0,106.5,,,,1997.164,2450509.5,0.0
350.06329167,-9.3841,J232015.1-092302,FITS,23 20 15.190,-09 23 02.76,0.06,1.44,0.98,0.156,0.0,0.0,70.4,,g,,1997.247,2450539.6,13.286
20.94327917,-9.38418611,J012346.3-092303,FITS,01 23 46.387,-09 23 03.07,0.014,76.65,77.55,0.154,1.24,0.0,178.5,,g,,1997.165,2450509.6,0.899
331.19405417,-9.38435833,J220446.5-092303,FITS,22 04 46.573,-09 23 03.69,0.032,1.45,0.94,0.167,0.0,0.0,104.8,,,,1997.164,2450509.3,0.276
8.9000125,-9.38450556,J003536.0-092304,FITS,00 35 36.003,-09 23 04.22,0.014,2.3,1.99,0.161,1.41,0.0,92.5,,s,,1997.165,2450509.5,0.84
19.6848375,-9.38451667,J011844.3-092304,FITS,01 18 44.361,-09 23 04.26,0.496,1.03,1.89,0.155,9.64,0.0,85.1,,g,,1997.164,2450509.5,0.634
332.61098333,-9.38462778,J221026.6-092304,FITS,22 10 26.636,-09 23 04.66,0.014,5.77,5.84,0.143,1.34,0.0,113.3,,,,1997.164,2450509.3,0.0
9.08264583,-9.384825,J003619.8-092305,FITS,00 36 19.835,-09 23 05.37,0.195,1.37,1.2,0.161,2.15,0.0,95.7,,s,,1997.165,2450509.6,0.866
18.1357,-9.38486944,J011232.5-092305,FITS,01 12 32.568,-09 23 05.53,0.407,1.1,0.61,0.155,0.0,0.0,88.4,,,,1997.165,2450509.6,0.768
30.28847083,-9.384925,J020109.2-092305,FITS,02 01 09.233,-09 23 05.73,0.014,6.17,6.13,0.144,0.32,0.0,88.7,,,,1997.164,2450509.5,0.319
16.4920625,-9.38492778,J010558.0-092305,FITS,01 05 58.095,-09 23 05.74,0.014,2.68,4.01,0.159,5.45,2.22,101.0,,,,1997.165,2450509.6,0.932
20.6007375,-9.38518056,J012224.1-092306,FITS,01 22 24.177,-09 23 06.65,0.339,1.13,1.03,0.143,2.69,0.0,70.8,,,,1997.164,2450509.4,0.0
338.59061667,-9.38519722,J223421.7-092306,FITS,22 34 21.748,-09 23 06.71,0.069,1.09,0.67,0.14,0.0,0.0,52.6,,g,,1997.262,2450545.2,0.01
8.77020833,-9.38533889,J003504.8-092307,FITS,00 35 04.850,-09 23 07.22,0.359,1.06,0.51,0.151,0.0,0.0,63.1,,,,1997.164,2450509.4,0.492
7.6094125,-9.38538333,J003026.2-092307,FITS,00 30 26.259,-09 23 07.38,0.014,12.13,12.76,0.16,2.13,0.0,64.7,,,,1997.165,2450509.5,0.822
7.90769167,-9.38565278,J003137.8-092308,FITS,00 31 37.846,-09 23 08.35,0.014,1.67,1.31,0.141,1.99,0.0,86.9,,,,1997.164,2450509.4,0.159
347.28773333,-9.38590833,J230909.0-092309,FITS,23 09 09.056,-09 23 09.27,0.07,1.58,2.16,0.158,8.31,0.0,102.6,,g,,1997.261,2450544.9,0.467
20.74330417,-9.38640278,J012258.3-092311,FITS,01 22 58.393,-09 23 11.05,0.692,1.12,0.62,0.146,0.0,0.0,66.4,,g,,1997.164,2450509.5,0.41
6.24299583,-9.38661667,J002458.3-092311,FITS,00 24 58.319,-09 23 11.82,0.072,1.16,0.99,0.149,2.67,0.0,72.7,,,,1997.164,2450509.4,0.451
41.03305417,-9.38681667,J024407.9-092312,FITS,02 44 07.933,-09 23 12.54,0.014,9.59,12.8,0.171,5.66,0.0,15.7,,,,1997.164,2450509.3,0.333
353.0631125,-9.38685833,J233215.1-092312,FITS,23 32 15.147,-09 23 12.69,0.014,4.92,5.38,0.237,3.44,0.0,79.5,,,,1997.164,2450509.4,0.627
346.42874167,-9.38691389,J230542.8-092312,FITS,23 05 42.898,-09 23 12.89,0.34,1.06,0.71,0.157,0.0,0.0,101.2,,,,1997.261,2450544.9,0.453
332.58062917,-9.38692222,J221019.3-092312,FITS,22 10 19.351,-09 23 12.92,0.809,1.02,0.58,0.143,0.0,0.0,104.4,,,,1997.164,2450509.3,0.18
351.9993,-9.38694722,J232759.8-092313,FITS,23 27 59.832,-09 23 13.01,0.491,1.02,0.7,0.15,3.72,0.0,86.8,,,,1997.176,2450513.7,11.923
19.09592083,-9.38697778,J011623.0-092313,FITS,01 16 23.021,-09 23 13.12,0.014,9.75,9.65,0.14,0.0,0.0,82.2,,,,1997.164,2450509.4,0.154
358.86813333,-9.38703611,J235528.3-092313,FITS,23 55 28.352,-09 23 13.33,0.014,3.78,3.44,0.144,0.0,0.0,72.9,,s,,1997.164,2450509.3,0.0
16.9351625,-9.38719167,J010744.4-092313,FITS,01 07 44.439,-09 23 13.89,0.102,1.23,0.79,0.144,0.0,0.0,93.1,,g,,1997.164,2450509.4,0.207
348.65644167,-9.38721111,J231437.5-092313,FITS,23 14 37.546,-09 23 13.96,0.014,2.06,1.33,0.144,0.0,0.0,111.2,,,,1997.248,2450539.9,12.746
358.74775,-9.38724722,J235459.4-092314,FITS,23 54 59.460,-09 23 14.09,0.13,1.15,1.01,0.15,3.25,0.0,114.7,,g,,1997.164,2450509.4,0.436
358.84990417,-9.38755556,J235523.9-092315,FITS,23 55 23.977,-09 23 15.20,0.492,1.01,0.5,0.145,0.0,0.0,104.4,,,,1997.164,2450509.3,0.0
23.27532917,-9.38755833,J013306.0-092315,FITS,01 33 06.079,-09 23 15.21,0.52,1.18,0.58,0.172,0.0,0.0,88.0,,s,,1997.165,2450509.7,0.919
10.86574583,-9.38779167,J004327.7-092316,FITS,00 43 27.779,-09 23 16.05,0.014,1.22,0.99,0.144,3.56,0.0,76.1,,s,,1997.164,2450509.4,0.0
349.175825,-9.38784167,J231642.1-092316,FITS,23 16 42.198,-09 23 16.23,0.014,1.53,1.54,0.138,3.35,0.0,95.4,,s,,1997.262,2450545.2,0.012
356.33528333,-9.38800278,J234520.4-092316,FITS,23 45 20.468,-09 23 16.81,0.014,3.36,4.45,0.158,4.94,0.0,122.4,,g,,1997.165,2450509.5,0.858
39.922075,-9.38807778,J023941.2-092317,FITS,02 39 41.298,-09 23 17.08,0.014,11.05,11.31,0.158,1.95,0.0,161.5,,,,1997.165,2450509.6,0.668
334.3327,-9.38833333,J221719.8-092318,FITS,22 17 19.848,-09 23 18.00,0.134,1.21,0.74,0.156,0.0,0.0,102.0,,g,,1997.262,2450545.0,0.367
18.579875,-9.38845833,J011419.1-092318,FITS,01 14 19.170,-09 23 18.45,0.058,1.18,0.77,0.155,0.0,0.0,86.3,,g,,1997.164,2450509.5,0.676
5.9449375,-9.38852778,J002346.7-092318,FITS,00 23 46.785,-09 23 18.70,0.139,1.19,1.95,0.159,9.06,0.0,86.3,,,,1997.165,2450509.6,0.893
7.453425,-9.38853611,J002948.8-092318,FITS,00 29 48.822,-09 23 18.73,0.014,2.07,1.83,0.158,1.64,0.0,122.0,,,,1997.165,2450509.6,0.901
17.11474167,-9.38861944,J010827.5-092319,FITS,01 08 27.538,-09 23 19.03,0.413,1.03,0.71,0.155,2.56,0.0,46.6,,,,1997.165,2450509.6,0.766
25.43910417,-9.388625,J014145.3-092319,FITS,01 41 45.385,-09 23 19.05,0.014,9.61,10.47,0.187,2.21,0.97,66.1,,g,,1997.165,2450509.7,0.887
35.3530125,-9.38862778,J022124.7-092319,FITS,02 21 24.723,-09 23 19.06,0.498,1.13,0.82,0.157,3.15,0.0,117.6,,g,,1997.165,2450509.7,0.829
348.29976667,-9.38867222,J231311.9-092319,FITS,23 13 11.944,-09 23 19.22,0.72,1.01,1.22,0.142,6.76,0.0,115.7,,,,1997.262,2450545.2,0.156
30.1905875,-9.38873056,J020045.7-092319,FITS,02 00 45.741,-09 23 19.43,0.014,1.49,1.01,0.157,2.07,0.0,100.8,,g,,1997.165,2450509.5,0.615
329.63828333,-9.38881111,J215833.1-092319,FITS,21 58 33.188,-09 23 19.72,0.164,1.04,0.75,0.143,3.45,0.0,93.6,,,,1997.164,2450509.3,0.0
356.87783333,-9.38883611,J234730.6-092319,FITS,23 47 30.680,-09 23 19.81,0.488,1.19,0.58,0.158,0.0,0.0,65.2,,s,,1997.164,2450509.5,0.794
330.40779167,-9.388875,J220137.8-092319,FITS,22 01 37.870,-09 23 19.95,0.094,1.35,0.87,0.143,0.0,0.0,112.8,,,,1997.164,2450509.3,0.163
14.9582375,-9.38889167,J005949.9-092320,FITS,00 59 49.977,-09 23 20.01,0.014,2.38,1.72,0.158,0.0,0.0,80.8,,g,,1997.165,2450509.6,0.904
339.70196667,-9.38900556,J223848.4-092320,FITS,22 38 48.472,-09 23 20.42,0.014,1.5,1.0,0.156,0.0,0.0,102.8,,g,,1997.261,2450544.9,0.46
38.34556667,-9.38902222,J023322.9-092320,FITS,02 33 22.936,-09 23 20.48,0.292,1.27,1.05,0.174,3.8,0.0,95.1,,g,,1997.165,2450509.7,0.839
36.45832083,-9.38905278,J022549.9-092320,FITS,02 25 49.997,-09 23 20.59,0.466,1.07,0.69,0.143,0.0,0.0,80.9,,,,1997.164,2450509.5,0.311
351.4297,-9.38908056,J232543.1-092320,FITS,23 25 43.128,-09 23 20.69,0.014,7.32,14.59,0.094,10.73,0.75,15.5,,,,1997.215,2450528.0,17.93
34.6436125,-9.38955833,J021834.4-092322,FITS,02 18 34.467,-09 23 22.41,0.014,10.1,11.15,0.183,2.52,1.24,163.5,,,,1997.165,2450509.6,0.745
7.788525,-9.38962222,J003109.2-092322,FITS,00 31 09.246,-09 23 22.64,0.014,2.13,1.76,0.144,2.58,0.0,91.1,,g,,1997.164,2450509.4,0.32
357.76979583,-9.38975278,J235104.7-092323,FITS,23 51 04.751,-09 23 23.11,0.016,1.63,1.09,0.158,0.0,0.0,114.7,,,,1997.165,2450509.6,0.918
341.514125,-9.38977778,J224603.3-092323,FITS,22 46 03.390,-09 23 23.20,0.014,3.07,2.49,0.144,0.0,0.0,120.9,,,,1997.262,2450545.1,0.209
347.2683875,-9.38986389,J230904.4-092323,FITS,23 09 04.413,-09 23 23.51,0.612,1.1,1.01,0.158,5.16,0.0,89.4,,,,1997.261,2450544.9,0.467
349.77835417,-9.38986944,J231906.8-092323,FITS,23 19 06.805,-09 23 23.53,0.217,1.13,0.91,0.145,2.61,0.0,88.6,,,,1997.258,2450543.7,7.243
342.7157625,-9.38989722,J225051.7-092323,FITS,22 50 51.783,-09 23 23.63,0.441,1.05,0.66,0.158,1.37,0.0,88.1,,g,,1997.261,2450544.9,0.463
39.46610417,-9.39005556,J023751.8-092324,FITS,02 37 51.865,-09 23 24.20,0.393,1.08,0.95,0.143,5.47,0.0,34.0,,,,1997.164,2450509.5,0.332
11.39575417,-9.39010833,J004534.9-092324,FITS,00 45 34.981,-09 23 24.39,0.115,1.26,1.93,0.158,7.41,0.0,117.4,,,,1997.165,2450509.5,0.739
2.92892083,-9.39016389,J001142.9-092324,FITS,00 11 42.941,-09 23 24.59,0.19,1.18,0.75,0.157,2.36,0.0,78.5,,,,1997.165,2450509.6,0.873
35.8153125,-9.39059722,J022315.6-092326,FITS,02 23 15.675,-09 23 26.15,0.014,2.88,2.56,0.157,0.0,0.0,115.7,,,,1997.165,2450509.6,0.631
358.6472875,-9.39066944,J235435.3-092326,FITS,23 54 35.349,-09 23 26.41,0.436,1.11,0.63,0.16,0.0,0.0,53.9,,,,1997.164,2450509.5,0.735
16.49854583,-9.39082222,J010559.6-092326,FITS,01 05 59.651,-09 23 26.96,0.045,1.27,0.96,0.159,3.85,0.0,118.5,,g,,1997.165,2450509.7,0.921
19.82725,-9.39149167,J011918.5-092329,FITS,01 19 18.540,-09 23 29.37,0.014,40.88,41.38,0.142,0.81,0.48,168.5,,g,,1997.164,2450509.4,0.189
356.20487917,-9.39165556,J234449.1-092329,FITS,23 44 49.171,-09 23 29.96,0.058,1.27,1.22,0.157,0.92,0.0,57.2,,,,1997.165,2450509.6,0.895
4.85695833,-9.39171944,J001925.6-092330,FITS,00 19 25.670,-09 23 30.19,0.014,3.31,2.81,0.143,0.0,0.0,34.0,,g,,1997.164,2450509.4,0.001
26.489725,-9.39173611,J014557.5-092330,FITS,01 45 57.534,-09 23 30.25,0.014,10.84,20.1,0.15,8.15,2.35,47.0,,,,1997.164,2450509.5,0.462
349.73321667,-9.39176944,J231855.9-092330,FITS,23 18 55.972,-09 23 30.37,0.014,3.62,3.67,0.15,2.85,0.0,72.7,,s,,1997.254,2450542.3,9.962
332.9132125,-9.39185556,J221139.1-092330,FITS,22 11 39.171,-09 23 30.68,0.014,10.6,10.74,0.16,1.31,0.0,49.9,,g,,1997.191,2450519.3,15.188
353.03769167,-9.39187222,J233209.0-092330,FITS,23 32 09.046,-09 23 30.74,0.034,2.37,2.94,0.212,4.07,0.0,102.2,,,,1997.164,2450509.4,0.547
41.60854583,-9.39191667,J024626.0-092330,FITS,02 46 26.051,-09 23 30.90,0.014,1.41,1.46,0.141,2.74,0.0,38.5,,,,1997.164,2450509.5,0.0
359.56769583,-9.39209167,J235816.2-092331,FITS,23 58 16.247,-09 23 31.53,0.014,4.04,4.97,0.143,3.95,0.77,121.3,,g,,1997.164,2450509.4,0.207
31.00740417,-9.39224167,J020401.7-092332,FITS,02 04 01.777,-09 23 32.07,0.85,1.04,0.8,0.149,2.71,0.0,112.7,,,,1997.164,2450509.5,0.409
12.66827083,-9.392475,J005040.3-092332,FITS,00 50 40.385,-09 23 32.91,0.014,5.0,5.11,0.166,2.26,0.0,84.4,,g,,1997.165,2450509.6,0.855
26.59167917,-9.39258333,J014622.0-092333,FITS,01 46 22.003,-09 23 33.30,0.014,2.1,2.35,0.142,2.5,1.37,61.8,,,,1997.164,2450509.4,0.166
19.63448333,-9.39260833,J011832.2-092333,FITS,01 18 32.276,-09 23 33.39,0.014,6.27,5.88,0.157,0.0,0.0,107.5,,,,1997.165,2450509.6,0.763
352.14208333,-9.39320278,J232834.1-092335,FITS,23 28 34.100,-09 23 35.53,0.394,1.15,0.59,0.145,0.0,0.0,116.5,,s,,1997.164,2450509.3,0.0
355.65085,-9.39328889,J234236.2-092335,FITS,23 42 36.204,-09 23 35.84,0.123,1.79,2.16,0.157,4.83,0.0,90.4,,,,1997.164,2450509.5,0.724
0.48617083,-9.39358056,J000156.6-092336,FITS,00 01 56.681,-09 23 36.89,0.501,1.02,0.58,0.149,0.0,0.0,111.8,,g,,1997.164,2450509.4,0.39
355.62381667,-9.39371111,J234229.7-092337,FITS,23 42 29.716,-09 23 37.36,0.612,1.17,1.41,0.157,6.89,0.0,81.9,,,,1997.165,2450509.5,0.784
34.6432625,-9.39402778,J021834.3-092338,FITS,02 18 34.383,-09 23 38.50,0.014,115.77,127.54,0.184,2.72,0.65,29.1,,s,,1997.165,2450509.6,0.741
22.91024167,-9.39410278,J013138.4-092338,FITS,01 31 38.458,-09 23 38.77,0.672,1.08,0.72,0.143,0.0,0.0,108.6,,s,,1997.164,2450509.4,0.171
349.7234125,-9.394225,J231853.6-092339,FITS,23 18 53.619,-09 23 39.21,0.014,10.3,10.84,0.152,2.05,0.0,119.7,,g,,1997.253,2450542.0,10.44
339.26379167,-9.39428889,J223703.3-092339,FITS,22 37 03.310,-09 23 39.44,0.014,1.47,1.01,0.143,1.88,0.0,131.4,,g,,1997.262,2450545.1,0.204
339.3119375,-9.39444444,J223714.8-092340,FITS,22 37 14.865,-09 23 40.00,0.014,1.32,1.2,0.14,4.45,0.0,16.4,,g,,1997.262,2450545.2,0.013
37.90232083,-9.39449722,J023136.5-092340,FITS,02 31 36.557,-09 23 40.19,0.585,1.02,0.52,0.142,0.0,0.0,64.3,,,,1997.164,2450509.5,0.158
359.59987083,-9.39471944,J235823.9-092340,FITS,23 58 23.969,-09 23 40.99,0.014,2.96,2.68,0.142,0.97,0.0,16.0,,,,1997.164,2450509.4,0.154
30.89310833,-9.39473333,J020334.3-092341,FITS,02 03 34.346,-09 23 41.04,0.771,1.11,0.71,0.162,2.56,0.0,110.6,,,,1997.165,2450509.6,0.741
355.5943,-9.39483611,J234222.6-092341,FITS,23 42 22.632,-09 23 41.41,0.347,1.29,1.15,0.155,2.31,0.0,106.3,,,,1997.165,2450509.6,0.833
342.6032375,-9.39485,J225024.7-092341,FITS,22 50 24.777,-09 23 41.46,0.014,3.04,2.85,0.158,0.73,0.0,92.4,,,,1997.262,2450545.0,0.382
330.26474583,-9.39497778,J220103.5-092341,FITS,22 01 03.539,-09 23 41.92,0.368,1.0,0.51,0.147,0.0,0.0,111.8,,,,1997.164,2450509.4,0.391
350.54907083,-9.39505556,J232211.7-092342,FITS,23 22 11.777,-09 23 42.20,0.014,2.17,2.15,0.142,3.05,0.0,100.9,,g,,1997.26,2450544.2,5.851
344.66575833,-9.39507222,J225839.7-092342,FITS,22 58 39.782,-09 23 42.26,0.014,25.94,26.01,0.254,1.11,0.0,67.3,,g,,1997.262,2450545.2,0.011
355.5758625,-9.39541389,J234218.2-092343,FITS,23 42 18.207,-09 23 43.49,0.797,1.04,0.47,0.155,0.0,0.0,101.5,,,,1997.165,2450509.6,0.856
31.40654583,-9.39541944,J020537.5-092343,FITS,02 05 37.571,-09 23 43.51,0.014,2.74,2.18,0.16,1.22,0.0,54.6,,g,,1997.165,2450509.7,0.833
30.749025,-9.39581111,J020259.7-092344,FITS,02 02 59.766,-09 23 44.92,0.014,3.2,2.26,0.161,0.0,0.0,90.0,,g,,1997.165,2450509.8,0.911
355.65155417,-9.39581944,J234236.3-092344,FITS,23 42 36.373,-09 23 44.95,0.014,2.66,2.77,0.157,4.32,0.0,91.2,,,,1997.164,2450509.5,0.72
13.6939875,-9.39583056,J005446.5-092344,FITS,00 54 46.557,-09 23 44.99,0.415,1.26,0.75,0.158,0.0,0.0,101.8,,g,,1997.164,2450509.5,0.602
25.43597917,-9.395925,J014144.6-092345,FITS,01 41 44.635,-09 23 45.33,0.014,76.22,85.33,0.187,2.5,1.54,23.9,,g,,1997.165,2450509.7,0.868
355.54950833,-9.39598889,J234211.8-092345,FITS,23 42 11.882,-09 23 45.56,0.848,1.09,0.66,0.154,1.36,0.0,80.3,,g,,1997.165,2450509.6,0.881
355.62359583,-9.39603333,J234229.6-092345,FITS,23 42 29.663,-09 23 45.72,0.877,1.04,1.76,0.157,6.58,2.51,107.7,,g,,1997.165,2450509.6,0.782
330.34432083,-9.39603889,J220122.6-092345,FITS,22 01 22.637,-09 23 45.74,0.334,1.06,0.72,0.143,3.3,0.0,115.5,,,,1997.164,2450509.3,0.166
28.82442917,-9.39610556,J015517.8-092345,FITS,01 55 17.863,-09 23 45.98,0.014,2.11,2.95,0.142,4.69,2.37,112.7,,,,1997.164,2450509.5,0.199
355.53076667,-9.39624167,J234207.3-092346,FITS,23 42 07.384,-09 23 46.47,0.014,335.28,468.99,0.154,4.96,1.66,76.6,,g,,1997.165,2450509.6,0.894
336.45273333,-9.39636389,J222548.6-092346,FITS,22 25 48.656,-09 23 46.91,0.309,1.08,0.49,0.14,0.0,0.0,71.0,,,,1997.262,2450545.1,0.151
34.61545,-9.39636667,J021827.7-092346,FITS,02 18 27.708,-09 23 46.92,0.039,1.82,0.93,0.188,0.0,0.0,38.8,,,,1997.165,2450509.7,0.796
345.23776667,-9.39638333,J230057.0-092346,FITS,23 00 57.064,-09 23 46.98,0.673,1.11,0.65,0.148,0.0,0.0,107.1,,,,1997.262,2450545.1,0.244
31.91665417,-9.39647222,J020739.9-092347,FITS,02 07 39.997,-09 23 47.30,0.738,1.02,0.76,0.143,2.41,0.0,41.7,,,,1997.164,2450509.5,0.183
25.23184167,-9.39648333,J014055.6-092347,FITS,01 40 55.642,-09 23 47.34,0.014,6.12,6.57,0.178,2.74,0.0,59.4,,g,,1997.164,2450509.5,0.379
23.6898125,-9.39663056,J013445.5-092347,FITS,01 34 45.555,-09 23 47.87,0.324,1.73,1.15,0.243,0.0,0.0,119.9,,g,,1997.164,2450509.5,0.227
352.02940833,-9.39666944,J232807.0-092348,FITS,23 28 07.058,-09 23 48.01,0.353,1.04,1.04,0.147,4.2,0.0,79.0,,g,,1997.172,2450512.5,10.249
355.4667125,-9.39684167,J234152.0-092348,FITS,23 41 52.011,-09 23 48.63,0.347,1.37,1.99,0.153,5.84,2.06,168.4,,s,,1997.165,2450509.6,0.891
11.36832917,-9.39699444,J004528.3-092349,FITS,00 45 28.399,-09 23 49.18,0.014,3.91,3.65,0.158,1.52,0.0,124.5,,g,,1997.165,2450509.6,0.79
15.49913333,-9.39711667,J010159.7-092349,FITS,01 01 59.792,-09 23 49.62,0.361,1.04,0.55,0.147,0.0,0.0,95.8,,,,1997.164,2450509.5,0.428
10.49684167,-9.39718056,J004159.2-092349,FITS,00 41 59.242,-09 23 49.85,0.195,2.12,1.64,0.227,2.27,0.0,148.4,,,,1997.165,2450509.7,0.906
31.87132917,-9.39728889,J020729.1-092350,FITS,02 07 29.119,-09 23 50.24,0.362,1.3,0.8,0.144,0.0,0.0,11.7,,s,,1997.164,2450509.4,0.0
36.80987917,-9.39732222,J022714.3-092350,FITS,02 27 14.371,-09 23 50.36,0.248,1.08,0.82,0.158,4.04,0.0,54.5,,g,,1997.165,2450509.8,0.866
22.7160625,-9.39732778,J013051.8-092350,FITS,01 30 51.855,-09 23 50.38,0.195,1.43,1.04,0.154,2.81,0.0,56.8,,g,,1997.164,2450509.5,0.535
358.81599167,-9.39735,J235515.8-092350,FITS,23 55 15.838,-09 23 50.46,0.168,1.26,0.82,0.145,0.0,0.0,134.0,,,,1997.164,2450509.4,0.215
32.7148375,-9.39745556,J021051.5-092350,FITS,02 10 51.561,-09 23 50.84,0.181,1.08,0.77,0.145,0.0,0.0,86.1,,,,1997.164,2450509.5,0.332
9.06543333,-9.39755,J003615.7-092351,FITS,00 36 15.704,-09 23 51.18,0.338,1.18,0.74,0.159,0.0,0.0,86.8,,g,,1997.165,2450509.7,0.862
9.9469125,-9.39766111,J003947.2-092351,FITS,00 39 47.259,-09 23 51.58,0.014,8.16,12.92,0.157,6.63,0.17,94.4,,,,1997.164,2450509.5,0.594
14.87112917,-9.39773333,J005929.0-092351,FITS,00 59 29.071,-09 23 51.84,0.336,1.05,0.72,0.159,0.0,0.0,98.8,,,,1997.165,2450509.6,0.768
339.3284375,-9.39794722,J223718.8-092352,FITS,22 37 18.825,-09 23 52.61,0.014,1.76,1.38,0.139,0.0,0.0,35.4,,g,,1997.262,2450545.2,0.012
17.11164583,-9.39806389,J010826.7-092353,FITS,01 08 26.795,-09 23 53.03,0.429,1.03,0.65,0.155,0.0,0.0,87.5,,s,,1997.165,2450509.6,0.748
16.97370833,-9.39855278,J010753.6-092354,FITS,01 07 53.690,-09 23 54.79,0.823,1.03,0.54,0.145,0.0,0.0,106.5,,,,1997.164,2450509.4,0.357
22.86000417,-9.39878611,J013126.4-092355,FITS,01 31 26.401,-09 23 55.63,0.014,1.35,0.87,0.144,0.0,0.0,95.5,,,,1997.164,2450509.4,0.0
340.90035833,-9.39913611,J224336.0-092356,FITS,22 43 36.086,-09 23 56.89,0.366,1.05,0.58,0.139,0.0,0.0,34.8,,,,1997.262,2450545.2,0.01
350.56645417,-9.39916944,J232215.9-092357,FITS,23 22 15.949,-09 23 57.01,0.014,1.51,1.23,0.143,2.34,0.0,69.5,,g,,1997.262,2450545.2,0.013
355.80277083,-9.39948333,J234312.6-092358,FITS,23 43 12.665,-09 23 58.14,0.014,5.55,5.45,0.145,0.0,0.0,80.4,,s,,1997.164,2450509.4,0.243
349.76125417,-9.39949167,J231902.7-092358,FITS,23 19 02.701,-09 23 58.17,0.505,1.08,0.64,0.147,0.0,0.0,81.5,,,,1997.257,2450543.5,7.794
328.87830833,-9.39958333,J215530.7-092358,FITS,21 55 30.794,-09 23 58.50,0.113,1.4,0.88,0.143,2.82,0.0,108.0,,,,1997.164,2450509.3,0.0
38.63317917,-9.39962222,J023431.9-092358,FITS,02 34 31.963,-09 23 58.64,0.716,1.28,1.13,0.183,4.38,0.0,61.7,,g,,1997.164,2450509.5,0.0
359.10232917,-9.39970556,J235624.5-092358,FITS,23 56 24.559,-09 23 58.94,0.496,1.08,0.66,0.158,0.0,0.0,113.7,,g,,1997.165,2450509.6,0.726
39.380575,-9.39985278,J023731.3-092359,FITS,02 37 31.338,-09 23 59.47,0.461,1.08,1.11,0.142,3.26,0.0,90.6,,,,1997.164,2450509.5,0.0
352.84180417,-9.39999167,J233122.0-092359,FITS,23 31 22.033,-09 23 59.97,0.014,4.93,5.08,0.143,2.43,0.0,78.4,,s,,1997.167,2450510.4,6.24
28.83531667,-9.40023056,J015520.4-092400,FITS,01 55 20.476,-09 24 00.83,0.526,1.0,0.72,0.142,0.0,0.0,33.1,,,,1997.164,2450509.5,0.184
359.84912917,-9.40029444,J235923.7-092401,FITS,23 59 23.791,-09 24 01.06,0.336,1.06,0.54,0.157,0.0,0.0,95.2,,,,1997.165,2450509.6,0.718
15.01175417,-9.40035833,J010002.8-092401,FITS,01 00 02.821,-09 24 01.29,0.481,1.06,0.75,0.16,2.74,0.0,96.0,,s,,1997.165,2450509.8,0.901
40.13962083,-9.400375,J024033.5-092401,FITS,02 40 33.509,-09 24 01.35,0.014,5.32,10.61,0.143,9.53,2.24,151.2,,g,,1997.164,2450509.5,0.0
40.9764875,-9.40048333,J024354.3-092401,FITS,02 43 54.357,-09 24 01.74,0.782,1.09,0.67,0.155,0.0,0.0,89.6,,,,1997.164,2450509.4,0.199
359.9218625,-9.40051111,J235941.2-092401,FITS,23 59 41.247,-09 24 01.84,0.228,1.06,0.96,0.155,5.37,0.0,93.8,,,,1997.165,2450509.7,0.842
347.4690625,-9.4006,J230952.5-092402,FITS,23 09 52.575,-09 24 02.16,0.775,1.05,0.79,0.151,4.39,0.0,63.8,,,,1997.262,2450545.1,0.268
39.17025417,-9.40061389,J023640.8-092402,FITS,02 36 40.861,-09 24 02.21,0.195,1.38,1.4,0.157,4.31,0.0,90.7,,g,,1997.165,2450509.7,0.667
340.77294583,-9.40084444,J224305.5-092403,FITS,22 43 05.507,-09 24 03.04,0.016,1.65,1.58,0.143,2.73,0.0,67.8,,g,,1997.262,2450545.1,0.182
5.66987917,-9.40093889,J002240.7-092403,FITS,00 22 40.771,-09 24 03.38,0.481,1.03,0.5,0.143,0.0,0.0,90.4,,,,1997.164,2450509.4,0.194
25.1466125,-9.40144444,J014035.1-092405,FITS,01 40 35.187,-09 24 05.20,0.585,1.2,0.58,0.173,0.0,0.0,95.4,,,,1997.164,2450509.4,0.156
339.5061375,-9.40168056,J223801.4-092406,FITS,22 38 01.473,-09 24 06.05,0.014,1.36,0.83,0.146,0.0,0.0,119.4,,,,1997.262,2450545.1,0.226
341.33310833,-9.40174722,J224519.9-092406,FITS,22 45 19.946,-09 24 06.29,0.014,3.94,3.44,0.156,0.0,0.0,79.1,,g,,1997.262,2450545.0,0.422
355.59914167,-9.40176944,J234223.7-092406,FITS,23 42 23.794,-09 24 06.37,0.014,9.87,9.54,0.155,1.04,0.0,5.1,,,,1997.165,2450509.6,0.812
29.452775,-9.40201944,J015748.6-092407,FITS,01 57 48.666,-09 24 07.27,0.507,1.07,0.81,0.157,3.25,0.0,101.7,,,,1997.165,2450509.6,0.575
344.16854167,-9.40205833,J225640.4-092407,FITS,22 56 40.450,-09 24 07.41,0.094,1.64,1.1,0.167,0.0,0.0,105.4,,s,,1997.262,2450545.0,0.422
25.34411667,-9.40214722,J014122.5-092407,FITS,01 41 22.588,-09 24 07.73,0.339,1.71,1.64,0.191,2.45,0.0,98.6,,g,,1997.165,2450509.6,0.704
356.636425,-9.40218333,J234632.7-092407,FITS,23 46 32.742,-09 24 07.86,0.504,1.03,0.45,0.144,0.0,0.0,89.8,,,,1997.164,2450509.3,0.0
0.53327083,-9.40253333,J000207.9-092409,FITS,00 02 07.985,-09 24 09.12,0.561,1.08,0.7,0.155,2.55,0.0,114.4,,,,1997.164,2450509.5,0.534
343.5311375,-9.40255,J225407.4-092409,FITS,22 54 07.473,-09 24 09.18,0.06,1.2,0.75,0.156,0.0,0.0,114.8,,,,1997.261,2450545.0,0.442
15.31447917,-9.40273611,J010115.4-092409,FITS,01 01 15.475,-09 24 09.85,0.06,1.15,0.7,0.143,0.0,0.0,76.1,,,,1997.164,2450509.4,0.223
3.6371875,-9.40274167,J001432.9-092409,FITS,00 14 32.925,-09 24 09.87,0.104,2.03,1.63,0.28,0.0,0.0,111.3,,,,1997.165,2450509.6,0.79
334.970025,-9.40289722,J221952.8-092410,FITS,22 19 52.806,-09 24 10.43,0.014,1.87,1.48,0.143,0.56,0.0,83.8,,,,1997.262,2450545.1,0.169
22.8396375,-9.402925,J013121.5-092410,FITS,01 31 21.513,-09 24 10.53,0.014,1.65,1.07,0.144,0.0,0.0,116.5,,,,1997.164,2450509.4,0.179
341.4673875,-9.40339444,J224552.1-092412,FITS,22 45 52.173,-09 24 12.22,0.014,6.42,9.5,0.151,6.45,0.0,86.6,,s,,1997.262,2450545.1,0.267
27.72562083,-9.40371111,J015054.1-092413,FITS,01 50 54.149,-09 24 13.36,0.034,2.35,2.09,0.233,2.33,0.0,83.8,,,,1997.165,2450509.8,0.875
343.5073875,-9.40376389,J225401.7-092413,FITS,22 54 01.773,-09 24 13.55,0.349,1.09,0.45,0.157,0.0,0.0,92.5,,,,1997.261,2450545.0,0.445
4.97282917,-9.40393056,J001953.4-092414,FITS,00 19 53.479,-09 24 14.15,0.21,1.01,1.46,0.146,7.89,0.0,38.7,,,,1997.164,2450509.4,0.357
9.85422083,-9.40400278,J003925.0-092414,FITS,00 39 25.013,-09 24 14.41,0.429,1.04,0.58,0.158,0.0,0.0,86.3,,g,,1997.165,2450509.7,0.8
1.87586667,-9.40403889,J000730.2-092414,FITS,00 07 30.208,-09 24 14.54,0.014,1.5,1.24,0.142,0.0,0.0,90.6,,,,1997.164,2450509.3,0.0
27.3756125,-9.40422222,J014930.1-092415,FITS,01 49 30.147,-09 24 15.20,0.492,1.03,0.38,0.144,0.0,0.0,88.4,,,,1997.164,2450509.4,0.0
344.24105417,-9.40433889,J225657.8-092415,FITS,22 56 57.853,-09 24 15.62,0.014,3.86,4.19,0.168,2.09,1.32,149.6,,g,,1997.261,2450545.0,0.443
36.38213333,-9.40442778,J022531.7-092415,FITS,02 25 31.712,-09 24 15.94,0.676,1.06,0.65,0.143,0.0,0.0,82.1,,,,1997.164,2450509.5,0.0
350.87863333,-9.40459444,J232330.8-092416,FITS,23 23 30.872,-09 24 16.54,0.719,1.05,0.91,0.157,4.14,0.0,79.7,,,,1997.242,2450538.0,14.687
352.24895417,-9.40466389,J232859.7-092416,FITS,23 28 59.749,-09 24 16.79,0.014,2.43,2.12,0.15,0.0,0.0,99.2,,g,,1997.178,2450514.5,12.688
24.06025,-9.40477778,J013614.4-092417,FITS,01 36 14.460,-09 24 17.20,0.748,1.05,1.13,0.158,5.05,0.0,32.7,,,,1997.165,2450509.8,0.848
354.90555,-9.40516667,J233937.3-092418,FITS,23 39 37.332,-09 24 18.60,0.778,1.08,0.6,0.158,0.0,0.0,47.8,,,,1997.165,2450509.6,0.701
0.5339,-9.4052,J000208.1-092418,FITS,00 02 08.136,-09 24 18.72,0.226,1.03,1.81,0.155,5.51,4.51,88.7,,g,,1997.164,2450509.5,0.536
340.46965833,-9.40551667,J224152.7-092419,FITS,22 41 52.718,-09 24 19.86,0.56,1.03,0.49,0.156,0.0,0.0,87.6,,,,1997.261,2450545.0,0.436
358.850825,-9.405525,J235524.1-092419,FITS,23 55 24.198,-09 24 19.89,0.014,2.46,2.11,0.144,0.0,0.0,100.5,,g,,1997.164,2450509.4,0.163
350.9062125,-9.40571944,J232337.4-092420,FITS,23 23 37.491,-09 24 20.59,0.548,1.11,0.49,0.156,0.0,0.0,73.3,,,,1997.24,2450537.1,15.292
339.34035833,-9.40575833,J223721.6-092420,FITS,22 37 21.686,-09 24 20.73,0.014,4.9,7.85,0.139,7.12,0.9,47.7,,g,,1997.262,2450545.2,0.011
27.18140833,-9.40579444,J014843.5-092420,FITS,01 48 43.538,-09 24 20.86,0.797,1.04,0.53,0.157,0.0,0.0,94.9,,,,1997.165,2450509.6,0.635
359.759475,-9.4058,J235902.2-092420,FITS,23 59 02.274,-09 24 20.88,0.336,1.03,0.37,0.15,0.0,0.0,90.1,,,,1997.164,2450509.4,0.462
37.99302917,-9.40587778,J023158.3-092421,FITS,02 31 58.327,-09 24 21.16,0.069,1.22,1.16,0.149,4.14,0.0,77.4,,s,,1997.165,2450509.5,0.413
23.21586667,-9.40603611,J013251.8-092421,FITS,01 32 51.808,-09 24 21.73,0.014,5.43,5.8,0.158,3.49,0.0,58.7,,,,1997.165,2450509.8,0.862
26.28818333,-9.40618056,J014509.1-092422,FITS,01 45 09.164,-09 24 22.25,0.598,1.03,0.73,0.156,3.8,0.0,64.6,,,,1997.165,2450509.8,0.859
4.8534625,-9.40621111,J001924.8-092422,FITS,00 19 24.831,-09 24 22.36,0.014,10.05,20.75,0.142,8.83,3.0,124.2,,s,,1997.164,2450509.4,0.159
4.921425,-9.40635833,J001941.1-092422,FITS,00 19 41.142,-09 24 22.89,0.406,1.0,0.71,0.143,3.59,0.0,55.0,,,,1997.164,2450509.4,0.203
332.0912625,-9.40663611,J220821.9-092423,FITS,22 08 21.903,-09 24 23.89,0.014,116.35,123.36,0.367,1.61,1.28,166.9,,s,,1997.172,2450512.2,9.116
338.015125,-9.40676944,J223203.6-092424,FITS,22 32 03.630,-09 24 24.37,0.014,9.1,9.6,0.148,2.04,0.0,111.2,,,,1997.262,2450545.1,0.233
2.6911875,-9.40702222,J001045.8-092425,FITS,00 10 45.885,-09 24 25.28,0.09,1.18,0.56,0.147,0.0,0.0,91.5,,g,,1997.164,2450509.4,0.241
22.0312875,-9.40709722,J012807.5-092425,FITS,01 28 07.509,-09 24 25.55,0.014,1.92,2.03,0.142,4.18,0.0,73.8,,g,,1997.164,2450509.5,0.347
3.4767625,-9.40748889,J001354.4-092426,FITS,00 13 54.423,-09 24 26.96,0.104,3.31,3.75,0.396,3.9,0.0,104.2,,g,,1997.164,2450509.4,0.369
22.98383333,-9.40794167,J013156.1-092428,FITS,01 31 56.120,-09 24 28.59,0.744,1.05,0.63,0.149,0.0,0.0,45.9,,,,1997.164,2450509.5,0.389
34.082025,-9.40805278,J021619.6-092428,FITS,02 16 19.686,-09 24 28.99,0.525,1.02,0.97,0.142,3.8,0.0,69.1,,g,,1997.164,2450509.5,0.197
25.72594167,-9.40805556,J014254.2-092429,FITS,01 42 54.226,-09 24 29.00,0.349,1.41,0.74,0.162,0.0,0.0,88.2,,s,,1997.165,2450509.6,0.506
353.64345,-9.40806111,J233434.4-092429,FITS,23 34 34.428,-09 24 29.02,0.014,7.4,7.09,0.336,0.48,0.0,93.6,,,,1997.167,2450510.5,7.414
11.74661667,-9.40817778,J004659.1-092429,FITS,00 46 59.188,-09 24 29.44,0.2,1.3,0.79,0.148,0.0,0.0,88.0,,g,,1997.164,2450509.5,0.426
11.98320833,-9.40823611,J004755.9-092429,FITS,00 47 55.970,-09 24 29.65,0.877,1.12,0.68,0.158,2.14,0.0,69.8,,g,,1997.165,2450509.8,0.863
27.3623875,-9.40825,J014926.9-092429,FITS,01 49 26.973,-09 24 29.70,0.409,1.04,0.62,0.143,0.0,0.0,102.3,,,,1997.165,2450509.6,0.941
355.26822083,-9.40827222,J234104.3-092429,FITS,23 41 04.373,-09 24 29.78,0.793,1.02,0.72,0.151,0.0,0.0,98.1,,,,1997.164,2450509.4,0.489
27.5735125,-9.40828333,J015017.6-092429,FITS,01 50 17.643,-09 24 29.82,0.094,2.23,1.39,0.197,0.0,0.0,110.1,,g,,1997.165,2450509.6,0.647
4.85941667,-9.40832222,J001926.2-092429,FITS,00 19 26.260,-09 24 29.96,0.014,3.82,6.18,0.154,6.71,1.17,97.9,,g,,1997.164,2450509.5,0.941
31.87032917,-9.40840556,J020728.8-092430,FITS,02 07 28.879,-09 24 30.26,0.736,1.0,0.65,0.143,0.0,0.0,74.8,,g,,1997.165,2450509.6,0.942
332.09425833,-9.40843611,J220822.6-092430,FITS,22 08 22.622,-09 24 30.37,0.014,17.32,24.54,0.363,5.52,0.4,112.9,,,,1997.172,2450512.2,9.111
1.85089167,-9.40848056,J000724.2-092430,FITS,00 07 24.214,-09 24 30.53,0.341,1.09,0.56,0.139,0.0,0.0,89.3,,g,,1997.164,2450509.5,0.938
23.23908333,-9.40848333,J013257.3-092430,FITS,01 32 57.380,-09 24 30.54,0.132,1.87,1.59,0.158,3.48,0.0,74.9,,g,,1997.165,2450509.8,0.865
1.27881667,-9.40849722,J000506.9-092430,FITS,00 05 06.916,-09 24 30.59,0.076,1.14,1.34,0.153,6.75,0.0,132.1,,,,1997.164,2450509.5,0.52
20.08170833,-9.40852778,J012019.6-092430,FITS,01 20 19.610,-09 24 30.70,0.312,1.12,0.73,0.155,0.0,0.0,58.6,,,,1997.165,2450509.6,0.668
39.557025,-9.40879444,J023813.6-092431,FITS,02 38 13.686,-09 24 31.66,0.014,3.08,2.68,0.156,1.07,0.0,105.8,,g,,1997.165,2450509.7,0.601
337.3372375,-9.40896944,J222920.9-092432,FITS,22 29 20.937,-09 24 32.29,0.188,1.28,0.89,0.163,2.04,0.0,125.2,,g,,1997.262,2450545.0,0.337
1.215825,-9.40897222,J000451.7-092432,FITS,00 04 51.798,-09 24 32.30,0.014,5.41,11.48,0.146,11.07,1.69,18.2,,g,,1997.164,2450509.4,0.34
32.68082917,-9.40912778,J021043.3-092432,FITS,02 10 43.399,-09 24 32.86,0.569,1.0,0.63,0.145,2.72,0.0,111.1,,,,1997.164,2450509.5,0.223
348.6487625,-9.40915,J231435.7-092432,FITS,23 14 35.703,-09 24 32.94,0.639,1.0,0.64,0.147,1.81,0.0,49.8,,,,1997.252,2450541.4,11.136
339.30215,-9.40918333,J223712.5-092433,FITS,22 37 12.516,-09 24 33.06,0.014,1.95,1.64,0.142,0.0,0.0,105.9,,g,,1997.262,2450545.2,0.015
26.5656,-9.40933056,J014615.7-092433,FITS,01 46 15.744,-09 24 33.59,0.521,1.06,0.5,0.144,0.0,0.0,64.7,,s,,1997.164,2450509.5,0.23
340.19754167,-9.40945556,J224047.4-092434,FITS,22 40 47.410,-09 24 34.04,0.014,1.47,0.89,0.143,0.0,0.0,111.6,,s,,1997.262,2450545.2,0.016
27.34524167,-9.40948611,J014922.8-092434,FITS,01 49 22.858,-09 24 34.15,0.014,1.52,1.15,0.141,0.0,0.0,154.3,,g,,1997.165,2450509.6,0.947
355.1244625,-9.40974722,J234029.8-092435,FITS,23 40 29.871,-09 24 35.09,0.014,7.49,7.73,0.143,1.91,0.0,118.6,,,,1997.167,2450510.6,7.674
351.8335,-9.40986389,J232720.0-092435,FITS,23 27 20.040,-09 24 35.51,0.014,1.63,1.1,0.156,0.0,0.0,79.1,,s,,1997.222,2450530.5,17.902
2.9915625,-9.40994444,J001157.9-092435,FITS,00 11 57.975,-09 24 35.80,0.014,24.08,24.49,0.155,0.99,0.5,26.1,,,,1997.165,2450509.8,0.861
7.0292,-9.40995833,J002807.0-092435,FITS,00 28 07.008,-09 24 35.85,0.672,1.02,1.06,0.145,4.06,0.0,80.0,,g,,1997.164,2450509.4,0.354
333.67170417,-9.40999444,J221441.2-092435,FITS,22 14 41.209,-09 24 35.98,0.014,3.62,2.93,0.122,0.0,0.0,95.6,,,,1997.224,2450531.3,16.963
24.113475,-9.41003056,J013627.2-092436,FITS,01 36 27.234,-09 24 36.11,0.014,3.19,2.53,0.159,0.95,0.0,85.9,,g,,1997.165,2450509.8,0.774
7.032675,-9.41003889,J002807.8-092436,FITS,00 28 07.842,-09 24 36.14,0.014,4.1,4.44,0.145,2.26,0.22,80.3,,g,,1997.164,2450509.4,0.345
23.59589167,-9.41008889,J013423.0-092436,FITS,01 34 23.014,-09 24 36.32,0.176,1.68,1.35,0.239,1.23,0.0,104.5,,,,1997.165,2450509.6,0.954
352.21124583,-9.410125,J232850.6-092436,FITS,23 28 50.699,-09 24 36.45,0.014,16.24,17.45,0.149,2.07,0.79,59.0,,,,1997.173,2450512.6,10.313
10.12445417,-9.41016667,J004029.8-092436,FITS,00 40 29.869,-09 24 36.60,0.014,8.57,8.96,0.146,1.77,0.0,92.3,,s,,1997.164,2450509.5,0.963
14.88357917,-9.4104,J005932.0-092437,FITS,00 59 32.059,-09 24 37.44,0.014,2.39,1.72,0.158,0.0,0.0,76.1,,g,,1997.165,2450509.7,0.768
5.88767083,-9.410475,J002333.0-092437,FITS,00 23 33.041,-09 24 37.71,0.014,2.66,2.7,0.159,2.71,0.0,56.7,,g,,1997.165,2450509.7,0.775
358.34112917,-9.41047778,J235321.8-092437,FITS,23 53 21.871,-09 24 37.72,0.033,1.43,0.96,0.158,0.0,0.0,30.5,,,,1997.165,2450509.6,0.689
23.21133333,-9.41048611,J013250.7-092437,FITS,01 32 50.720,-09 24 37.75,0.014,83.31,92.04,0.157,2.31,1.35,48.2,,g,,1997.165,2450509.8,0.845
333.04529167,-9.41048889,J221210.8-092437,FITS,22 12 10.870,-09 24 37.76,0.513,1.05,0.64,0.152,0.0,0.0,106.0,,,,1997.193,2450520.1,15.463
357.06245417,-9.41091111,J234814.9-092439,FITS,23 48 14.989,-09 24 39.28,0.37,1.04,0.63,0.154,0.0,0.0,82.8,,g,,1997.165,2450509.7,0.828
36.24989583,-9.41108611,J022459.9-092439,FITS,02 24 59.975,-09 24 39.91,0.014,2.21,1.53,0.149,0.0,0.0,102.1,,g,,1997.165,2450509.6,0.435
338.23696667,-9.41125833,J223256.8-092440,FITS,22 32 56.872,-09 24 40.53,0.014,59.79,61.49,0.154,1.23,0.73,25.6,,,,1997.262,2450545.0,0.429
332.65459583,-9.41139722,J221037.1-092441,FITS,22 10 37.103,-09 24 41.03,0.014,1.78,1.23,0.142,0.0,0.0,89.9,,,,1997.164,2450509.5,0.97
17.64429583,-9.41141111,J011034.6-092441,FITS,01 10 34.631,-09 24 41.08,0.014,14.23,42.3,0.139,11.39,5.72,178.3,,g,,1997.165,2450509.6,0.971
10.22340833,-9.41153611,J004053.6-092441,FITS,00 40 53.618,-09 24 41.53,0.673,1.06,0.58,0.161,0.0,0.0,63.6,,,,1997.164,2450509.4,0.362
30.15105,-9.41156389,J020036.2-092441,FITS,02 00 36.252,-09 24 41.63,0.501,1.09,0.66,0.159,2.49,0.0,78.1,,,,1997.165,2450509.7,0.704
357.4684875,-9.41162778,J234952.4-092441,FITS,23 49 52.437,-09 24 41.86,0.135,1.2,0.59,0.147,0.0,0.0,84.2,,g,,1997.164,2450509.4,0.349
337.23236667,-9.41176389,J222855.7-092442,FITS,22 28 55.768,-09 24 42.35,0.014,1.36,1.14,0.15,0.0,0.0,149.6,,g,,1997.262,2450545.1,0.176
18.60749167,-9.41187778,J011425.7-092442,FITS,01 14 25.798,-09 24 42.76,0.014,5.84,5.27,0.154,0.0,0.0,26.5,,s,,1997.165,2450509.7,0.721
11.63330417,-9.412,J004631.9-092443,FITS,00 46 31.993,-09 24 43.20,0.134,1.13,0.72,0.142,0.0,0.0,97.4,,,,1997.164,2450509.5,0.984
5.800075,-9.412275,J002312.0-092444,FITS,00 23 12.018,-09 24 44.19,0.43,1.09,0.75,0.156,2.42,0.0,107.2,,,,1997.165,2450509.5,0.582
30.35912917,-9.412275,J020126.1-092444,FITS,02 01 26.191,-09 24 44.19,0.42,1.06,0.51,0.142,0.0,0.0,89.7,,,,1997.165,2450509.6,0.982
28.34994167,-9.41230833,J015323.9-092444,FITS,01 53 23.986,-09 24 44.31,0.524,1.11,0.99,0.158,3.68,0.0,90.3,,,,1997.165,2450509.7,0.706
349.2856,-9.41238056,J231708.5-092444,FITS,23 17 08.544,-09 24 44.57,0.242,1.07,0.68,0.151,2.03,0.0,110.2,,,,1997.254,2450542.3,9.881
346.34930417,-9.41248056,J230523.8-092444,FITS,23 05 23.833,-09 24 44.93,0.014,9.9,10.28,0.156,1.78,0.0,100.3,,s,,1997.262,2450545.1,0.345
335.47387917,-9.41266944,J222153.7-092445,FITS,22 21 53.731,-09 24 45.61,0.014,8.22,8.46,0.152,1.54,0.0,69.1,,,,1997.262,2450545.1,0.242
24.442225,-9.4127,J013746.1-092445,FITS,01 37 46.134,-09 24 45.72,0.014,6.35,8.29,0.142,5.54,0.0,68.3,,s,,1997.165,2450509.6,0.959
27.08989583,-9.41275556,J014821.5-092445,FITS,01 48 21.575,-09 24 45.92,0.507,1.24,0.61,0.156,0.0,0.0,70.1,,s,,1997.165,2450509.8,0.797
24.3012875,-9.41288056,J013712.3-092446,FITS,01 37 12.309,-09 24 46.37,0.702,1.0,0.55,0.145,0.0,0.0,111.7,,,,1997.164,2450509.5,0.263
12.07217083,-9.41291389,J004817.3-092446,FITS,00 48 17.321,-09 24 46.49,0.877,1.18,1.54,0.163,7.84,0.0,71.2,,,,1997.165,2450509.8,0.814
37.40905417,-9.41291944,J022938.1-092446,FITS,02 29 38.173,-09 24 46.51,0.014,3.0,2.12,0.156,0.0,0.0,62.0,,,,1997.165,2450509.8,0.794
331.27539583,-9.41301111,J220506.0-092446,FITS,22 05 06.095,-09 24 46.84,0.016,2.53,1.76,0.215,0.0,0.0,118.3,,s,,1997.164,2450509.4,0.514
17.6211625,-9.41306389,J011029.0-092447,FITS,01 10 29.079,-09 24 47.03,0.014,3.47,3.22,0.141,0.0,0.0,102.4,,,,1997.165,2450509.6,0.995
332.75222083,-9.41315,J221100.5-092447,FITS,22 11 00.533,-09 24 47.34,0.014,2.63,1.98,0.151,0.91,0.0,99.2,,g,,1997.169,2450511.1,7.425
32.67205833,-9.41316389,J021041.2-092447,FITS,02 10 41.294,-09 24 47.39,0.014,1.36,1.07,0.143,2.31,0.0,69.4,,g,,1997.165,2450509.6,0.977
334.9678375,-9.41331111,J221952.2-092447,FITS,22 19 52.281,-09 24 47.92,0.178,1.23,0.68,0.144,0.0,0.0,141.1,,,,1997.262,2450545.1,0.154
339.6769625,-9.41341111,J223842.4-092448,FITS,22 38 42.471,-09 24 48.28,0.56,1.06,1.52,0.154,7.73,0.0,78.8,,g,,1997.262,2450545.0,0.404
355.1972875,-9.41348056,J234047.3-092448,FITS,23 40 47.349,-09 24 48.53,0.014,25.88,34.63,0.144,3.78,3.06,27.3,,s,,1997.167,2450510.6,7.513
347.51293333,-9.41355833,J231003.1-092448,FITS,23 10 03.104,-09 24 48.81,0.736,1.04,0.58,0.147,0.0,0.0,0.2,,s,,1997.262,2450545.2,0.181
17.64176667,-9.41405,J011034.0-092450,FITS,01 10 34.024,-09 24 50.58,0.014,49.08,71.39,0.139,4.72,3.25,19.3,,g,,1997.165,2450509.6,1.001
340.0141,-9.41409167,J224003.3-092450,FITS,22 40 03.384,-09 24 50.73,0.014,2.2,1.95,0.145,2.02,0.0,76.2,,,,1997.262,2450545.1,0.179
4.92494583,-9.41410556,J001941.9-092450,FITS,00 19 41.987,-09 24 50.78,0.014,3.13,2.93,0.154,0.0,0.0,51.8,,g,,1997.165,2450509.6,0.986
34.90550833,-9.41413611,J021937.3-092450,FITS,02 19 37.322,-09 24 50.89,0.368,1.16,0.62,0.14,0.0,0.0,79.5,,,,1997.165,2450509.6,0.997
30.8617625,-9.41424722,J020326.8-092451,FITS,02 03 26.823,-09 24 51.29,0.014,1.67,1.53,0.16,5.1,0.0,93.5,,g,,1997.165,2450509.8,0.767
340.41724167,-9.41425556,J224140.1-092451,FITS,22 41 40.138,-09 24 51.32,0.014,2.49,1.77,0.155,0.0,0.0,90.2,,,,1997.262,2450545.0,0.397
341.93724167,-9.41448333,J224744.9-092452,FITS,22 47 44.938,-09 24 52.14,0.809,1.03,0.59,0.154,1.6,0.0,101.1,,g,,1997.262,2450545.0,0.407
329.7768875,-9.41451389,J215906.4-092452,FITS,21 59 06.453,-09 24 52.25,0.484,1.02,0.64,0.153,0.0,0.0,101.2,,g,,1997.164,2450509.5,0.519
24.0207625,-9.41470833,J013604.9-092452,FITS,01 36 04.983,-09 24 52.95,0.014,8.02,8.47,0.157,2.2,0.0,51.0,,,,1997.165,2450509.9,0.838
23.147425,-9.41473889,J013235.3-092453,FITS,01 32 35.382,-09 24 53.06,0.132,1.5,1.08,0.159,0.97,0.0,71.6,,,,1997.165,2450509.8,0.778
3.22402083,-9.41478056,J001253.7-092453,FITS,00 12 53.765,-09 24 53.21,0.527,2.4,1.79,0.383,0.0,0.0,134.2,,,,1997.164,2450509.5,0.512
37.62286667,-9.41484167,J023029.4-092453,FITS,02 30 29.488,-09 24 53.43,0.014,22.3,21.97,0.158,0.0,0.0,6.9,,s,,1997.165,2450509.8,0.748
10.97627917,-9.41486111,J004354.3-092453,FITS,00 43 54.307,-09 24 53.50,0.014,3.0,2.74,0.149,2.83,0.0,117.5,,s,,1997.164,2450509.5,0.372
353.77423333,-9.41488611,J233505.8-092453,FITS,23 35 05.816,-09 24 53.59,0.032,2.77,2.37,0.327,0.47,0.0,61.6,,,,1997.164,2450509.5,0.507
355.198725,-9.41520556,J234047.6-092454,FITS,23 40 47.694,-09 24 54.74,0.014,24.05,27.99,0.145,2.72,2.0,142.7,,s,,1997.168,2450510.7,7.648
34.13822917,-9.41533611,J021633.1-092455,FITS,02 16 33.175,-09 24 55.21,0.014,8.11,8.3,0.142,1.24,0.43,31.2,,g,,1997.165,2450509.6,1.021
15.76144167,-9.41536389,J010302.7-092455,FITS,01 03 02.746,-09 24 55.31,0.279,1.09,1.25,0.153,7.77,0.0,104.1,,,,1997.165,2450509.9,0.836
352.605,-9.41542222,J233025.2-092455,FITS,23 30 25.200,-09 24 55.52,0.014,1.87,1.34,0.156,0.0,0.0,49.4,,g,,1997.22,2450529.6,18.008
0.45140417,-9.41544722,J000148.3-092455,FITS,00 01 48.337,-09 24 55.61,0.014,1.25,0.79,0.147,0.0,0.0,13.5,,g,,1997.165,2450509.6,0.979
28.30304583,-9.41559167,J015312.7-092456,FITS,01 53 12.731,-09 24 56.13,0.014,4.56,4.26,0.155,0.0,0.0,101.8,,,,1997.165,2450509.6,0.589
39.4614875,-9.41569167,J023750.7-092456,FITS,02 37 50.757,-09 24 56.49,0.717,1.0,0.57,0.147,0.0,0.0,89.6,,g,,1997.165,2450509.6,0.292
35.46240417,-9.4159,J022150.9-092457,FITS,02 21 50.977,-09 24 57.24,0.014,23.8,27.41,0.153,2.43,2.15,13.2,,,,1997.165,2450509.6,0.545
335.50950833,-9.416475,J222202.2-092459,FITS,22 22 02.282,-09 24 59.31,0.215,1.15,0.51,0.148,0.0,0.0,100.1,,s,,1997.262,2450545.1,0.183
15.32387083,-9.4165,J010117.7-092459,FITS,01 01 17.729,-09 24 59.40,0.144,1.15,0.68,0.142,0.0,0.0,91.0,,,,1997.165,2450509.6,1.011
331.28095833,-9.4165,J220507.4-092459,FITS,22 05 07.430,-09 24 59.40,0.014,2.98,2.71,0.218,1.87,0.0,115.7,,g,,1997.164,2450509.5,0.531
12.6744875,-9.41651389,J005041.8-092459,FITS,00 50 41.877,-09 24 59.45,0.424,1.22,0.73,0.162,0.0,0.0,99.5,,,,1997.165,2450509.8,0.8
31.98949167,-9.41656389,J020757.4-092459,FITS,02 07 57.478,-09 24 59.63,0.014,5.81,5.57,0.15,0.99,0.0,123.7,,,,1997.165,2450509.5,0.408
35.4583375,-9.41662778,J022150.0-092459,FITS,02 21 50.001,-09 24 59.86,0.014,1.6,3.54,0.153,10.15,1.9,92.6,,g,,1997.165,2450509.6,0.556
24.01884583,-9.41664444,J013604.5-092459,FITS,01 36 04.523,-09 24 59.92,0.014,22.68,24.82,0.156,2.41,1.03,33.9,,g,,1997.166,2450509.9,0.831
346.83654167,-9.41669444,J230720.7-092500,FITS,23 07 20.770,-09 25 00.10,0.014,4.24,6.25,0.139,6.64,0.92,15.9,,g,,1997.263,2450545.5,2.021
23.11955833,-9.41683889,J013228.6-092500,FITS,01 32 28.694,-09 25 00.62,0.639,1.2,1.14,0.16,6.12,0.0,79.1,,,,1997.165,2450509.8,0.735
16.9514125,-9.41685833,J010748.3-092500,FITS,01 07 48.339,-09 25 00.69,0.85,1.03,0.78,0.145,3.15,0.0,78.5,,,,1997.165,2450509.6,0.994
347.6834,-9.416925,J231044.0-092500,FITS,23 10 44.016,-09 25 00.93,0.183,1.18,0.77,0.141,0.0,0.0,58.5,,,,1997.263,2450545.5,1.988
37.59139583,-9.41698056,J023021.9-092501,FITS,02 30 21.935,-09 25 01.13,0.429,1.07,0.55,0.156,0.0,0.0,91.0,,,,1997.165,2450509.9,0.782
346.86865833,-9.41708056,J230728.4-092501,FITS,23 07 28.478,-09 25 01.49,0.164,1.0,0.65,0.14,0.0,0.0,104.9,,,,1997.263,2450545.6,2.087
0.51084167,-9.41709167,J000202.6-092501,FITS,00 02 02.602,-09 25 01.53,0.334,1.03,0.94,0.153,4.14,0.0,78.1,,,,1997.164,2450509.5,0.469
21.37786667,-9.41719444,J012530.6-092501,FITS,01 25 30.688,-09 25 01.90,0.453,1.04,0.45,0.143,0.0,0.0,91.0,,s,,1997.165,2450509.6,1.045
355.48862083,-9.41719722,J234157.2-092501,FITS,23 41 57.269,-09 25 01.91,0.363,1.23,0.88,0.15,0.0,0.0,61.0,,g,,1997.165,2450509.8,0.832
35.45125,-9.41740278,J022148.3-092502,FITS,02 21 48.300,-09 25 02.65,0.014,1.59,3.54,0.154,9.75,2.57,90.7,,s,,1997.165,2450509.7,0.575
24.00541667,-9.41745278,J013601.3-092502,FITS,01 36 01.300,-09 25 02.83,0.416,1.3,0.87,0.157,1.86,0.0,11.6,,g,,1997.166,2450509.9,0.832
22.94640417,-9.417675,J013147.1-092503,FITS,01 31 47.137,-09 25 03.63,0.865,1.07,0.8,0.145,0.0,0.0,96.6,,g,,1997.165,2450509.7,1.008
40.98680833,-9.41781111,J024356.8-092504,FITS,02 43 56.834,-09 25 04.12,0.014,2.01,1.4,0.162,0.0,0.0,23.3,,,,1997.164,2450509.4,0.196
348.61219583,-9.41798333,J231426.9-092504,FITS,23 14 26.927,-09 25 04.74,0.014,2.74,4.35,0.15,8.12,0.0,74.8,,s,,1997.255,2450542.4,9.677
342.8670375,-9.41800833,J225128.0-092504,FITS,22 51 28.089,-09 25 04.83,0.014,2.38,1.97,0.157,1.82,0.0,51.2,,,,1997.262,2450545.0,0.367
10.47157083,-9.41839722,J004153.1-092506,FITS,00 41 53.177,-09 25 06.23,0.014,3.48,3.32,0.226,0.0,0.0,122.7,,,,1997.165,2450509.9,0.821
2.23307083,-9.41855833,J000855.9-092506,FITS,00 08 55.937,-09 25 06.81,0.517,1.08,0.68,0.151,0.0,0.0,50.9,,g,,1997.165,2450509.8,0.825
36.09927917,-9.41861111,J022423.8-092507,FITS,02 24 23.827,-09 25 07.00,0.436,1.17,0.5,0.159,0.0,0.0,78.5,,g,,1997.165,2450509.9,0.77
17.48144583,-9.41875833,J010955.5-092507,FITS,01 09 55.547,-09 25 07.53,0.809,1.03,0.53,0.149,0.0,0.0,100.3,,,,1997.165,2450509.5,0.492
37.87299167,-9.41881944,J023129.5-092507,FITS,02 31 29.518,-09 25 07.75,0.014,21.16,26.56,0.143,3.85,1.9,39.1,,s,,1997.165,2450509.7,1.064
23.09270417,-9.41893333,J013222.2-092508,FITS,01 32 22.249,-09 25 08.16,0.351,1.37,0.77,0.16,0.0,0.0,96.6,,,,1997.165,2450509.7,0.682
30.95322917,-9.41918889,J020348.7-092509,FITS,02 03 48.775,-09 25 09.08,0.68,1.06,0.58,0.158,0.0,0.0,77.2,,,,1997.165,2450509.6,0.571
356.36525417,-9.41938889,J234527.6-092509,FITS,23 45 27.661,-09 25 09.80,0.045,1.35,1.2,0.156,2.77,0.0,9.9,,s,,1997.165,2450509.7,0.751
36.46688333,-9.41948056,J022552.0-092510,FITS,02 25 52.052,-09 25 10.13,0.014,1.65,1.26,0.146,0.0,0.0,75.1,,g,,1997.165,2450509.7,1.005
32.61105417,-9.41957778,J021026.6-092510,FITS,02 10 26.653,-09 25 10.48,0.504,1.01,0.45,0.143,0.0,0.0,90.3,,,,1997.165,2450509.7,1.065
347.95630833,-9.41958056,J231149.5-092510,FITS,23 11 49.514,-09 25 10.49,0.721,1.13,1.44,0.154,3.63,2.27,114.7,,g,,1997.262,2450545.0,0.403
25.98146667,-9.41959167,J014355.5-092510,FITS,01 43 55.552,-09 25 10.53,0.014,2.72,3.02,0.149,2.43,1.51,159.4,,,,1997.164,2450509.5,0.388
352.45520417,-9.41963333,J232949.2-092510,FITS,23 29 49.249,-09 25 10.68,0.367,1.12,0.64,0.153,0.0,0.0,21.9,,s,,1997.232,2450534.1,16.877
38.00376667,-9.41966111,J023200.9-092510,FITS,02 32 00.904,-09 25 10.78,0.558,1.11,0.81,0.152,2.54,0.0,71.1,,,,1997.165,2450509.6,0.449
4.90295833,-9.41966944,J001936.7-092510,FITS,00 19 36.710,-09 25 10.81,0.22,1.17,0.57,0.156,0.0,0.0,93.2,,g,,1997.165,2450509.6,1.062
7.3127875,-9.41985833,J002915.0-092511,FITS,00 29 15.069,-09 25 11.49,0.014,2.76,2.46,0.156,0.0,0.0,54.3,,,,1997.165,2450509.6,0.613
354.99513333,-9.41991389,J233958.8-092511,FITS,23 39 58.832,-09 25 11.69,0.224,1.12,0.77,0.152,0.0,0.0,70.0,,s,,1997.164,2450509.5,0.453
335.60456667,-9.420425,J222225.0-092513,FITS,22 22 25.096,-09 25 13.53,0.014,39.8,63.6,0.141,6.24,1.96,87.2,,s,,1997.259,2450544.2,5.328
345.00362917,-9.42081667,J230000.8-092514,FITS,23 00 00.871,-09 25 14.94,0.877,1.13,1.67,0.156,6.44,0.0,113.9,,s,,1997.262,2450545.0,0.41
7.31455417,-9.42089722,J002915.4-092515,FITS,00 29 15.493,-09 25 15.23,0.386,1.13,0.95,0.156,0.0,0.0,0.3,,,,1997.165,2450509.6,0.616
330.08894583,-9.42114444,J220021.3-092516,FITS,22 00 21.347,-09 25 16.12,0.158,1.13,1.34,0.155,5.64,0.0,96.9,,,,1997.165,2450509.7,0.78
32.211975,-9.42125833,J020850.8-092516,FITS,02 08 50.874,-09 25 16.53,0.014,9.26,9.65,0.154,1.88,0.0,123.8,,s,,1997.166,2450509.9,0.806
14.67739167,-9.42158333,J005842.5-092517,FITS,00 58 42.574,-09 25 17.70,0.254,1.04,0.59,0.141,0.0,0.0,97.2,,g,,1997.165,2450509.6,1.067
13.50190417,-9.42162222,J005400.4-092517,FITS,00 54 00.457,-09 25 17.84,0.707,1.05,1.44,0.156,10.64,0.0,101.4,,,,1997.166,2450509.9,0.816
14.21734583,-9.42165556,J005652.1-092517,FITS,00 56 52.163,-09 25 17.96,0.014,3.58,4.54,0.154,3.77,2.36,4.5,,g,,1997.165,2450509.9,0.806
39.938225,-9.42182778,J023945.1-092518,FITS,02 39 45.174,-09 25 18.58,0.877,1.05,0.63,0.157,0.0,0.0,86.6,,,,1997.165,2450509.7,0.607
31.04499583,-9.42187778,J020410.7-092518,FITS,02 04 10.799,-09 25 18.76,0.014,1.45,1.34,0.148,3.2,0.0,115.9,,,,1997.165,2450509.7,1.046
22.547925,-9.42216389,J013011.5-092519,FITS,01 30 11.502,-09 25 19.79,0.014,3.11,2.73,0.154,0.35,0.0,78.9,,,,1997.166,2450509.9,0.798
38.68465417,-9.42236944,J023444.3-092520,FITS,02 34 44.317,-09 25 20.53,0.437,1.75,0.91,0.179,0.0,0.0,134.6,,g,,1997.554,2450651.7,778.989
35.92005833,-9.42256389,J022340.8-092521,FITS,02 23 40.814,-09 25 21.23,0.014,90.18,91.66,0.157,1.35,0.0,176.0,,s,,1997.166,2450509.9,0.776
27.97579583,-9.42266667,J015154.1-092521,FITS,01 51 54.191,-09 25 21.60,0.014,1.93,1.42,0.172,0.0,0.0,63.5,,g,,1997.165,2450509.6,0.508
27.04796667,-9.42276389,J014811.5-092521,FITS,01 48 11.512,-09 25 21.95,0.014,2.08,1.76,0.153,0.0,0.0,104.4,,g,,1997.166,2450509.9,0.796
37.09551667,-9.42279167,J022822.9-092522,FITS,02 28 22.924,-09 25 22.05,0.014,23.6,27.17,0.141,2.71,1.71,127.7,,g,,1997.165,2450509.7,1.097
330.3518625,-9.42293333,J220124.4-092522,FITS,22 01 24.447,-09 25 22.56,0.016,1.67,1.12,0.145,0.0,0.0,65.0,,,,1997.164,2450509.3,0.179
347.42700833,-9.42299167,J230942.4-092522,FITS,23 09 42.482,-09 25 22.77,0.339,1.24,1.08,0.157,4.0,0.0,112.8,,g,,1997.262,2450545.1,0.294
345.67104583,-9.42309722,J230241.0-092523,FITS,23 02 41.051,-09 25 23.15,0.014,11.18,13.69,0.153,4.33,0.86,170.6,,g,,1997.262,2450545.0,0.38
29.462575,-9.42311389,J015751.0-092523,FITS,01 57 51.018,-09 25 23.21,0.318,1.15,1.07,0.157,2.14,0.0,93.0,,,,1997.165,2450509.6,0.545
37.098425,-9.42334167,J022823.6-092524,FITS,02 28 23.622,-09 25 24.03,0.014,13.58,15.66,0.141,2.69,1.74,122.7,,s,,1997.165,2450509.7,1.105
35.78932917,-9.42343889,J022309.4-092524,FITS,02 23 09.439,-09 25 24.38,0.877,1.03,1.07,0.155,6.25,0.0,83.8,,,,1997.165,2450509.7,0.549
35.52809583,-9.42347222,J022206.7-092524,FITS,02 22 06.743,-09 25 24.50,0.014,8.22,23.23,0.146,10.77,5.58,16.3,,g,,1997.165,2450509.7,1.041
338.00729167,-9.42350833,J223201.7-092524,FITS,22 32 01.750,-09 25 24.63,0.014,8.32,8.32,0.149,0.54,0.0,89.6,,,,1997.262,2450545.1,0.198
20.64648333,-9.42352222,J012235.1-092524,FITS,01 22 35.156,-09 25 24.68,0.383,1.09,0.74,0.142,1.54,0.0,98.8,,g,,1997.165,2450509.6,1.111
333.4724375,-9.42360833,J221353.3-092524,FITS,22 13 53.385,-09 25 24.99,0.014,1.69,1.78,0.11,1.86,0.06,119.5,,,,1997.212,2450526.9,17.711
9.18610833,-9.42386111,J003644.6-092525,FITS,00 36 44.666,-09 25 25.90,0.624,1.08,0.92,0.159,3.36,0.0,109.4,,,,1997.165,2450509.6,0.613
340.98530417,-9.42390833,J224356.4-092526,FITS,22 43 56.473,-09 25 26.07,0.037,1.23,1.71,0.145,9.35,0.0,70.5,,g,,1997.263,2450545.5,1.965
34.4944,-9.42402778,J021758.6-092526,FITS,02 17 58.656,-09 25 26.50,0.014,2.08,1.95,0.197,2.47,0.0,64.7,,,,1997.166,2450510.0,0.805
358.7363375,-9.42405,J235456.7-092526,FITS,23 54 56.721,-09 25 26.58,0.489,1.03,0.4,0.154,0.0,0.0,90.6,,s,,1997.164,2450509.5,0.479
13.19145,-9.42408611,J005245.9-092526,FITS,00 52 45.948,-09 25 26.71,0.738,1.05,0.71,0.145,1.43,0.0,60.6,,,,1997.165,2450509.6,1.083
335.44160417,-9.424275,J222145.9-092527,FITS,22 21 45.985,-09 25 27.39,0.136,1.15,0.57,0.155,0.0,0.0,87.6,,s,,1997.262,2450545.1,0.272
338.11475,-9.42429722,J223227.5-092527,FITS,22 32 27.540,-09 25 27.47,0.016,1.3,0.9,0.155,0.0,0.0,99.1,,g,,1997.262,2450545.1,0.338
26.28199167,-9.42430278,J014507.6-092527,FITS,01 45 07.678,-09 25 27.49,0.014,2.58,2.34,0.153,2.67,0.0,50.2,,g,,1997.166,2450509.9,0.796
22.4530625,-9.42456944,J012948.7-092528,FITS,01 29 48.735,-09 25 28.45,0.375,1.19,0.82,0.153,2.39,0.0,103.1,,,,1997.166,2450509.9,0.79
33.85615,-9.42468889,J021525.4-092528,FITS,02 15 25.476,-09 25 28.88,0.44,1.07,0.56,0.156,0.0,0.0,89.8,,,,1997.165,2450509.9,0.747
338.877125,-9.42469167,J223530.5-092528,FITS,22 35 30.510,-09 25 28.89,0.016,1.69,1.06,0.156,0.0,0.0,109.3,,,,1997.262,2450545.1,0.348
26.53350417,-9.42483333,J014608.0-092529,FITS,01 46 08.041,-09 25 29.40,0.014,1.42,1.31,0.147,0.81,0.0,28.6,,g,,1997.165,2450509.7,1.064
12.71643333,-9.42494722,J005051.9-092529,FITS,00 50 51.944,-09 25 29.81,0.261,2.02,1.92,0.156,2.2,0.0,90.5,,,,1997.166,2450509.9,0.794
30.23627917,-9.42501944,J020056.7-092530,FITS,02 00 56.707,-09 25 30.07,0.014,1.55,1.23,0.154,3.04,0.0,123.1,,,,1997.165,2450509.6,0.48
31.66377083,-9.42519167,J020639.3-092530,FITS,02 06 39.305,-09 25 30.69,0.749,1.16,0.85,0.16,2.43,0.0,123.1,,g,,1997.165,2450509.8,0.66
34.4892375,-9.42523889,J021757.4-092530,FITS,02 17 57.417,-09 25 30.86,0.014,2.23,1.86,0.196,2.17,0.0,87.3,,,,1997.166,2450510.0,0.799
38.59702083,-9.42547778,J023423.2-092531,FITS,02 34 23.285,-09 25 31.72,0.665,1.2,1.01,0.178,2.54,0.0,75.0,,,,1997.607,2450671.2,828.756
355.50428333,-9.42549167,J234201.0-092531,FITS,23 42 01.028,-09 25 31.77,0.692,1.13,0.51,0.149,0.0,0.0,98.0,,,,1997.165,2450509.9,0.799
341.09203333,-9.42554722,J224422.0-092531,FITS,22 44 22.088,-09 25 31.97,0.047,1.59,1.16,0.156,3.46,0.0,62.3,,,,1997.262,2450545.1,0.312
355.0360625,-9.42554722,J234008.6-092531,FITS,23 40 08.655,-09 25 31.97,0.65,1.02,0.62,0.147,1.61,0.0,86.2,,,,1997.168,2450511.0,8.396
12.64372083,-9.42558611,J005034.4-092532,FITS,00 50 34.493,-09 25 32.11,0.865,1.17,0.72,0.165,0.0,0.0,61.6,,,,1997.165,2450509.8,0.746
12.052,-9.42582222,J004812.4-092532,FITS,00 48 12.480,-09 25 32.96,0.796,1.07,0.56,0.159,0.0,0.0,103.0,,,,1997.165,2450509.9,0.782
335.18900833,-9.42583889,J222045.3-092533,FITS,22 20 45.362,-09 25 33.02,0.372,1.07,0.56,0.151,0.0,0.0,74.7,,g,,1997.262,2450545.0,0.382
343.60435833,-9.42599722,J225425.0-092533,FITS,22 54 25.046,-09 25 33.59,0.26,1.24,0.61,0.155,0.0,0.0,78.1,,,,1997.262,2450545.1,0.359
22.83116667,-9.42602222,J013119.4-092533,FITS,01 31 19.480,-09 25 33.68,0.014,1.66,1.19,0.144,0.0,0.0,104.4,,g,,1997.165,2450509.7,1.127
22.36235833,-9.42608611,J012926.9-092533,FITS,01 29 26.966,-09 25 33.91,0.014,4.51,4.54,0.157,0.81,0.0,84.8,,g,,1997.165,2450509.8,0.705
18.53754167,-9.42620833,J011409.0-092534,FITS,01 14 09.010,-09 25 34.35,0.483,1.02,0.48,0.152,0.0,0.0,84.8,,,,1997.165,2450509.6,0.545
355.79482917,-9.42637778,J234310.7-092534,FITS,23 43 10.759,-09 25 34.96,0.728,1.03,0.61,0.146,0.0,0.0,102.9,,g,,1997.169,2450511.0,8.59
13.7532625,-9.42645,J005500.7-092535,FITS,00 55 00.783,-09 25 35.22,0.652,1.04,0.51,0.151,0.0,0.0,101.6,,,,1997.165,2450509.7,1.046
340.08363333,-9.42666389,J224020.0-092535,FITS,22 40 20.072,-09 25 35.99,0.014,8.97,9.36,0.14,2.46,0.0,151.7,,s,,1997.263,2450545.6,2.253
0.4638625,-9.42671111,J000151.3-092536,FITS,00 01 51.327,-09 25 36.16,0.014,3.11,2.81,0.149,1.83,0.0,60.9,,g,,1997.165,2450509.6,1.088
10.46862083,-9.42674444,J004152.4-092536,FITS,00 41 52.469,-09 25 36.28,0.054,1.62,9.97,0.226,24.78,5.43,84.0,,,,1997.166,2450509.9,0.787
12.6418875,-9.42676667,J005034.0-092536,FITS,00 50 34.053,-09 25 36.36,0.339,1.86,1.18,0.165,0.0,0.0,93.6,,s,,1997.165,2450509.8,0.741
19.85745833,-9.42681944,J011925.7-092536,FITS,01 19 25.790,-09 25 36.55,0.134,1.12,1.71,0.142,8.45,0.0,81.5,,g,,1997.165,2450509.7,1.152
344.97529583,-9.42691944,J225954.0-092536,FITS,22 59 54.071,-09 25 36.91,0.014,73.42,81.76,0.165,2.24,1.69,37.9,,,,1997.262,2450545.0,0.391
345.67074583,-9.42705278,J230240.9-092537,FITS,23 02 40.979,-09 25 37.39,0.014,3.73,5.19,0.152,4.98,2.04,44.8,,g,,1997.262,2450545.1,0.372
9.1866625,-9.42710833,J003644.7-092537,FITS,00 36 44.799,-09 25 37.59,0.565,1.08,0.47,0.159,0.0,0.0,100.8,,s,,1997.165,2450509.6,0.609
330.72312917,-9.42714444,J220253.5-092537,FITS,22 02 53.551,-09 25 37.72,0.016,1.35,1.37,0.152,2.57,0.0,90.1,,,,1997.165,2450509.8,0.792
22.93091667,-9.42725833,J013143.4-092538,FITS,01 31 43.420,-09 25 38.13,0.809,1.03,0.83,0.145,5.28,0.0,102.1,,g,,1997.165,2450509.7,1.132
356.06832083,-9.42726944,J234416.3-092538,FITS,23 44 16.397,-09 25 38.17,0.265,1.3,0.62,0.158,0.0,0.0,99.2,,g,,1997.165,2450509.6,0.621
359.24365,-9.42735278,J235658.4-092538,FITS,23 56 58.476,-09 25 38.47,0.498,1.01,0.5,0.151,0.0,0.0,96.9,,s,,1997.166,2450509.9,0.791
340.48091667,-9.42738333,J224155.4-092538,FITS,22 41 55.420,-09 25 38.58,0.016,3.07,2.62,0.153,0.83,0.0,106.4,,,,1997.262,2450545.0,0.391
10.4606875,-9.42753056,J004150.5-092539,FITS,00 41 50.565,-09 25 39.11,0.014,8.13,16.53,0.226,8.06,3.48,72.5,,,,1997.166,2450509.9,0.781
334.54085,-9.42756111,J221809.8-092539,FITS,22 18 09.804,-09 25 39.22,0.228,1.04,0.65,0.151,0.0,0.0,90.0,,g,,1997.262,2450545.0,0.385
355.09553333,-9.42761389,J234022.9-092539,FITS,23 40 22.928,-09 25 39.41,0.547,1.01,0.65,0.143,0.38,0.0,101.1,,,,1997.169,2450511.2,9.187
33.7843875,-9.42788611,J021508.2-092540,FITS,02 15 08.253,-09 25 40.39,0.014,4.87,4.4,0.152,0.0,0.0,80.8,,,,1997.166,2450510.0,0.781
344.9716375,-9.42790833,J225953.1-092540,FITS,22 59 53.193,-09 25 40.47,0.014,9.41,23.68,0.166,9.73,4.54,75.2,,g,,1997.262,2450545.0,0.388
19.67079583,-9.42804167,J011840.9-092540,FITS,01 18 40.991,-09 25 40.95,0.014,4.95,6.77,0.155,4.37,2.52,125.1,,,,1997.165,2450509.7,0.643
359.21757083,-9.42805278,J235652.2-092540,FITS,23 56 52.217,-09 25 40.99,0.485,1.1,0.43,0.15,0.0,0.0,83.0,,,,1997.165,2450509.9,0.782
359.69425417,-9.42808056,J235846.6-092541,FITS,23 58 46.621,-09 25 41.09,0.257,1.24,0.55,0.143,0.0,0.0,84.0,,,,1997.167,2450510.4,6.377
355.93360417,-9.428125,J234344.0-092541,FITS,23 43 44.065,-09 25 41.25,0.683,1.11,0.7,0.144,2.91,0.0,106.5,,g,,1997.169,2450511.2,9.003
39.72675,-9.42815278,J023854.4-092541,FITS,02 38 54.420,-09 25 41.35,0.014,2.04,1.53,0.154,0.86,0.0,117.3,,g,,1997.166,2450510.0,0.781
7.37437917,-9.42827222,J002929.8-092541,FITS,00 29 29.851,-09 25 41.78,0.42,1.08,0.6,0.156,0.0,0.0,113.7,,,,1997.165,2450509.8,0.717
349.80125833,-9.42839722,J231912.3-092542,FITS,23 19 12.302,-09 25 42.23,0.337,1.01,0.69,0.145,0.0,0.0,77.1,,s,,1997.263,2450545.6,2.216
352.14915833,-9.42840833,J232835.7-092542,FITS,23 28 35.798,-09 25 42.27,0.561,1.02,0.62,0.144,0.0,0.0,15.6,,,,1997.172,2450512.4,11.164
357.94679583,-9.42869167,J235147.2-092543,FITS,23 51 47.231,-09 25 43.29,0.014,7.68,7.45,0.157,1.24,0.0,72.6,,,,1997.165,2450509.6,0.584
355.54027083,-9.4288,J234209.6-092543,FITS,23 42 09.665,-09 25 43.68,0.212,1.44,1.6,0.148,6.62,0.0,76.4,,,,1997.165,2450509.9,0.776
16.9385625,-9.42904722,J010745.2-092544,FITS,01 07 45.255,-09 25 44.57,0.014,3.72,3.3,0.144,0.0,0.0,10.5,,,,1997.165,2450509.7,1.144
29.5996125,-9.42913333,J015823.9-092544,FITS,01 58 23.907,-09 25 44.88,0.014,1.47,1.14,0.144,0.0,0.0,168.7,,,,1997.165,2450509.7,1.177
355.52761667,-9.42921944,J234206.6-092545,FITS,23 42 06.628,-09 25 45.19,0.568,1.12,1.09,0.147,6.94,0.0,106.2,,,,1997.165,2450509.9,0.778
349.7133375,-9.42927222,J231851.2-092545,FITS,23 18 51.201,-09 25 45.38,0.557,1.06,0.67,0.155,0.0,0.0,79.4,,s,,1997.256,2450542.9,8.891
347.53605833,-9.42955,J231008.6-092546,FITS,23 10 08.654,-09 25 46.38,0.661,1.02,0.6,0.145,0.0,0.0,98.3,,g,,1997.263,2450545.6,2.194
342.50489583,-9.42956389,J225001.1-092546,FITS,22 50 01.175,-09 25 46.43,0.492,1.04,0.42,0.147,0.0,0.0,94.9,,,,1997.263,2450545.5,1.995
355.48279167,-9.42978889,J234155.8-092547,FITS,23 41 55.870,-09 25 47.24,0.865,1.08,0.79,0.147,0.42,0.0,79.5,,s,,1997.165,2450509.9,0.778
12.64319583,-9.42980833,J005034.3-092547,FITS,00 50 34.367,-09 25 47.31,0.797,1.17,0.57,0.164,0.0,0.0,128.4,,,,1997.165,2450509.8,0.733
341.75866667,-9.42981111,J224702.0-092547,FITS,22 47 02.080,-09 25 47.32,0.877,1.05,0.47,0.148,0.0,0.0,86.5,,s,,1997.263,2450545.5,1.98
354.3725875,-9.42987222,J233729.4-092547,FITS,23 37 29.421,-09 25 47.54,0.014,16.59,17.18,0.146,1.56,0.52,163.8,,g,,1997.169,2450511.3,9.635
27.27760833,-9.42988889,J014906.6-092547,FITS,01 49 06.626,-09 25 47.60,0.649,1.05,1.13,0.148,6.57,0.0,52.6,,,,1997.165,2450509.8,1.112
10.4590625,-9.42996389,J004150.1-092547,FITS,00 41 50.175,-09 25 47.87,0.014,3.43,3.0,0.226,3.67,0.0,29.9,,g,,1997.166,2450509.9,0.771
31.26065,-9.42999444,J020502.5-092547,FITS,02 05 02.556,-09 25 47.98,0.684,1.05,0.55,0.155,0.0,0.0,89.6,,,,1997.165,2450509.6,0.473
10.90116667,-9.43001389,J004336.2-092548,FITS,00 43 36.280,-09 25 48.05,0.014,1.37,0.89,0.144,0.0,0.0,108.2,,g,,1997.165,2450509.6,1.188
358.27705833,-9.43006667,J235306.4-092548,FITS,23 53 06.494,-09 25 48.24,0.014,4.24,3.55,0.154,0.59,0.0,100.9,,g,,1997.164,2450509.5,0.517
16.8667375,-9.430075,J010728.0-092548,FITS,01 07 28.017,-09 25 48.27,0.522,1.08,0.74,0.143,0.0,0.0,51.0,,g,,1997.165,2450509.7,1.195
1.34408333,-9.430275,J000522.5-092548,FITS,00 05 22.580,-09 25 48.99,0.014,3.05,2.66,0.157,0.0,0.0,89.6,,g,,1997.165,2450509.7,0.669
25.42407917,-9.43030556,J014141.7-092549,FITS,01 41 41.779,-09 25 49.10,0.339,1.44,1.34,0.187,1.77,0.0,89.9,,,,1997.166,2450509.9,0.754
14.5056625,-9.43036667,J005801.3-092549,FITS,00 58 01.359,-09 25 49.32,0.069,1.16,0.91,0.147,2.37,0.0,83.4,,s,,1997.165,2450509.7,1.088
351.4907,-9.43048333,J232557.7-092549,FITS,23 25 57.768,-09 25 49.74,0.014,1.72,1.29,0.108,0.0,0.0,106.7,,g,,1997.222,2450530.5,18.187
343.13130417,-9.43066111,J225231.5-092550,FITS,22 52 31.513,-09 25 50.38,0.016,1.33,0.86,0.14,0.0,0.0,34.2,,g,,1997.264,2450545.7,2.427
40.98785,-9.43074444,J024357.0-092550,FITS,02 43 57.084,-09 25 50.68,0.104,1.3,1.04,0.165,0.0,0.0,90.3,,,,1997.164,2450509.4,0.182
8.6703875,-9.43085278,J003440.8-092551,FITS,00 34 40.893,-09 25 51.07,0.481,1.02,0.6,0.143,0.0,0.0,72.0,,,,1997.165,2450509.7,1.185
341.128825,-9.43091944,J224430.9-092551,FITS,22 44 30.918,-09 25 51.31,0.037,1.26,1.71,0.155,9.32,0.0,34.3,,,,1997.262,2450545.1,0.336
336.46315833,-9.43101667,J222551.1-092551,FITS,22 25 51.158,-09 25 51.66,0.436,1.0,0.48,0.144,0.0,0.0,85.5,,,,1997.259,2450544.1,5.578
331.098775,-9.43108889,J220423.7-092551,FITS,22 04 23.706,-09 25 51.92,0.332,1.06,0.41,0.147,0.0,0.0,91.9,,,,1997.164,2450509.3,0.192
12.10189167,-9.431125,J004824.4-092552,FITS,00 48 24.454,-09 25 52.05,0.793,1.08,0.66,0.164,0.0,0.0,94.4,,,,1997.165,2450509.9,0.733
10.6913,-9.43113333,J004245.9-092552,FITS,00 42 45.912,-09 25 52.08,0.195,1.65,1.98,0.199,7.03,0.0,103.4,,g,,1997.165,2450509.6,0.596
37.56817083,-9.43115556,J023016.3-092552,FITS,02 30 16.361,-09 25 52.16,0.014,1.51,1.25,0.153,0.96,0.0,53.8,,,,1997.166,2450510.0,0.753
354.95114167,-9.43122222,J233948.2-092552,FITS,23 39 48.274,-09 25 52.40,0.014,4.01,3.53,0.157,0.0,0.0,35.3,,,,1997.165,2450509.6,0.572
349.3034875,-9.43133611,J231712.8-092552,FITS,23 17 12.837,-09 25 52.81,0.014,1.84,1.54,0.154,0.6,0.0,119.2,,g,,1997.255,2450542.5,9.632
25.82319167,-9.43138889,J014317.5-092553,FITS,01 43 17.566,-09 25 53.00,0.657,1.06,0.55,0.147,0.0,0.0,73.4,,,,1997.165,2450509.7,1.185
333.97429167,-9.43143889,J221553.8-092553,FITS,22 15 53.830,-09 25 53.18,0.081,1.55,1.28,0.142,2.27,0.0,61.5,,,,1997.25,2450540.6,11.639
0.9872625,-9.43166944,J000356.9-092554,FITS,00 03 56.943,-09 25 54.01,0.406,1.01,0.53,0.151,0.0,0.0,69.7,,,,1997.165,2450509.7,1.071
29.817725,-9.43178889,J015916.2-092554,FITS,01 59 16.254,-09 25 54.44,0.014,1.44,1.49,0.159,3.34,0.0,174.1,,g,,1997.165,2450509.7,0.616
355.54831667,-9.43189167,J234211.5-092554,FITS,23 42 11.596,-09 25 54.81,0.528,1.17,0.76,0.147,2.7,0.0,113.3,,,,1997.165,2450509.9,0.761
347.70921667,-9.43201111,J231050.2-092555,FITS,23 10 50.212,-09 25 55.24,0.084,1.47,1.52,0.145,4.35,0.0,72.2,,,,1997.263,2450545.6,2.27
13.96277083,-9.43214444,J005551.0-092555,FITS,00 55 51.065,-09 25 55.72,0.014,6.73,6.97,0.149,1.34,0.87,155.4,,s,,1997.165,2450509.7,1.15
345.00913333,-9.4322,J230002.1-092555,FITS,23 00 02.192,-09 25 55.92,0.014,2.56,1.95,0.153,0.0,0.0,24.2,,s,,1997.262,2450545.1,0.382
352.74560833,-9.4323,J233058.9-092556,FITS,23 30 58.946,-09 25 56.28,0.224,1.25,0.7,0.153,0.0,0.0,68.0,,,,1997.187,2450517.7,15.798
2.61006667,-9.43241111,J001026.4-092556,FITS,00 10 26.416,-09 25 56.68,0.288,1.04,0.42,0.144,0.0,0.0,86.5,,s,,1997.165,2450509.6,1.223
336.86600417,-9.43241111,J222727.8-092556,FITS,22 27 27.841,-09 25 56.68,0.424,1.04,0.41,0.154,0.0,0.0,91.8,,s,,1997.262,2450545.1,0.337
39.45635,-9.43249167,J023749.5-092556,FITS,02 37 49.524,-09 25 56.97,0.014,2.23,1.9,0.148,0.0,0.0,58.4,,g,,1997.165,2450509.6,0.302
344.9577625,-9.43254167,J225949.8-092557,FITS,22 59 49.863,-09 25 57.15,0.014,6.55,28.09,0.168,20.7,2.87,70.7,,,,1997.262,2450545.1,0.373
8.87774167,-9.43264167,J003530.6-092557,FITS,00 35 30.658,-09 25 57.51,0.014,2.79,4.04,0.158,7.0,0.0,94.0,,g,,1997.165,2450509.8,0.711
13.0790375,-9.43271667,J005218.9-092557,FITS,00 52 18.969,-09 25 57.78,0.658,1.03,0.71,0.144,3.08,0.0,69.7,,,,1997.165,2450509.7,1.206
11.02254167,-9.43279444,J004405.4-092558,FITS,00 44 05.410,-09 25 58.06,0.654,1.03,0.54,0.156,0.0,0.0,103.0,,g,,1997.165,2450509.6,0.506
350.4509875,-9.43279722,J232148.2-092558,FITS,23 21 48.237,-09 25 58.07,0.072,1.23,1.22,0.156,1.91,0.0,32.1,,,,1997.255,2450542.7,9.31
355.5175,-9.43279722,J234204.2-092558,FITS,23 42 04.200,-09 25 58.07,0.516,1.28,0.76,0.147,0.0,0.0,94.7,,,,1997.166,2450509.9,0.765
344.94742917,-9.43297222,J225947.3-092558,FITS,22 59 47.383,-09 25 58.70,0.877,1.18,1.1,0.17,3.34,0.0,128.4,,,,1997.262,2450545.1,0.369
24.55734167,-9.43298889,J013813.7-092558,FITS,01 38 13.762,-09 25 58.76,0.8,1.04,0.46,0.156,0.0,0.0,74.6,,,,1997.165,2450509.7,0.592
10.46034583,-9.43310833,J004150.4-092559,FITS,00 41 50.483,-09 25 59.19,0.014,8.22,17.98,0.226,9.12,3.39,117.3,,g,,1997.166,2450509.9,0.758
354.19938333,-9.43334444,J233647.8-092600,FITS,23 36 47.852,-09 26 00.04,0.208,1.27,0.75,0.158,0.0,0.0,103.1,,,,1997.165,2450509.6,0.576
36.40559583,-9.43346667,J022537.3-092600,FITS,02 25 37.343,-09 26 00.48,0.339,1.21,0.79,0.142,0.0,0.0,131.4,,,,1997.165,2450509.8,1.227
344.95444583,-9.43365556,J225949.0-092601,FITS,22 59 49.067,-09 26 01.16,0.014,48.05,57.73,0.168,3.32,1.44,77.0,,,,1997.262,2450545.1,0.37
358.3102375,-9.43376111,J235314.4-092601,FITS,23 53 14.457,-09 26 01.54,0.492,1.07,0.59,0.157,0.0,0.0,87.4,,,,1997.165,2450509.6,0.598
15.6262875,-9.43383056,J010230.3-092601,FITS,01 02 30.309,-09 26 01.79,0.014,6.01,9.2,0.154,5.52,2.97,145.1,,g,,1997.165,2450509.8,0.703
32.61304167,-9.43403056,J021027.1-092602,FITS,02 10 27.130,-09 26 02.51,0.17,1.28,0.52,0.144,0.0,0.0,88.5,,,,1997.165,2450509.7,1.244
39.70965833,-9.43405,J023850.3-092602,FITS,02 38 50.318,-09 26 02.58,0.014,4.02,3.47,0.153,0.0,0.0,133.4,,,,1997.166,2450510.0,0.752
12.52990417,-9.43418611,J005007.1-092603,FITS,00 50 07.177,-09 26 03.07,0.732,1.23,0.5,0.178,0.0,0.0,87.4,,,,1997.165,2450509.6,0.525
20.30562917,-9.43427778,J012113.3-092603,FITS,01 21 13.351,-09 26 03.40,0.437,1.04,0.83,0.145,5.05,0.0,63.6,,,,1997.166,2450510.0,0.748
11.35464583,-9.43429722,J004525.1-092603,FITS,00 45 25.115,-09 26 03.47,0.629,1.07,0.69,0.154,0.0,0.0,66.3,,g,,1997.165,2450509.9,0.722
337.80765,-9.434375,J223113.8-092603,FITS,22 31 13.836,-09 26 03.75,0.014,1.99,4.49,0.143,9.04,3.88,114.4,,g,,1997.263,2450545.7,2.382
19.76294583,-9.43443333,J011903.1-092603,FITS,01 19 03.107,-09 26 03.96,0.014,3.64,6.12,0.149,6.45,3.43,1.9,,,,1997.165,2450509.8,1.138
40.14252917,-9.43455278,J024034.2-092604,FITS,02 40 34.207,-09 26 04.39,0.014,3.61,3.44,0.148,2.19,0.0,108.2,,,,1997.164,2450509.5,0.0
5.613075,-9.4349,J002227.1-092605,FITS,00 22 27.138,-09 26 05.64,0.016,1.44,1.27,0.143,2.59,0.0,75.8,,,,1997.165,2450509.7,1.256
353.30035417,-9.43495833,J233312.0-092605,FITS,23 33 12.085,-09 26 05.85,0.014,7.45,6.87,0.259,1.06,0.0,131.5,,s,,1997.165,2450509.9,0.747
352.831775,-9.43498611,J233119.6-092605,FITS,23 31 19.626,-09 26 05.95,0.06,1.12,0.86,0.147,0.0,0.0,91.4,,g,,1997.175,2450513.3,12.383
0.480475,-9.43501667,J000155.3-092606,FITS,00 01 55.314,-09 26 06.06,0.361,1.02,0.44,0.152,0.0,0.0,98.7,,g,,1997.165,2450509.7,1.156
13.29037917,-9.43503056,J005309.6-092606,FITS,00 53 09.691,-09 26 06.11,0.014,10.6,11.29,0.157,2.26,0.0,107.7,,g,,1997.165,2450509.6,0.55
19.76459167,-9.43511944,J011903.5-092606,FITS,01 19 03.502,-09 26 06.43,0.014,1.64,4.85,0.149,12.91,4.42,152.1,,,,1997.165,2450509.8,1.148
20.2833125,-9.43521944,J012107.9-092606,FITS,01 21 07.995,-09 26 06.79,0.014,5.68,7.12,0.144,4.4,0.0,65.9,,,,1997.166,2450510.0,0.751
40.128075,-9.435325,J024030.7-092607,FITS,02 40 30.738,-09 26 07.17,0.729,1.03,0.81,0.147,4.45,0.0,124.7,,,,1997.164,2450509.5,0.0
337.805275,-9.43539722,J223113.2-092607,FITS,22 31 13.266,-09 26 07.43,0.014,3.07,5.98,0.143,9.02,2.76,12.8,,,,1997.263,2450545.7,2.4
32.367425,-9.43541389,J020928.1-092607,FITS,02 09 28.182,-09 26 07.49,0.093,1.45,0.91,0.157,0.0,0.0,21.7,,,,1997.166,2450509.9,0.707
355.887175,-9.43545556,J234332.9-092607,FITS,23 43 32.922,-09 26 07.64,0.014,3.93,3.74,0.144,1.46,0.0,88.5,,g,,1997.17,2450511.6,10.074
20.29166667,-9.43546944,J012110.0-092607,FITS,01 21 10.000,-09 26 07.69,0.495,1.0,0.79,0.145,3.64,0.0,99.0,,g,,1997.166,2450510.0,0.748
18.52970833,-9.43553611,J011407.1-092607,FITS,01 14 07.130,-09 26 07.93,0.399,1.06,1.03,0.153,5.11,0.0,123.3,,,,1997.165,2450509.6,0.525
342.13554167,-9.43565556,J224832.5-092608,FITS,22 48 32.530,-09 26 08.36,0.63,1.08,0.49,0.155,0.0,0.0,90.4,,g,,1997.262,2450545.1,0.315
359.6385875,-9.43567222,J235833.2-092608,FITS,23 58 33.261,-09 26 08.42,0.078,1.06,0.77,0.141,4.32,0.0,117.1,,,,1997.167,2450510.6,7.258
16.85030417,-9.43591389,J010724.0-092609,FITS,01 07 24.073,-09 26 09.29,0.719,1.03,1.11,0.144,8.02,0.0,93.9,,,,1997.165,2450509.7,1.262
20.278075,-9.436275,J012106.7-092610,FITS,01 21 06.738,-09 26 10.59,0.014,5.18,5.41,0.144,2.37,0.0,80.3,,g,,1997.166,2450510.0,0.747
353.32785417,-9.43631944,J233318.6-092610,FITS,23 33 18.685,-09 26 10.75,0.032,4.91,5.11,0.267,1.98,0.0,147.9,,g,,1997.165,2450509.9,0.732
342.86321667,-9.43669444,J225127.1-092612,FITS,22 51 27.172,-09 26 12.10,0.06,1.5,2.89,0.155,6.24,5.03,125.6,,g,,1997.262,2450545.1,0.33
352.859625,-9.43675,J233126.3-092612,FITS,23 31 26.310,-09 26 12.30,0.06,1.25,0.89,0.147,1.46,0.0,109.8,,,,1997.173,2450512.7,11.743
19.68757917,-9.43680833,J011845.0-092612,FITS,01 18 45.019,-09 26 12.51,0.014,11.88,11.6,0.155,0.87,0.0,3.7,,,,1997.165,2450509.7,0.6
20.27330417,-9.43689444,J012105.5-092612,FITS,01 21 05.593,-09 26 12.82,0.014,7.08,8.09,0.144,3.18,0.0,85.2,,g,,1997.166,2450510.0,0.745
342.02192083,-9.43698056,J224805.2-092613,FITS,22 48 05.261,-09 26 13.13,0.014,1.56,1.11,0.15,0.0,0.0,97.1,,g,,1997.262,2450545.1,0.368
357.71627083,-9.43706111,J235051.9-092613,FITS,23 50 51.905,-09 26 13.42,0.094,1.52,1.04,0.15,0.0,0.0,94.3,,,,1997.166,2450509.9,0.743
355.08080417,-9.43715833,J234019.3-092613,FITS,23 40 19.393,-09 26 13.77,0.014,5.3,5.75,0.144,2.76,0.0,110.1,,,,1997.17,2450511.6,10.047
329.89622083,-9.43724722,J215935.0-092614,FITS,21 59 35.093,-09 26 14.09,0.379,1.02,1.17,0.153,5.16,0.0,110.3,,,,1997.165,2450509.8,0.719
30.38189583,-9.43736111,J020131.6-092614,FITS,02 01 31.655,-09 26 14.50,0.014,4.79,4.22,0.144,0.0,0.0,50.5,,s,,1997.165,2450509.7,1.29
12.0993875,-9.43750833,J004823.8-092615,FITS,00 48 23.853,-09 26 15.03,0.415,1.32,0.68,0.163,0.0,0.0,85.9,,g,,1997.165,2450509.9,0.716
20.26830833,-9.43766667,J012104.3-092615,FITS,01 21 04.394,-09 26 15.60,0.152,1.28,1.94,0.144,8.06,0.0,73.7,,,,1997.166,2450510.0,0.743
15.63364167,-9.43792778,J010232.0-092616,FITS,01 02 32.074,-09 26 16.54,0.471,1.04,1.86,0.153,6.97,3.06,59.7,,,,1997.165,2450509.9,0.699
7.60675833,-9.43824167,J003025.6-092617,FITS,00 30 25.622,-09 26 17.67,0.014,1.82,1.37,0.154,1.49,0.0,75.6,,g,,1997.165,2450509.9,0.708
28.01982917,-9.43826667,J015204.7-092617,FITS,01 52 04.759,-09 26 17.76,0.67,1.02,1.05,0.149,5.09,0.0,94.8,,,,1997.165,2450509.8,1.193
24.60875,-9.43875833,J013826.1-092619,FITS,01 38 26.100,-09 26 19.53,0.014,3.42,3.45,0.156,2.75,0.0,68.9,,,,1997.165,2450509.9,0.675
13.17787083,-9.43876111,J005242.6-092619,FITS,00 52 42.689,-09 26 19.54,0.014,3.23,3.11,0.145,1.78,0.0,85.5,,,,1997.165,2450509.7,1.275
24.28660417,-9.438875,J013708.7-092619,FITS,01 37 08.785,-09 26 19.95,0.342,1.35,0.76,0.147,0.0,0.0,90.5,,g,,1997.165,2450509.8,1.23
355.57212917,-9.43893333,J234217.3-092620,FITS,23 42 17.311,-09 26 20.16,0.339,1.33,1.83,0.147,5.56,0.0,111.5,,,,1997.165,2450509.9,0.724
355.5161625,-9.43893611,J234203.8-092620,FITS,23 42 03.879,-09 26 20.17,0.212,1.64,1.37,0.146,4.5,0.0,71.7,,,,1997.166,2450509.9,0.738
330.44344583,-9.43895556,J220146.4-092620,FITS,22 01 46.427,-09 26 20.24,0.016,1.66,1.35,0.15,2.02,0.0,147.1,,,,1997.164,2450509.4,0.286
1.02949583,-9.43896111,J000407.0-092620,FITS,00 04 07.079,-09 26 20.26,0.361,1.06,0.52,0.149,0.0,0.0,91.9,,,,1997.165,2450509.7,1.219
351.23111667,-9.43897778,J232455.4-092620,FITS,23 24 55.468,-09 26 20.32,0.014,4.71,4.81,0.117,1.71,0.0,78.4,,,,1997.226,2450531.8,17.924
22.879425,-9.43903611,J013131.0-092620,FITS,01 31 31.062,-09 26 20.53,0.014,100.84,167.72,0.145,6.03,3.31,124.3,,g,,1997.165,2450509.7,1.313
13.65540833,-9.43910833,J005437.2-092620,FITS,00 54 37.298,-09 26 20.79,0.754,1.08,0.9,0.159,0.0,0.0,78.2,,g,,1997.165,2450509.8,0.654
7.16729167,-9.43919444,J002840.1-092621,FITS,00 28 40.150,-09 26 21.10,0.701,1.03,0.46,0.143,0.0,0.0,100.2,,,,1997.165,2450509.7,1.292
330.524225,-9.43921111,J220205.8-092621,FITS,22 02 05.814,-09 26 21.16,0.215,1.3,0.66,0.156,0.0,0.0,70.2,,g,,1997.164,2450509.5,0.515
32.70050833,-9.43944722,J021048.1-092622,FITS,02 10 48.122,-09 26 22.01,0.072,1.17,1.2,0.147,5.13,0.0,81.2,,g,,1997.165,2450509.8,1.255
9.23885417,-9.43983611,J003657.3-092623,FITS,00 36 57.325,-09 26 23.41,0.654,1.04,0.83,0.152,2.85,0.0,71.2,,,,1997.165,2450509.8,1.154
330.70785,-9.43989722,J220249.8-092623,FITS,22 02 49.884,-09 26 23.63,0.016,1.48,1.31,0.15,2.48,0.0,78.1,,,,1997.166,2450509.9,0.734
347.70922917,-9.43993333,J231050.2-092623,FITS,23 10 50.215,-09 26 23.76,0.241,1.11,1.15,0.145,3.63,0.0,32.2,,g,,1997.264,2450545.7,2.467
3.45207083,-9.43994167,J001348.4-092623,FITS,00 13 48.497,-09 26 23.79,0.104,2.8,3.95,0.395,6.09,1.14,175.0,,,,1997.165,2450509.7,1.26
335.12192083,-9.44005278,J222029.2-092624,FITS,22 20 29.261,-09 26 24.19,0.018,1.25,0.81,0.153,1.64,0.0,69.8,,,,1997.262,2450545.1,0.311
16.55004583,-9.44011944,J010612.0-092624,FITS,01 06 12.011,-09 26 24.43,0.014,1.9,3.02,0.151,6.1,2.09,85.0,,g,,1997.166,2450510.0,0.724
343.51991667,-9.44026389,J225404.7-092624,FITS,22 54 04.780,-09 26 24.95,0.361,1.0,0.55,0.15,0.0,0.0,104.0,,g,,1997.262,2450545.1,0.36
5.89205,-9.44031667,J002334.0-092625,FITS,00 23 34.092,-09 26 25.14,0.032,1.2,1.12,0.156,2.84,0.0,85.3,,s,,1997.165,2450509.9,0.702
355.49982917,-9.440475,J234159.9-092625,FITS,23 41 59.959,-09 26 25.71,0.539,1.12,0.88,0.146,2.61,0.0,122.0,,,,1997.166,2450510.0,0.732
13.76222917,-9.44055833,J005502.9-092626,FITS,00 55 02.935,-09 26 26.01,0.559,1.13,0.76,0.153,2.07,0.0,22.5,,g,,1997.165,2450509.8,1.203
349.4268125,-9.44057222,J231742.4-092626,FITS,23 17 42.435,-09 26 26.06,0.383,1.08,0.62,0.15,0.0,0.0,79.9,,,,1997.248,2450540.1,12.764
347.6831125,-9.44061667,J231043.9-092626,FITS,23 10 43.947,-09 26 26.22,0.014,1.65,1.39,0.143,2.35,0.0,110.2,,g,,1997.264,2450545.8,2.568
40.98821667,-9.44074722,J024357.1-092626,FITS,02 43 57.172,-09 26 26.69,0.014,15.69,16.58,0.172,2.02,0.69,3.0,,,,1997.164,2450509.5,0.0
36.35595417,-9.44096389,J022525.4-092627,FITS,02 25 25.429,-09 26 27.47,0.014,8.81,8.52,0.143,0.0,0.0,107.6,,g,,1997.165,2450509.8,1.331
347.51729583,-9.44097222,J231004.1-092627,FITS,23 10 04.151,-09 26 27.50,0.014,14.1,13.9,0.148,0.23,0.0,66.7,,g,,1997.264,2450545.7,2.394
16.17834583,-9.44138889,J010442.8-092629,FITS,01 04 42.803,-09 26 29.00,0.014,3.0,2.54,0.144,0.0,0.0,72.8,,,,1997.165,2450509.8,1.308
0.85129583,-9.44139444,J000324.3-092629,FITS,00 03 24.311,-09 26 29.02,0.359,1.03,0.66,0.152,0.0,0.0,38.2,,s,,1997.165,2450509.9,0.702
37.57010417,-9.44146389,J023016.8-092629,FITS,02 30 16.825,-09 26 29.27,0.014,1.85,1.69,0.151,3.28,0.0,91.1,,g,,1997.166,2450510.0,0.713
12.67374167,-9.44148611,J005041.6-092629,FITS,00 50 41.698,-09 26 29.35,0.788,1.14,0.72,0.157,0.0,0.0,39.7,,,,1997.166,2450510.0,0.713
335.19435417,-9.44151944,J222046.6-092629,FITS,22 20 46.645,-09 26 29.47,0.014,6.25,6.03,0.148,1.42,0.0,89.3,,,,1997.262,2450545.1,0.348
29.4736125,-9.44154167,J015753.6-092629,FITS,01 57 53.667,-09 26 29.55,0.586,1.05,1.14,0.155,7.46,0.0,53.1,,s,,1997.165,2450509.8,1.134
40.89637917,-9.44155,J024335.1-092629,FITS,02 43 35.131,-09 26 29.58,0.63,1.02,0.45,0.152,0.0,0.0,95.0,,,,1997.164,2450509.5,0.0
40.0114625,-9.44157778,J024002.7-092629,FITS,02 40 02.751,-09 26 29.68,0.797,1.06,1.07,0.154,3.53,0.0,123.5,,,,1997.165,2450509.6,0.381
39.37334583,-9.44170278,J023729.6-092630,FITS,02 37 29.603,-09 26 30.13,0.85,1.04,0.87,0.149,4.86,0.0,171.0,,,,1997.164,2450509.5,0.0
15.47945833,-9.44178333,J010155.0-092630,FITS,01 01 55.070,-09 26 30.42,0.014,1.58,1.18,0.148,0.0,0.0,79.8,,s,,1997.165,2450509.8,1.234
32.49856667,-9.44196111,J020959.6-092631,FITS,02 09 59.656,-09 26 31.06,0.66,1.04,0.76,0.152,1.08,0.0,136.4,,,,1997.165,2450509.8,1.196
32.6699625,-9.44233333,J021040.7-092632,FITS,02 10 40.791,-09 26 32.40,0.014,1.96,2.34,0.145,3.73,0.0,76.8,,s,,1997.165,2450509.8,1.329
15.02947917,-9.44243611,J010007.0-092632,FITS,01 00 07.075,-09 26 32.77,0.014,2.13,1.72,0.151,0.76,0.0,120.2,,,,1997.166,2450510.0,0.72
359.96552917,-9.44252222,J235951.7-092633,FITS,23 59 51.727,-09 26 33.08,0.016,1.42,1.15,0.147,0.56,0.0,88.5,,g,,1997.166,2450510.0,0.719
23.61159583,-9.44260278,J013426.7-092633,FITS,01 34 26.783,-09 26 33.37,0.324,2.07,1.52,0.242,3.23,0.0,120.1,,,,1997.165,2450509.8,1.357
337.90725833,-9.44268333,J223137.7-092633,FITS,22 31 37.742,-09 26 33.66,0.255,1.02,1.09,0.141,5.79,0.0,62.8,,,,1997.264,2450545.8,2.681
337.8049375,-9.44268889,J223113.1-092633,FITS,22 31 13.185,-09 26 33.68,0.014,3.9,11.2,0.144,17.07,0.55,7.6,,g,,1997.264,2450545.7,2.587
336.87152917,-9.44273056,J222729.1-092633,FITS,22 27 29.167,-09 26 33.83,0.014,2.08,1.81,0.154,0.84,0.0,133.7,,,,1997.262,2450545.1,0.311
338.02638333,-9.44278611,J223206.3-092634,FITS,22 32 06.332,-09 26 34.03,0.014,3.42,3.03,0.151,1.81,0.0,115.3,,s,,1997.263,2450545.5,2.153
39.2806875,-9.44301667,J023707.3-092634,FITS,02 37 07.365,-09 26 34.86,0.014,1.61,1.41,0.151,1.06,0.0,90.0,,,,1997.165,2450509.6,0.342
19.85904583,-9.44306389,J011926.1-092635,FITS,01 19 26.171,-09 26 35.03,0.014,1.62,1.18,0.144,0.0,0.0,69.2,,s,,1997.165,2450509.8,1.362
344.72469167,-9.44312778,J225853.9-092635,FITS,22 58 53.926,-09 26 35.26,0.034,2.25,2.1,0.256,3.19,0.0,75.7,,s,,1997.264,2450545.7,2.485
4.997125,-9.44316667,J001959.3-092635,FITS,00 19 59.310,-09 26 35.40,0.014,7.46,10.06,0.171,5.41,1.22,166.7,,,,1997.165,2450509.8,1.213
4.9442,-9.44317222,J001946.6-092635,FITS,00 19 46.608,-09 26 35.42,0.014,19.04,18.77,0.168,0.0,0.0,7.2,,s,,1997.165,2450509.7,1.312
35.293775,-9.44329444,J022110.5-092635,FITS,02 21 10.506,-09 26 35.86,0.534,1.11,0.59,0.148,0.0,0.0,77.4,,g,,1997.166,2450510.1,0.714
13.22414583,-9.44331667,J005253.7-092635,FITS,00 52 53.795,-09 26 35.94,0.744,1.1,0.58,0.15,0.0,0.0,59.8,,,,1997.165,2450509.8,1.263
351.96680833,-9.44334167,J232752.0-092636,FITS,23 27 52.034,-09 26 36.03,0.014,24.42,25.81,0.155,1.63,1.16,151.0,,,,1997.197,2450521.4,17.572
342.85744583,-9.44336111,J225125.7-092636,FITS,22 51 25.787,-09 26 36.10,0.014,1.91,1.93,0.154,5.66,0.0,47.8,,g,,1997.262,2450545.1,0.319
4.85287917,-9.44336667,J001924.6-092636,FITS,00 19 24.691,-09 26 36.12,0.016,1.56,1.33,0.167,2.76,0.0,74.4,,,,1997.165,2450509.7,1.362
1.20456667,-9.44354167,J000449.0-092636,FITS,00 04 49.096,-09 26 36.75,0.044,1.12,0.95,0.147,0.0,0.0,31.1,,,,1997.165,2450509.7,1.301
341.11191667,-9.44355,J224426.8-092636,FITS,22 44 26.860,-09 26 36.78,0.014,42.04,43.16,0.155,1.09,0.84,173.1,,g,,1997.262,2450545.1,0.296
356.01360833,-9.44358333,J234403.2-092636,FITS,23 44 03.266,-09 26 36.90,0.548,1.15,0.55,0.153,0.0,0.0,99.0,,,,1997.169,2450511.3,8.981
20.02697917,-9.44366111,J012006.4-092637,FITS,01 20 06.475,-09 26 37.18,0.285,1.03,3.0,0.151,15.68,0.0,78.9,,,,1997.165,2450509.8,1.152
355.5880375,-9.44380278,J234221.1-092637,FITS,23 42 21.129,-09 26 37.69,0.797,1.01,0.78,0.148,3.29,0.0,173.0,,,,1997.166,2450509.9,0.7
24.6970125,-9.44399722,J013847.2-092638,FITS,01 38 47.283,-09 26 38.39,0.429,1.02,0.6,0.149,0.0,0.0,77.4,,,,1997.166,2450510.0,0.71
32.65497083,-9.44400278,J021037.1-092638,FITS,02 10 37.193,-09 26 38.41,0.014,7.31,9.95,0.145,4.98,0.58,78.0,,,,1997.165,2450509.8,1.364
31.29839167,-9.44407222,J020511.6-092638,FITS,02 05 11.614,-09 26 38.66,0.188,1.19,1.05,0.16,4.93,0.0,115.5,,,,1997.165,2450509.7,0.567
7.75524167,-9.4441,J003101.2-092638,FITS,00 31 01.258,-09 26 38.76,0.501,1.05,0.54,0.152,0.0,0.0,95.5,,,,1997.165,2450509.8,1.229
37.21793333,-9.44413333,J022852.3-092638,FITS,02 28 52.304,-09 26 38.88,0.014,4.83,6.9,0.148,6.13,0.0,108.4,,,,1997.165,2450509.9,1.284
342.461075,-9.44441667,J224950.6-092639,FITS,22 49 50.658,-09 26 39.90,0.137,1.19,0.84,0.144,0.71,0.0,104.4,,g,,1997.264,2450545.8,2.575
338.41346667,-9.44446389,J223339.2-092640,FITS,22 33 39.232,-09 26 40.07,0.429,1.06,0.47,0.156,0.0,0.0,86.7,,,,1997.262,2450545.1,0.27
352.58812083,-9.444475,J233021.1-092640,FITS,23 30 21.149,-09 26 40.11,0.283,1.05,0.74,0.152,0.0,0.0,88.5,,s,,1997.233,2450534.5,16.584
7.02847083,-9.44448056,J002806.8-092640,FITS,00 28 06.833,-09 26 40.13,0.437,1.19,0.61,0.147,0.0,0.0,93.9,,,,1997.165,2450509.8,1.283
342.71114583,-9.44449444,J225050.6-092640,FITS,22 50 50.675,-09 26 40.18,0.094,1.92,1.21,0.15,0.0,0.0,93.8,,g,,1997.262,2450545.1,0.346
353.02272917,-9.44473889,J233205.4-092641,FITS,23 32 05.455,-09 26 41.06,0.06,1.57,1.4,0.18,0.0,0.0,60.7,,s,,1997.169,2450511.2,8.824
333.47190833,-9.44476944,J221353.2-092641,FITS,22 13 53.258,-09 26 41.17,0.014,2.16,1.57,0.112,0.0,0.0,114.7,,g,,1997.212,2450526.7,17.607
9.14054167,-9.44483333,J003633.7-092641,FITS,00 36 33.730,-09 26 41.40,0.014,38.62,50.72,0.159,4.24,1.65,90.8,,g,,1997.165,2450509.8,0.662
14.3928125,-9.44486389,J005734.2-092641,FITS,00 57 34.275,-09 26 41.51,0.26,1.35,0.68,0.156,0.0,0.0,90.4,,g,,1997.165,2450509.8,0.658
22.5250875,-9.44501944,J013006.0-092642,FITS,01 30 06.021,-09 26 42.07,0.585,1.04,0.53,0.15,0.0,0.0,44.6,,,,1997.166,2450510.1,0.709
342.76067083,-9.44531667,J225102.5-092643,FITS,22 51 02.561,-09 26 43.14,0.508,1.09,0.74,0.15,2.88,0.0,116.8,,,,1997.262,2450545.1,0.35
9.11023333,-9.44548889,J003626.4-092643,FITS,00 36 26.456,-09 26 43.76,0.639,1.04,1.55,0.156,10.21,0.0,88.4,,,,1997.166,2450509.9,0.684
354.74645833,-9.44557222,J233859.1-092644,FITS,23 38 59.150,-09 26 44.06,0.483,1.03,0.67,0.149,0.0,0.0,89.9,,s,,1997.166,2450510.0,0.708
347.4249125,-9.44558056,J230941.9-092644,FITS,23 09 41.979,-09 26 44.09,0.865,1.04,1.3,0.157,5.26,0.0,74.3,,,,1997.262,2450545.1,0.255
12.061475,-9.44566667,J004814.7-092644,FITS,00 48 14.754,-09 26 44.40,0.877,1.06,1.16,0.156,7.12,0.0,62.7,,,,1997.166,2450510.0,0.701
8.695225,-9.44594722,J003446.8-092645,FITS,00 34 46.854,-09 26 45.41,0.337,1.01,0.68,0.146,0.0,0.0,71.1,,,,1997.165,2450509.8,1.346
334.27407083,-9.44595556,J221705.7-092645,FITS,22 17 05.777,-09 26 45.44,0.134,1.16,0.7,0.151,0.0,0.0,65.7,,g,,1997.259,2450544.0,5.568
338.98346667,-9.44626667,J223556.0-092646,FITS,22 35 56.032,-09 26 46.56,0.564,1.01,0.68,0.149,0.0,0.0,123.4,,,,1997.262,2450545.1,0.346
39.283975,-9.44645833,J023708.1-092647,FITS,02 37 08.154,-09 26 47.25,0.014,4.49,4.03,0.151,0.0,0.0,108.1,,,,1997.165,2450509.6,0.34
340.12034167,-9.44648333,J224028.8-092647,FITS,22 40 28.882,-09 26 47.34,0.709,1.04,0.76,0.141,2.11,0.0,65.2,,,,1997.264,2450545.9,2.822
348.41878333,-9.4465,J231340.5-092647,FITS,23 13 40.508,-09 26 47.40,0.558,1.07,0.46,0.144,0.0,0.0,91.5,,g,,1997.264,2450545.9,2.761
335.362525,-9.44687778,J222127.0-092648,FITS,22 21 27.006,-09 26 48.76,0.014,3.47,3.09,0.152,0.0,0.0,81.6,,,,1997.262,2450545.1,0.308
355.37367083,-9.44690833,J234129.6-092648,FITS,23 41 29.681,-09 26 48.87,0.287,1.16,1.01,0.152,3.09,0.0,6.8,,g,,1997.165,2450509.8,0.67
27.0674875,-9.44713889,J014816.1-092649,FITS,01 48 16.197,-09 26 49.70,0.014,2.36,3.38,0.15,6.68,0.0,91.7,,g,,1997.166,2450510.0,0.694
27.07462917,-9.44714722,J014817.9-092649,FITS,01 48 17.911,-09 26 49.73,0.014,3.34,4.29,0.151,4.12,1.37,78.9,,g,,1997.166,2450510.0,0.692
342.284625,-9.44726944,J224908.3-092650,FITS,22 49 08.310,-09 26 50.17,0.181,1.32,0.76,0.145,1.6,0.0,111.0,,g,,1997.264,2450545.8,2.631
17.77667917,-9.44759444,J011106.4-092651,FITS,01 11 06.403,-09 26 51.34,0.73,1.06,0.56,0.15,0.0,0.0,88.4,,,,1997.165,2450509.9,1.189
13.6872375,-9.44762222,J005444.9-092651,FITS,00 54 44.937,-09 26 51.44,0.324,1.24,0.68,0.16,0.0,0.0,113.3,,g,,1997.165,2450509.7,0.591
337.14259583,-9.44764722,J222834.2-092651,FITS,22 28 34.223,-09 26 51.53,0.014,4.55,4.11,0.19,0.0,0.0,94.0,,g,,1997.257,2450543.4,7.094
30.95197083,-9.44770278,J020348.4-092651,FITS,02 03 48.473,-09 26 51.73,0.014,2.82,7.47,0.158,11.11,3.82,78.6,,g,,1997.166,2450509.9,1.126
337.80474167,-9.44775,J223113.1-092651,FITS,22 31 13.138,-09 26 51.90,0.014,5.65,12.62,0.145,9.27,3.31,99.4,,,,1997.264,2450545.8,2.72
355.57532917,-9.44788333,J234218.0-092652,FITS,23 42 18.079,-09 26 52.38,0.797,1.0,0.57,0.146,1.28,0.0,93.8,,,,1997.166,2450509.9,0.689
342.74602917,-9.44801389,J225059.0-092652,FITS,22 50 59.047,-09 26 52.85,0.014,5.3,5.2,0.15,1.3,0.0,97.4,,g,,1997.262,2450545.1,0.344
8.13792083,-9.44811389,J003233.1-092653,FITS,00 32 33.101,-09 26 53.21,0.014,20.49,23.39,0.215,2.82,1.61,8.0,,,,1997.166,2450509.9,0.675
27.05652083,-9.44813611,J014813.5-092653,FITS,01 48 13.565,-09 26 53.29,0.793,1.09,0.92,0.149,1.62,0.0,105.5,,,,1997.166,2450510.1,0.692
31.49162083,-9.44852778,J020557.9-092654,FITS,02 05 57.989,-09 26 54.70,0.492,1.05,0.6,0.151,0.0,0.0,67.3,,,,1997.166,2450510.1,0.694
355.51225417,-9.44860833,J234202.9-092654,FITS,23 42 02.941,-09 26 54.99,0.424,1.17,0.8,0.144,0.0,0.0,84.0,,,,1997.166,2450510.0,0.693
350.07521667,-9.44861667,J232018.0-092655,FITS,23 20 18.052,-09 26 55.02,0.014,16.93,17.41,0.158,1.31,0.58,148.4,,s,,1997.255,2450542.6,9.411
20.4696875,-9.44863611,J012152.7-092655,FITS,01 21 52.725,-09 26 55.09,0.014,1.77,1.72,0.151,2.74,0.0,150.2,,g,,1997.165,2450509.9,1.189
12.70957083,-9.44873056,J005050.2-092655,FITS,00 50 50.297,-09 26 55.43,0.516,1.24,0.85,0.152,0.0,0.0,144.8,,g,,1997.166,2450510.0,0.691
353.15528333,-9.44882222,J233237.2-092655,FITS,23 32 37.268,-09 26 55.76,0.298,1.47,1.1,0.215,0.0,0.0,92.5,,,,1997.166,2450509.9,0.68
24.58365,-9.44888333,J013820.0-092655,FITS,01 38 20.076,-09 26 55.98,0.212,1.71,1.42,0.157,0.0,0.0,75.7,,g,,1997.165,2450509.8,0.625
334.724075,-9.44901111,J221853.7-092656,FITS,22 18 53.778,-09 26 56.44,0.014,7.24,7.2,0.152,1.47,0.0,97.4,,g,,1997.259,2450544.0,5.71
355.2415,-9.44904722,J234057.9-092656,FITS,23 40 57.960,-09 26 56.57,0.848,1.04,0.53,0.151,0.0,0.0,90.0,,,,1997.171,2450511.8,10.185
7.72287917,-9.44906944,J003053.4-092656,FITS,00 30 53.491,-09 26 56.65,0.504,1.1,0.44,0.154,0.0,0.0,88.6,,g,,1997.165,2450509.8,1.203
352.75489167,-9.44910556,J233101.1-092656,FITS,23 31 01.174,-09 26 56.78,0.06,1.29,1.44,0.156,3.62,0.0,135.3,,g,,1997.19,2450518.8,16.648
39.39705833,-9.44912778,J023735.2-092656,FITS,02 37 35.294,-09 26 56.86,0.816,1.04,1.12,0.148,5.55,0.0,12.3,,,,1997.164,2450509.5,0.201
352.15805,-9.44935833,J232837.9-092657,FITS,23 28 37.932,-09 26 57.69,0.134,1.26,0.56,0.146,0.0,0.0,89.5,,,,1997.177,2450514.0,13.482
19.09376667,-9.4494,J011622.5-092657,FITS,01 16 22.504,-09 26 57.84,0.477,1.03,0.53,0.143,0.0,0.0,76.1,,,,1997.165,2450509.8,1.435
30.07275417,-9.44953333,J020017.4-092658,FITS,02 00 17.461,-09 26 58.32,0.014,4.14,4.24,0.151,1.85,0.0,74.7,,g,,1997.166,2450510.1,0.683
349.60223333,-9.44967222,J231824.5-092658,FITS,23 18 24.536,-09 26 58.82,0.644,1.07,0.59,0.151,0.0,0.0,102.1,,,,1997.251,2450541.2,11.471
349.40644167,-9.44983611,J231737.5-092659,FITS,23 17 37.546,-09 26 59.41,0.014,25.57,26.09,0.15,1.18,0.3,150.9,,s,,1997.251,2450541.1,11.618
39.8139125,-9.44996944,J023915.3-092659,FITS,02 39 15.339,-09 26 59.89,0.809,1.09,0.56,0.151,0.0,0.0,103.4,,,,1997.166,2450510.1,0.681
35.1856,-9.45005278,J022044.5-092700,FITS,02 20 44.544,-09 27 00.19,0.489,1.0,0.36,0.148,0.0,0.0,90.1,,,,1997.166,2450510.1,0.682
30.92442917,-9.45006389,J020341.8-092700,FITS,02 03 41.863,-09 27 00.23,0.394,1.11,1.46,0.161,6.28,0.0,84.4,,,,1997.165,2450509.8,0.611
337.66493333,-9.45013611,J223039.5-092700,FITS,22 30 39.584,-09 27 00.49,0.014,5.25,4.46,0.163,0.0,0.0,89.5,,s,,1997.262,2450545.1,0.257
20.78350833,-9.45034167,J012308.0-092701,FITS,01 23 08.042,-09 27 01.23,0.528,1.13,0.94,0.152,1.88,0.0,96.2,,,,1997.165,2450509.9,1.195
4.295325,-9.45035833,J001710.8-092701,FITS,00 17 10.878,-09 27 01.29,0.016,1.5,1.22,0.154,2.7,0.0,62.8,,,,1997.165,2450509.9,1.157
349.0670625,-9.45047778,J231616.0-092701,FITS,23 16 16.095,-09 27 01.72,0.559,1.01,0.92,0.142,5.93,0.0,72.5,,,,1997.264,2450545.9,2.832
34.74195833,-9.45048333,J021858.0-092701,FITS,02 18 58.070,-09 27 01.74,0.014,1.59,0.82,0.169,0.0,0.0,91.9,,,,1997.166,2450510.0,1.264
349.87712917,-9.45063889,J231930.5-092702,FITS,23 19 30.511,-09 27 02.30,0.058,1.27,0.96,0.145,0.0,0.0,91.9,,,,1997.264,2450546.0,2.94
340.746425,-9.45070833,J224259.1-092702,FITS,22 42 59.142,-09 27 02.55,0.081,1.38,0.9,0.151,1.74,0.0,70.6,,,,1997.264,2450545.7,2.521
18.69204167,-9.45078611,J011446.0-092702,FITS,01 14 46.090,-09 27 02.83,0.014,3.29,4.3,0.143,3.86,2.71,3.2,,g,,1997.166,2450510.0,0.681
39.99931667,-9.45096667,J023959.8-092703,FITS,02 39 59.836,-09 27 03.48,0.793,1.08,0.49,0.157,0.0,0.0,90.2,,,,1997.165,2450509.7,0.416
7.050725,-9.45109167,J002812.1-092703,FITS,00 28 12.174,-09 27 03.93,0.101,1.8,1.08,0.146,0.0,0.0,125.9,,,,1997.165,2450509.8,1.406
345.11052917,-9.45114444,J230026.5-092704,FITS,23 00 26.527,-09 27 04.12,0.877,1.04,0.91,0.154,4.55,0.0,103.0,,,,1997.262,2450545.1,0.299
334.98987083,-9.45124167,J221957.5-092704,FITS,22 19 57.569,-09 27 04.47,0.014,3.49,3.65,0.149,2.36,0.0,87.9,,,,1997.258,2450543.6,6.542
6.95719583,-9.45144167,J002749.7-092705,FITS,00 27 49.727,-09 27 05.19,0.585,1.03,0.77,0.153,1.87,0.0,66.5,,s,,1997.165,2450509.9,1.174
6.8617,-9.45145278,J002726.8-092705,FITS,00 27 26.808,-09 27 05.23,0.477,1.08,0.48,0.151,0.0,0.0,88.2,,,,1997.166,2450509.9,0.665
3.4475375,-9.45159167,J001347.4-092705,FITS,00 13 47.409,-09 27 05.73,0.104,3.28,6.98,0.394,10.13,2.83,15.3,,,,1997.165,2450509.8,1.414
340.209275,-9.45165278,J224050.2-092705,FITS,22 40 50.226,-09 27 05.95,0.014,8.98,9.65,0.146,1.89,1.25,143.1,,s,,1997.264,2450545.9,2.772
10.6048,-9.45170278,J004225.1-092706,FITS,00 42 25.152,-09 27 06.13,0.014,2.51,2.93,0.223,5.06,0.0,73.3,,,,1997.166,2450510.0,0.667
32.22715833,-9.45189444,J020854.5-092706,FITS,02 08 54.518,-09 27 06.82,0.225,1.16,0.69,0.149,0.0,0.0,70.4,,g,,1997.166,2450510.1,0.677
8.0370125,-9.45190278,J003208.8-092706,FITS,00 32 08.883,-09 27 06.85,0.585,1.2,0.53,0.181,0.0,0.0,100.7,,g,,1997.165,2450509.9,1.198
352.79042917,-9.45195278,J233109.7-092707,FITS,23 31 09.703,-09 27 07.03,0.014,4.1,4.04,0.153,2.69,0.0,86.2,,g,,1997.183,2450516.5,15.442
349.51335833,-9.45195833,J231803.2-092707,FITS,23 18 03.206,-09 27 07.05,0.601,1.0,0.59,0.147,0.0,0.0,69.7,,,,1997.25,2450540.6,12.296
0.84315417,-9.45203333,J000322.3-092707,FITS,00 03 22.357,-09 27 07.32,0.209,1.02,0.91,0.15,5.07,0.0,85.1,,s,,1997.166,2450509.9,0.669
24.34484167,-9.452075,J013722.7-092707,FITS,01 37 22.762,-09 27 07.47,0.014,3.14,3.3,0.144,2.97,0.0,100.4,,,,1997.165,2450509.8,1.474
348.51358333,-9.45209167,J231403.2-092707,FITS,23 14 03.260,-09 27 07.53,0.668,1.05,0.58,0.15,0.0,0.0,67.4,,,,1997.262,2450545.2,5.162
33.52369167,-9.45215,J021405.6-092707,FITS,02 14 05.686,-09 27 07.74,0.014,2.95,2.6,0.155,2.47,0.0,58.3,,g,,1997.166,2450509.9,1.242
329.612225,-9.45226667,J215826.9-092708,FITS,21 58 26.934,-09 27 08.16,0.016,2.37,2.28,0.153,2.09,0.0,89.9,,,,1997.164,2450509.3,0.0
4.08318333,-9.45253889,J001619.9-092709,FITS,00 16 19.964,-09 27 09.14,0.014,1.53,1.03,0.143,0.0,0.0,102.7,,g,,1997.165,2450509.8,1.469
12.6553625,-9.45253889,J005037.2-092709,FITS,00 50 37.287,-09 27 09.14,0.37,1.2,0.88,0.159,0.0,0.0,59.3,,,,1997.166,2450510.0,0.667
334.9972,-9.45255556,J221959.3-092709,FITS,22 19 59.328,-09 27 09.20,0.014,2.42,2.88,0.15,3.7,0.0,128.1,,s,,1997.258,2450543.7,6.52
16.9125375,-9.45256389,J010739.0-092709,FITS,01 07 39.009,-09 27 09.23,0.177,1.23,0.8,0.145,0.0,0.0,95.4,,,,1997.165,2450509.8,1.472
340.89020833,-9.45293889,J224333.6-092710,FITS,22 43 33.650,-09 27 10.58,0.139,1.08,0.91,0.142,4.71,0.0,87.9,,g,,1997.264,2450546.0,2.991
32.99474167,-9.45305833,J021158.7-092711,FITS,02 11 58.738,-09 27 11.01,0.095,1.06,2.15,0.15,11.15,0.0,132.7,,g,,1997.166,2450510.1,0.672
355.55782917,-9.45306389,J234213.8-092711,FITS,23 42 13.879,-09 27 11.03,0.528,1.22,0.86,0.144,3.83,0.0,113.2,,s,,1997.166,2450510.0,0.671
18.6158375,-9.45308333,J011427.8-092711,FITS,01 14 27.801,-09 27 11.10,0.014,8.14,8.32,0.15,1.34,0.0,144.6,,g,,1997.166,2450509.9,0.648
1.20851667,-9.45310556,J000450.0-092711,FITS,00 04 50.044,-09 27 11.18,0.258,1.04,0.75,0.149,3.6,0.0,114.2,,s,,1997.165,2450509.8,1.415
335.821775,-9.45334444,J222317.2-092712,FITS,22 23 17.226,-09 27 12.04,0.272,1.33,1.67,0.158,6.88,0.0,82.9,,g,,1997.262,2450545.1,0.237
336.5679125,-9.45342778,J222616.2-092712,FITS,22 26 16.299,-09 27 12.34,0.014,5.3,5.08,0.156,1.29,0.0,77.5,,,,1997.262,2450545.1,0.232
13.768175,-9.45350278,J005504.3-092712,FITS,00 55 04.362,-09 27 12.61,0.221,1.36,2.94,0.153,7.98,4.84,153.6,,,,1997.165,2450509.9,1.368
18.69132917,-9.45357222,J011445.9-092712,FITS,01 14 45.919,-09 27 12.86,0.014,2.78,4.85,0.143,7.36,2.15,56.6,,g,,1997.166,2450510.1,0.669
26.98783333,-9.45357778,J014757.0-092712,FITS,01 47 57.080,-09 27 12.88,0.612,1.12,1.78,0.148,5.98,2.19,94.9,,g,,1997.166,2450510.1,0.67
33.1451375,-9.45363333,J021234.8-092713,FITS,02 12 34.833,-09 27 13.08,0.014,1.8,1.16,0.158,0.0,0.0,174.7,,,,1997.166,2450509.9,0.637
338.00034167,-9.45364167,J223200.0-092713,FITS,22 32 00.082,-09 27 13.11,0.377,1.12,0.46,0.15,0.0,0.0,93.9,,,,1997.264,2450545.8,2.615
32.2105,-9.453675,J020850.5-092713,FITS,02 08 50.520,-09 27 13.23,0.014,1.49,1.35,0.149,4.02,0.0,96.7,,,,1997.166,2450510.1,0.669
38.93110833,-9.453675,J023543.4-092713,FITS,02 35 43.466,-09 27 13.23,0.645,1.09,0.49,0.155,0.0,0.0,86.9,,,,1997.166,2450510.1,0.666
27.0235,-9.45383333,J014805.6-092713,FITS,01 48 05.640,-09 27 13.80,0.014,13.29,13.47,0.148,1.37,0.0,168.5,,,,1997.166,2450510.1,0.669
34.43932083,-9.45386944,J021745.4-092713,FITS,02 17 45.437,-09 27 13.93,0.799,1.26,1.76,0.192,5.5,0.93,48.7,,,,1997.166,2450510.1,0.667
25.970425,-9.45413333,J014352.9-092714,FITS,01 43 52.902,-09 27 14.88,0.383,1.07,0.55,0.151,0.0,0.0,74.1,,,,1997.166,2450509.9,1.404
338.59215833,-9.45418611,J223422.1-092715,FITS,22 34 22.118,-09 27 15.07,0.014,18.12,22.69,0.144,4.16,0.0,69.1,,,,1997.264,2450546.0,2.996
359.81065833,-9.45440833,J235914.5-092715,FITS,23 59 14.558,-09 27 15.87,0.336,1.06,0.5,0.153,0.0,0.0,69.2,,,,1997.167,2450510.5,5.959
4.96541667,-9.45457778,J001951.7-092716,FITS,00 19 51.700,-09 27 16.48,0.014,2.06,1.71,0.175,2.97,0.0,54.5,,g,,1997.165,2450509.8,1.42
330.3804375,-9.45472222,J220131.3-092717,FITS,22 01 31.305,-09 27 17.00,0.299,1.07,0.57,0.152,0.0,0.0,89.5,,s,,1997.164,2450509.3,0.177
330.105925,-9.45494722,J220025.4-092717,FITS,22 00 25.422,-09 27 17.81,0.136,1.91,3.06,0.152,9.31,0.0,174.2,,g,,1997.166,2450509.9,0.66
5.89305,-9.45504722,J002334.3-092718,FITS,00 23 34.332,-09 27 18.17,0.014,13.59,14.67,0.154,2.54,0.0,71.4,,,,1997.166,2450509.9,0.655
0.61127917,-9.45526667,J000226.7-092718,FITS,00 02 26.707,-09 27 18.96,0.014,1.63,1.54,0.155,3.13,0.0,93.8,,,,1997.165,2450509.9,0.64
350.24202917,-9.45545278,J232058.0-092719,FITS,23 20 58.087,-09 27 19.63,0.072,1.26,1.09,0.148,3.79,0.0,79.8,,,,1997.25,2450540.8,11.998
356.16145833,-9.45576667,J234438.7-092720,FITS,23 44 38.750,-09 27 20.76,0.573,1.08,0.42,0.15,0.0,0.0,89.6,,,,1997.166,2450510.0,0.657
23.25200417,-9.45583611,J013300.4-092721,FITS,01 33 00.481,-09 27 21.01,0.014,6.27,5.92,0.156,1.07,0.0,80.6,,g,,1997.166,2450510.1,0.659
338.75515417,-9.45585556,J223501.2-092721,FITS,22 35 01.237,-09 27 21.08,0.501,1.03,0.49,0.153,0.0,0.0,102.9,,,,1997.264,2450545.8,2.639
34.41429167,-9.456275,J021739.4-092722,FITS,02 17 39.430,-09 27 22.59,0.014,3.72,3.83,0.192,1.95,0.0,106.7,,,,1997.166,2450510.1,0.655
19.32569167,-9.45640833,J011718.1-092723,FITS,01 17 18.166,-09 27 23.07,0.014,2.71,3.24,0.155,3.83,0.0,92.0,,g,,1997.165,2450509.8,0.604
9.29404583,-9.45657222,J003710.5-092723,FITS,00 37 10.571,-09 27 23.66,0.07,1.22,1.45,0.149,4.52,0.0,9.5,,g,,1997.165,2450509.9,1.465
345.357075,-9.45683889,J230125.6-092724,FITS,23 01 25.698,-09 27 24.62,0.741,1.0,0.83,0.143,3.62,0.0,97.9,,,,1997.265,2450546.0,3.098
341.5426375,-9.45708611,J224610.2-092725,FITS,22 46 10.233,-09 27 25.51,0.481,1.1,0.89,0.146,2.23,0.0,60.7,,s,,1997.264,2450545.9,2.927
23.14216667,-9.45710278,J013234.1-092725,FITS,01 32 34.120,-09 27 25.57,0.798,1.11,0.83,0.155,4.51,0.0,62.6,,g,,1997.166,2450510.0,0.648
344.47092917,-9.45712778,J225753.0-092725,FITS,22 57 53.023,-09 27 25.66,0.014,4.94,4.88,0.248,1.07,0.0,107.1,,,,1997.264,2450545.7,2.462
351.85998333,-9.45730278,J232726.3-092726,FITS,23 27 26.396,-09 27 26.29,0.014,1.85,1.56,0.152,3.31,0.0,120.1,,g,,1997.232,2450534.2,16.697
349.076075,-9.45736667,J231618.2-092726,FITS,23 16 18.258,-09 27 26.52,0.485,1.0,0.4,0.142,0.0,0.0,89.9,,,,1997.265,2450546.0,3.048
351.75115417,-9.45739722,J232700.2-092726,FITS,23 27 00.277,-09 27 26.63,0.014,2.19,1.69,0.146,1.35,0.0,99.2,,,,1997.247,2450539.7,13.138
353.88979167,-9.4574,J233533.5-092726,FITS,23 35 33.550,-09 27 26.64,0.014,7.6,7.25,0.22,0.26,0.0,99.2,,,,1997.166,2450509.9,0.647
31.37205417,-9.45751944,J020529.2-092727,FITS,02 05 29.293,-09 27 27.07,0.014,36.56,37.31,0.157,1.36,0.0,163.4,,,,1997.166,2450510.0,0.64
343.5108875,-9.45757778,J225402.6-092727,FITS,22 54 02.613,-09 27 27.28,0.016,1.98,1.91,0.147,2.78,0.0,79.0,,g,,1997.262,2450545.1,0.319
6.0788625,-9.45766111,J002418.9-092727,FITS,00 24 18.927,-09 27 27.58,0.014,1.17,0.75,0.151,0.0,0.0,95.3,,,,1997.166,2450510.0,0.651
15.00688333,-9.45788333,J010001.6-092728,FITS,01 00 01.652,-09 27 28.38,0.014,26.11,26.71,0.149,1.25,0.47,172.0,,s,,1997.166,2450510.1,0.649
350.34633333,-9.45796389,J232123.1-092728,FITS,23 21 23.120,-09 27 28.67,0.014,3.98,4.12,0.151,1.15,1.02,130.0,,,,1997.253,2450541.7,10.857
355.88851667,-9.45809167,J234333.2-092729,FITS,23 43 33.244,-09 27 29.13,0.014,2.3,2.05,0.146,2.69,0.0,115.5,,,,1997.174,2450512.9,12.561
351.74935417,-9.45813889,J232659.8-092729,FITS,23 26 59.845,-09 27 29.30,0.014,2.47,1.79,0.144,0.0,0.0,100.5,,,,1997.249,2450540.4,12.453
335.18885,-9.45831667,J222045.3-092729,FITS,22 20 45.324,-09 27 29.94,0.014,40.45,43.02,0.146,2.16,0.67,1.1,,,,1997.262,2450545.1,0.305
336.6760625,-9.45833333,J222642.2-092730,FITS,22 26 42.255,-09 27 30.00,0.098,1.2,1.82,0.147,8.82,0.0,119.9,,,,1997.262,2450545.1,0.301
329.82540417,-9.45868056,J215918.0-092731,FITS,21 59 18.097,-09 27 31.25,0.214,1.25,1.49,0.158,6.95,0.0,112.0,,,,1997.165,2450509.7,0.605
19.81495417,-9.45875556,J011915.5-092731,FITS,01 19 15.589,-09 27 31.52,0.014,1.28,9.77,0.146,27.31,7.02,108.4,,,,1997.166,2450509.9,1.53
346.563325,-9.45898333,J230615.1-092732,FITS,23 06 15.198,-09 27 32.34,0.434,1.03,0.61,0.147,0.0,0.0,79.8,,g,,1997.262,2450545.1,0.303
38.78750833,-9.45902222,J023509.0-092732,FITS,02 35 09.002,-09 27 32.48,0.014,5.97,5.45,0.18,0.0,0.0,105.1,,s,,1997.683,2450698.7,893.065
2.63407083,-9.45919167,J001032.1-092733,FITS,00 10 32.177,-09 27 33.09,0.497,1.01,0.53,0.147,0.0,0.0,87.8,,,,1997.165,2450509.8,1.589
29.90275833,-9.45925833,J015936.6-092733,FITS,01 59 36.662,-09 27 33.33,0.014,1.9,1.97,0.152,4.33,0.0,74.1,,g,,1997.166,2450510.1,0.643
337.42700833,-9.45937222,J222942.4-092733,FITS,22 29 42.482,-09 27 33.74,0.014,49.47,55.24,0.158,2.62,1.2,141.9,,s,,1997.262,2450545.1,0.298
7.5846125,-9.459375,J003020.3-092733,FITS,00 30 20.307,-09 27 33.75,0.512,1.09,0.52,0.149,0.0,0.0,86.8,,g,,1997.166,2450510.0,0.644
339.77024167,-9.45943056,J223904.8-092733,FITS,22 39 04.858,-09 27 33.95,0.177,1.26,0.76,0.146,0.0,0.0,90.7,,g,,1997.262,2450545.1,0.313
19.81934167,-9.45961389,J011916.6-092734,FITS,01 19 16.642,-09 27 34.61,0.014,11.49,41.06,0.146,13.73,5.42,100.4,,g,,1997.166,2450509.9,1.548
355.1292375,-9.45965,J234031.0-092734,FITS,23 40 31.017,-09 27 34.74,0.769,1.06,0.73,0.147,2.91,0.0,117.3,,,,1997.174,2450513.1,12.786
356.574925,-9.459675,J234617.9-092734,FITS,23 46 17.982,-09 27 34.83,0.014,1.33,1.4,0.146,4.8,0.0,63.4,,g,,1997.174,2450512.9,12.436
344.38442083,-9.45973611,J225732.2-092735,FITS,22 57 32.261,-09 27 35.05,0.014,5.2,4.77,0.208,0.0,0.0,86.0,,,,1997.262,2450545.1,0.264
14.6029875,-9.45975278,J005824.7-092735,FITS,00 58 24.717,-09 27 35.11,0.586,1.02,0.38,0.144,0.0,0.0,88.7,,,,1997.165,2450509.9,1.586
352.89019167,-9.45996111,J233133.6-092735,FITS,23 31 33.646,-09 27 35.86,0.014,8.49,9.21,0.152,2.87,0.0,107.3,,g,,1997.174,2450513.1,12.767
347.18430417,-9.46002222,J230844.2-092736,FITS,23 08 44.233,-09 27 36.08,0.014,2.2,2.2,0.148,2.7,0.0,161.9,,g,,1997.262,2450545.1,0.3
5.10028333,-9.46016667,J002024.0-092736,FITS,00 20 24.068,-09 27 36.60,0.181,1.1,1.1,0.157,3.14,0.0,8.0,,,,1997.165,2450509.9,0.621
335.592375,-9.46029167,J222222.1-092737,FITS,22 22 22.170,-09 27 37.05,0.272,1.19,1.13,0.145,4.52,0.0,86.6,,,,1997.256,2450542.9,7.92
356.57210833,-9.46034444,J234617.3-092737,FITS,23 46 17.306,-09 27 37.24,0.014,3.35,4.1,0.147,4.16,0.0,108.4,,,,1997.174,2450512.9,12.48
6.90754583,-9.46043056,J002737.8-092737,FITS,00 27 37.811,-09 27 37.55,0.072,1.24,1.11,0.155,5.25,0.0,73.0,,,,1997.165,2450509.9,0.615
337.42997083,-9.46049444,J222943.1-092737,FITS,22 29 43.193,-09 27 37.78,0.014,2.68,2.35,0.158,0.0,0.0,64.3,,s,,1997.262,2450545.1,0.297
14.95530417,-9.46051667,J005949.2-092737,FITS,00 59 49.273,-09 27 37.86,0.51,1.02,0.64,0.148,0.0,0.0,71.0,,,,1997.166,2450510.1,0.639
356.18609583,-9.46058333,J234444.6-092738,FITS,23 44 44.663,-09 27 38.10,0.525,1.0,0.59,0.147,0.0,0.0,88.0,,g,,1997.166,2450510.0,0.64
31.12092917,-9.46061667,J020429.0-092738,FITS,02 04 29.023,-09 27 38.22,0.014,1.9,3.86,0.148,7.11,4.74,134.4,,,,1997.166,2450509.9,1.612
23.07589583,-9.460625,J013218.2-092738,FITS,01 32 18.215,-09 27 38.25,0.049,1.98,1.8,0.158,3.47,0.0,101.3,,,,1997.166,2450510.0,1.113
14.27332917,-9.46084167,J005705.5-092739,FITS,00 57 05.599,-09 27 39.03,0.247,1.17,0.78,0.147,0.0,0.0,72.0,,,,1997.166,2450510.1,0.636
353.8945,-9.46090556,J233534.6-092739,FITS,23 35 34.680,-09 27 39.26,0.014,12.12,12.31,0.214,1.08,0.0,117.1,,s,,1997.166,2450509.9,0.636
28.3949375,-9.46091667,J015334.7-092739,FITS,01 53 34.785,-09 27 39.30,0.014,1.53,0.99,0.152,0.0,0.0,96.0,,g,,1997.166,2450510.1,0.636
31.9479875,-9.46096667,J020747.5-092739,FITS,02 07 47.517,-09 27 39.48,0.612,1.03,0.51,0.149,0.0,0.0,70.9,,s,,1997.166,2450510.0,1.536
335.90609167,-9.46101111,J222337.4-092739,FITS,22 23 37.462,-09 27 39.64,0.014,36.41,41.32,0.15,2.88,0.45,78.1,,,,1997.262,2450545.1,0.286
337.81659583,-9.46102778,J223115.9-092739,FITS,22 31 15.983,-09 27 39.70,0.255,1.04,0.79,0.145,2.32,0.0,63.8,,,,1997.265,2450546.0,3.124
350.649975,-9.46128333,J232235.9-092740,FITS,23 22 35.994,-09 27 40.62,0.285,1.0,1.47,0.145,8.42,0.0,70.8,,g,,1997.265,2450546.1,3.214
35.10445833,-9.46157778,J022025.0-092741,FITS,02 20 25.070,-09 27 41.68,0.014,5.25,4.62,0.155,0.0,0.0,90.8,,s,,1997.166,2450510.0,0.62
20.178525,-9.46163333,J012042.8-092741,FITS,01 20 42.846,-09 27 41.88,0.21,1.04,1.96,0.142,10.65,0.0,71.6,,,,1997.166,2450510.1,0.635
341.99895833,-9.46172222,J224759.7-092742,FITS,22 47 59.750,-09 27 42.20,0.641,1.0,0.71,0.146,4.04,0.0,71.6,,,,1997.262,2450545.1,0.31
335.9597,-9.46179444,J222350.3-092742,FITS,22 23 50.328,-09 27 42.46,0.22,1.07,0.93,0.147,4.84,0.0,67.3,,g,,1997.262,2450545.1,0.303
357.50095417,-9.46210278,J235000.2-092743,FITS,23 50 00.229,-09 27 43.57,0.242,1.08,0.91,0.155,4.28,0.0,96.4,,s,,1997.172,2450512.4,11.281
34.09710833,-9.46221944,J021623.3-092743,FITS,02 16 23.306,-09 27 43.99,0.014,6.04,5.56,0.145,0.0,0.0,100.3,,,,1997.166,2450510.0,1.616
348.2651,-9.46226111,J231303.6-092744,FITS,23 13 03.624,-09 27 44.14,0.709,1.02,0.6,0.151,0.0,0.0,76.8,,g,,1997.264,2450546.0,2.932
29.230475,-9.46236389,J015655.3-092744,FITS,01 56 55.314,-09 27 44.51,0.014,1.94,2.0,0.147,2.53,0.0,158.3,,,,1997.166,2450510.2,0.629
329.62674583,-9.46249444,J215830.4-092744,FITS,21 58 30.419,-09 27 44.98,0.06,1.14,0.87,0.153,3.46,0.0,85.9,,,,1997.164,2450509.3,0.178
9.1058,-9.46254167,J003625.3-092745,FITS,00 36 25.392,-09 27 45.15,0.014,2.1,1.38,0.154,0.0,0.0,70.9,,,,1997.166,2450510.0,0.63
29.36530417,-9.46272778,J015727.6-092745,FITS,01 57 27.673,-09 27 45.82,0.014,7.61,17.69,0.154,12.96,0.0,45.9,,g,,1997.166,2450510.0,0.628
342.53673333,-9.46276944,J225008.8-092745,FITS,22 50 08.816,-09 27 45.97,0.014,3.14,2.71,0.153,0.0,0.0,95.9,,g,,1997.264,2450545.7,2.525
19.23834167,-9.46281667,J011657.2-092746,FITS,01 16 57.202,-09 27 46.14,0.496,1.04,1.29,0.15,6.64,0.0,72.5,,,,1997.166,2450510.0,1.465
341.27211667,-9.46311389,J224505.3-092747,FITS,22 45 05.308,-09 27 47.21,0.014,2.24,1.78,0.145,0.0,0.0,105.2,,,,1997.262,2450545.1,0.303
344.29691667,-9.46315278,J225711.2-092747,FITS,22 57 11.260,-09 27 47.35,0.396,1.22,0.6,0.172,0.0,0.0,89.8,,,,1997.262,2450545.1,0.298
340.10026667,-9.46329722,J224024.0-092747,FITS,22 40 24.064,-09 27 47.87,0.014,2.08,2.13,0.143,4.34,0.0,43.6,,g,,1997.265,2450546.1,3.272
352.03429583,-9.46360278,J232808.2-092748,FITS,23 28 08.231,-09 27 48.97,0.136,1.27,0.66,0.151,0.0,0.0,75.2,,,,1997.188,2450518.0,16.633
23.05387083,-9.46360833,J013212.9-092748,FITS,01 32 12.929,-09 27 48.99,0.272,1.69,2.17,0.158,7.38,0.0,62.2,,g,,1997.166,2450510.0,1.234
31.0928125,-9.46361389,J020422.2-092749,FITS,02 04 22.275,-09 27 49.01,0.214,1.08,2.47,0.149,10.29,2.42,100.7,,,,1997.166,2450510.0,1.633
352.07665417,-9.46390833,J232818.3-092750,FITS,23 28 18.397,-09 27 50.07,0.421,1.08,0.79,0.148,4.56,0.0,68.2,,,,1997.182,2450515.8,15.37
340.20830833,-9.46425,J224049.9-092751,FITS,22 40 49.994,-09 27 51.30,0.014,8.77,16.4,0.147,7.81,2.94,46.3,,,,1997.265,2450546.1,3.121
27.05844167,-9.46454722,J014814.0-092752,FITS,01 48 14.026,-09 27 52.37,0.455,1.26,0.89,0.147,2.72,0.0,56.6,,,,1997.166,2450510.1,0.622
40.80801667,-9.46488889,J024313.9-092753,FITS,02 43 13.924,-09 27 53.60,0.076,1.22,1.95,0.165,10.42,0.0,68.3,,,,1997.164,2450509.5,0.0
355.542225,-9.46498889,J234210.1-092753,FITS,23 42 10.134,-09 27 53.96,0.732,1.02,0.57,0.141,0.0,0.0,148.7,,,,1997.166,2450510.1,0.619
19.13946667,-9.46505278,J011633.4-092754,FITS,01 16 33.472,-09 27 54.19,0.014,1.47,1.55,0.145,4.6,0.0,109.5,,g,,1997.166,2450509.9,1.668
18.6659375,-9.46505833,J011439.8-092754,FITS,01 14 39.825,-09 27 54.21,0.014,1.19,1.94,0.143,6.99,1.25,62.1,,g,,1997.166,2450510.1,0.622
29.2691375,-9.46540833,J015704.5-092755,FITS,01 57 04.593,-09 27 55.47,0.014,2.9,2.18,0.147,0.0,0.0,90.0,,g,,1997.166,2450510.2,0.615
8.06109583,-9.46559722,J003214.6-092756,FITS,00 32 14.663,-09 27 56.15,0.351,1.36,0.66,0.184,0.0,0.0,92.6,,g,,1997.166,2450510.0,1.217
350.0822625,-9.46574722,J232019.7-092756,FITS,23 20 19.743,-09 27 56.69,0.492,1.09,0.56,0.156,0.0,0.0,90.3,,,,1997.258,2450543.6,8.636
351.08816667,-9.46580833,J232421.1-092756,FITS,23 24 21.160,-09 27 56.91,0.301,1.16,0.69,0.141,0.0,0.0,48.3,,,,1997.246,2450539.4,13.363
6.76139167,-9.46592222,J002702.7-092757,FITS,00 27 02.734,-09 27 57.32,0.014,4.04,6.58,0.143,6.28,3.13,20.6,,,,1997.166,2450510.1,0.611
332.18070417,-9.46599722,J220843.3-092757,FITS,22 08 43.369,-09 27 57.59,0.195,1.5,1.24,0.221,1.94,0.0,75.8,,g,,1997.17,2450511.6,7.066
19.7290125,-9.46623056,J011854.9-092758,FITS,01 18 54.963,-09 27 58.43,0.134,1.17,3.5,0.155,9.06,7.41,115.4,,,,1997.166,2450510.1,1.392
15.64222083,-9.46637778,J010234.1-092758,FITS,01 02 34.133,-09 27 58.96,0.434,1.05,1.25,0.149,6.87,0.0,113.9,,g,,1997.166,2450510.0,0.615
352.3732875,-9.46638056,J232929.5-092758,FITS,23 29 29.589,-09 27 58.97,0.43,1.04,0.72,0.154,3.29,0.0,105.0,,,,1997.23,2450533.6,16.924
328.812575,-9.466575,J215515.0-092759,FITS,21 55 15.018,-09 27 59.67,0.136,1.35,0.99,0.163,0.0,0.0,90.1,,,,1997.164,2450509.3,0.0
27.02691667,-9.46668333,J014806.4-092800,FITS,01 48 06.460,-09 28 00.06,0.014,189.84,204.24,0.146,1.88,1.34,151.3,,,,1997.166,2450510.2,0.61
344.96010833,-9.46670278,J225950.4-092800,FITS,22 59 50.426,-09 28 00.13,0.809,1.06,0.63,0.158,0.0,0.0,83.8,,s,,1997.262,2450545.1,0.291
355.66484167,-9.46690833,J234239.5-092800,FITS,23 42 39.562,-09 28 00.87,0.849,1.11,0.75,0.152,0.0,0.0,168.8,,,,1997.169,2450511.3,8.142
31.03362917,-9.466925,J020408.0-092800,FITS,02 04 08.071,-09 28 00.93,0.014,31.98,33.89,0.153,1.55,1.32,152.0,,,,1997.166,2450510.0,1.577
337.9603375,-9.467025,J223150.4-092801,FITS,22 31 50.481,-09 28 01.29,0.014,1.79,1.67,0.147,1.17,0.0,26.1,,g,,1997.265,2450546.1,3.19
6.573675,-9.46705278,J002617.6-092801,FITS,00 26 17.682,-09 28 01.39,0.014,4.47,3.78,0.154,0.0,0.0,85.3,,,,1997.166,2450510.0,1.167
15.42948333,-9.46711667,J010143.0-092801,FITS,01 01 43.076,-09 28 01.62,0.361,1.01,0.47,0.146,0.0,0.0,91.4,,g,,1997.166,2450510.0,1.651
0.4899,-9.46716667,J000157.5-092801,FITS,00 01 57.576,-09 28 01.80,0.016,1.28,0.92,0.155,0.0,0.0,60.4,,g,,1997.166,2450510.0,1.515
358.82125,-9.46726389,J235517.1-092802,FITS,23 55 17.100,-09 28 02.15,0.638,1.05,0.77,0.149,4.03,0.0,108.0,,,,1997.175,2450513.4,13.258
31.02689167,-9.46736944,J020406.4-092802,FITS,02 04 06.454,-09 28 02.53,0.014,2.15,8.63,0.154,13.0,7.88,22.7,,,,1997.166,2450510.0,1.566
37.8794125,-9.46753889,J023131.0-092803,FITS,02 31 31.059,-09 28 03.14,0.492,1.07,0.43,0.145,0.0,0.0,93.6,,s,,1997.166,2450510.0,1.689
39.38949167,-9.46775833,J023733.4-092803,FITS,02 37 33.478,-09 28 03.93,0.014,19.15,21.43,0.153,3.19,0.04,10.2,,,,1997.164,2450509.5,0.205
31.030875,-9.46776389,J020407.4-092803,FITS,02 04 07.410,-09 28 03.95,0.014,5.0,24.64,0.153,17.84,6.6,72.0,,g,,1997.166,2450510.0,1.581
355.02061667,-9.46790833,J234004.9-092804,FITS,23 40 04.948,-09 28 04.47,0.014,3.64,4.18,0.152,4.21,0.0,134.8,,g,,1997.174,2450513.0,12.444
15.07548333,-9.46801111,J010018.1-092804,FITS,01 00 18.116,-09 28 04.84,0.014,4.46,4.92,0.149,2.24,1.21,76.7,,,,1997.166,2450510.1,0.609
340.86684167,-9.46802222,J224328.0-092804,FITS,22 43 28.042,-09 28 04.88,0.171,1.02,1.52,0.144,8.38,0.0,107.4,,g,,1997.265,2450546.3,3.436
5.45879167,-9.46813333,J002150.1-092805,FITS,00 21 50.110,-09 28 05.28,0.014,1.74,1.3,0.156,0.0,0.0,92.1,,g,,1997.166,2450510.0,1.332
23.2628125,-9.46856667,J013303.0-092806,FITS,01 33 03.075,-09 28 06.84,0.207,1.2,1.06,0.154,1.22,0.0,89.7,,g,,1997.166,2450510.2,0.599
345.73565833,-9.46856667,J230256.5-092806,FITS,23 02 56.558,-09 28 06.84,0.585,1.02,1.15,0.147,5.62,0.0,85.8,,s,,1997.262,2450545.1,0.297
24.28038333,-9.46868056,J013707.2-092807,FITS,01 37 07.292,-09 28 07.25,0.014,2.02,1.81,0.151,2.59,0.0,87.9,,,,1997.166,2450510.0,1.592
330.51276667,-9.46882778,J220203.0-092807,FITS,22 02 03.064,-09 28 07.78,0.383,1.13,0.53,0.161,0.0,0.0,89.0,,,,1997.165,2450509.6,0.461
38.32375417,-9.468975,J023317.7-092808,FITS,02 33 17.701,-09 28 08.31,0.014,3.19,2.81,0.158,1.37,0.0,64.7,,,,1997.166,2450510.2,0.604
15.74780833,-9.46900278,J010259.4-092808,FITS,01 02 59.474,-09 28 08.41,0.014,3.62,3.56,0.144,2.4,0.0,57.5,,g,,1997.166,2450510.2,0.594
26.99513333,-9.46910833,J014758.8-092808,FITS,01 47 58.832,-09 28 08.79,0.455,1.22,0.92,0.146,4.04,0.0,56.1,,s,,1997.166,2450510.2,0.596
33.43028333,-9.46926944,J021343.2-092809,FITS,02 13 43.268,-09 28 09.37,0.374,1.11,0.54,0.149,0.0,0.0,82.6,,s,,1997.166,2450510.1,1.68
330.64828333,-9.46926944,J220235.5-092809,FITS,22 02 35.588,-09 28 09.37,0.06,1.11,1.16,0.15,5.27,0.0,98.1,,s,,1997.166,2450510.0,0.612
333.8737,-9.46928056,J221529.6-092809,FITS,22 15 29.688,-09 28 09.41,0.014,6.9,6.77,0.122,0.9,0.0,150.8,,s,,1997.229,2450533.0,16.545
13.55911667,-9.4693,J005414.1-092809,FITS,00 54 14.188,-09 28 09.48,0.864,1.05,5.45,0.148,16.53,8.04,97.8,,g,,1997.166,2450510.1,0.602
9.30064167,-9.46941111,J003712.1-092809,FITS,00 37 12.154,-09 28 09.88,0.014,1.73,0.91,0.15,0.0,0.0,77.1,,,,1997.166,2450510.0,1.649
358.3129125,-9.46960833,J235315.0-092810,FITS,23 53 15.099,-09 28 10.59,0.014,51.23,53.28,0.156,1.33,1.04,177.6,,g,,1997.171,2450511.7,9.474
13.49442917,-9.46966944,J005358.6-092810,FITS,00 53 58.663,-09 28 10.81,0.214,1.39,3.5,0.147,15.0,0.0,100.4,,,,1997.166,2450510.2,0.593
4.61821667,-9.46979167,J001828.3-092811,FITS,00 18 28.372,-09 28 11.25,0.014,7.08,7.02,0.152,0.94,0.0,126.7,,,,1997.166,2450510.0,0.606
351.24782917,-9.47000556,J232459.4-092812,FITS,23 24 59.479,-09 28 12.02,0.014,4.59,4.22,0.119,0.0,0.0,153.7,,,,1997.231,2450533.8,17.853
12.61747083,-9.470025,J005028.1-092812,FITS,00 50 28.193,-09 28 12.09,0.014,30.12,30.21,0.164,0.54,0.0,79.0,,,,1997.166,2450510.0,0.605
31.00499583,-9.47013056,J020401.1-092812,FITS,02 04 01.199,-09 28 12.47,0.016,1.88,13.81,0.157,19.61,10.71,92.6,,g,,1997.166,2450510.1,1.535
22.87829167,-9.47017778,J013130.7-092812,FITS,01 31 30.790,-09 28 12.64,0.272,1.17,1.2,0.147,5.76,0.0,119.8,,,,1997.166,2450510.0,1.728
351.43007083,-9.47018333,J232543.2-092812,FITS,23 25 43.217,-09 28 12.66,0.014,1.35,1.55,0.105,5.25,0.0,57.6,,g,,1997.225,2450531.5,18.842
2.43769583,-9.47020833,J000945.0-092812,FITS,00 09 45.047,-09 28 12.75,0.03,1.32,0.83,0.155,0.0,0.0,96.5,,s,,1997.166,2450510.0,1.247
23.64945,-9.47050833,J013435.8-092813,FITS,01 34 35.868,-09 28 13.83,0.555,1.7,1.47,0.244,0.0,0.0,119.6,,,,1997.166,2450510.0,1.739
14.97210833,-9.47055278,J005953.3-092813,FITS,00 59 53.306,-09 28 13.99,0.014,1.96,1.73,0.147,1.05,0.0,78.5,,,,1997.166,2450510.1,0.592
24.32396667,-9.47056944,J013717.7-092814,FITS,01 37 17.752,-09 28 14.05,0.014,5.11,4.44,0.147,1.33,0.0,86.5,,g,,1997.166,2450510.0,1.707
26.467875,-9.4706,J014552.2-092814,FITS,01 45 52.290,-09 28 14.16,0.427,1.08,0.49,0.158,0.0,0.0,80.1,,g,,1997.166,2450510.1,1.388
9.30215833,-9.47066389,J003712.5-092814,FITS,00 37 12.518,-09 28 14.39,0.014,1.78,1.22,0.15,0.0,0.0,121.9,,g,,1997.166,2450510.0,1.669
341.68466667,-9.47070278,J224644.3-092814,FITS,22 46 44.320,-09 28 14.53,0.014,1.89,1.44,0.146,0.0,0.0,90.0,,s,,1997.265,2450546.2,3.396
16.55138333,-9.47098889,J010612.3-092815,FITS,01 06 12.332,-09 28 15.56,0.014,1.5,1.84,0.146,5.95,0.0,91.7,,,,1997.166,2450510.1,0.592
31.00407917,-9.47107222,J020400.9-092815,FITS,02 04 00.979,-09 28 15.86,0.014,6.25,5.99,0.157,0.64,0.0,113.1,,g,,1997.166,2450510.1,1.543
352.42897917,-9.47111944,J232942.9-092816,FITS,23 29 42.955,-09 28 16.03,0.014,13.86,13.98,0.146,0.96,0.0,95.5,,,,1997.243,2450538.3,14.314
29.66849583,-9.47131389,J015840.4-092816,FITS,01 58 40.439,-09 28 16.73,0.517,1.0,0.47,0.15,0.0,0.0,109.2,,g,,1997.166,2450510.1,1.728
13.465625,-9.47134722,J005351.7-092816,FITS,00 53 51.750,-09 28 16.85,0.014,5.97,21.32,0.146,16.06,3.6,106.6,,g,,1997.166,2450510.1,0.589
35.2087375,-9.47141667,J022050.0-092817,FITS,02 20 50.097,-09 28 17.10,0.014,2.36,2.08,0.144,2.77,0.0,78.9,,s,,1997.166,2450510.2,0.59
352.57035,-9.471475,J233016.8-092817,FITS,23 30 16.884,-09 28 17.31,0.014,1.34,0.9,0.146,0.0,0.0,62.3,,g,,1997.243,2450538.4,14.26
14.9561125,-9.47148056,J005949.4-092817,FITS,00 59 49.467,-09 28 17.33,0.014,2.14,2.04,0.147,2.6,0.0,57.1,,,,1997.166,2450510.1,0.59
335.124175,-9.47152778,J222029.8-092817,FITS,22 20 29.802,-09 28 17.50,0.06,1.17,0.72,0.15,1.1,0.0,113.7,,g,,1997.262,2450545.1,0.245
329.763275,-9.47159444,J215903.1-092817,FITS,21 59 03.186,-09 28 17.74,0.06,1.55,1.18,0.161,1.39,0.0,111.8,,,,1997.165,2450509.6,0.464
352.2426,-9.47162778,J232858.2-092817,FITS,23 28 58.224,-09 28 17.86,0.014,35.81,36.7,0.155,1.06,0.71,65.9,,s,,1997.196,2450520.9,18.029
10.00455,-9.471675,J004001.0-092818,FITS,00 40 01.092,-09 28 18.03,0.156,1.17,0.93,0.156,2.88,0.0,82.5,,,,1997.166,2450510.0,1.552
39.86347083,-9.47168611,J023927.2-092818,FITS,02 39 27.233,-09 28 18.07,0.014,2.43,2.41,0.153,1.06,0.0,20.7,,g,,1997.166,2450510.1,0.598
343.13067917,-9.47169167,J225231.3-092818,FITS,22 52 31.363,-09 28 18.09,0.014,1.91,1.37,0.142,0.0,0.0,91.8,,g,,1997.265,2450546.3,3.505
25.41159583,-9.47181667,J014138.7-092818,FITS,01 41 38.783,-09 28 18.54,0.612,1.33,1.56,0.184,3.93,0.0,87.7,,s,,1997.166,2450510.1,0.597
11.0914,-9.47189444,J004421.9-092818,FITS,00 44 21.936,-09 28 18.82,0.393,1.19,0.63,0.155,0.0,0.0,61.2,,,,1997.166,2450510.1,1.105
330.56397083,-9.47191944,J220215.3-092818,FITS,22 02 15.353,-09 28 18.91,0.014,4.38,3.92,0.159,0.0,0.0,98.2,,,,1997.165,2450509.7,0.577
23.20772917,-9.47195,J013249.8-092819,FITS,01 32 49.855,-09 28 19.02,0.866,1.06,1.03,0.148,5.98,0.0,66.9,,g,,1997.166,2450510.2,0.588
18.10476667,-9.47195833,J011225.1-092819,FITS,01 12 25.144,-09 28 19.05,0.014,1.58,1.71,0.144,4.24,0.0,82.5,,g,,1997.166,2450510.1,0.598
20.7755375,-9.47197778,J012306.1-092819,FITS,01 23 06.129,-09 28 19.12,0.014,1.43,1.28,0.154,2.39,0.0,77.6,,,,1997.166,2450510.1,1.434
13.47014167,-9.47206667,J005352.8-092819,FITS,00 53 52.834,-09 28 19.44,0.014,24.69,63.25,0.146,10.89,3.6,108.6,,g,,1997.166,2450510.1,0.585
330.317275,-9.47213333,J220116.1-092819,FITS,22 01 16.146,-09 28 19.68,0.014,12.63,12.72,0.157,1.5,0.0,94.1,,,,1997.164,2450509.4,0.303
353.90595417,-9.47214167,J233537.4-092819,FITS,23 35 37.429,-09 28 19.71,0.014,10.56,10.64,0.2,1.36,0.0,153.5,,g,,1997.166,2450510.0,0.597
13.47285833,-9.47215556,J005353.4-092819,FITS,00 53 53.486,-09 28 19.76,0.014,50.02,55.93,0.146,2.46,1.3,114.9,,,,1997.166,2450510.1,0.585
35.94507083,-9.47233333,J022346.8-092820,FITS,02 23 46.817,-09 28 20.40,0.787,1.03,1.04,0.149,7.85,0.0,56.5,,g,,1997.166,2450510.2,0.587
31.13304583,-9.47235833,J020431.9-092820,FITS,02 04 31.931,-09 28 20.49,0.146,1.17,0.7,0.15,0.0,0.0,65.6,,s,,1997.166,2450510.1,1.78
334.58848333,-9.47242778,J221821.2-092820,FITS,22 18 21.236,-09 28 20.74,0.4,1.0,0.53,0.147,0.0,0.0,53.1,,,,1997.262,2450545.1,0.262
28.78665417,-9.47251944,J015508.7-092821,FITS,01 55 08.797,-09 28 21.07,0.101,1.3,0.97,0.15,3.24,0.0,41.8,,g,,1997.166,2450510.1,1.659
8.01420833,-9.47269167,J003203.4-092821,FITS,00 32 03.410,-09 28 21.69,0.014,1.57,1.13,0.156,1.68,0.0,132.1,,s,,1997.166,2450510.1,1.492
25.88941667,-9.47285278,J014333.4-092822,FITS,01 43 33.460,-09 28 22.27,0.014,4.52,4.08,0.149,0.0,0.0,38.4,,g,,1997.166,2450510.1,1.783
18.82657083,-9.47294444,J011518.3-092822,FITS,01 15 18.377,-09 28 22.60,0.319,1.04,0.76,0.141,2.43,0.0,34.8,,,,1997.166,2450510.1,0.59
13.44147917,-9.47302222,J005345.9-092822,FITS,00 53 45.955,-09 28 22.88,0.282,1.39,2.96,0.147,9.86,1.34,97.7,,,,1997.166,2450510.1,0.586
13.50898333,-9.47318611,J005402.1-092823,FITS,00 54 02.156,-09 28 23.47,0.295,1.16,4.16,0.146,22.12,0.0,100.3,,,,1997.166,2450510.2,0.577
2.33542083,-9.47336667,J000920.5-092824,FITS,00 09 20.501,-09 28 24.12,0.214,1.04,1.04,0.146,4.61,0.0,78.0,,,,1997.166,2450510.1,0.59
2.3171375,-9.47340833,J000916.1-092824,FITS,00 09 16.113,-09 28 24.27,0.014,3.77,4.14,0.144,2.61,0.0,80.4,,g,,1997.166,2450510.1,0.587
332.76030833,-9.47342222,J221102.4-092824,FITS,22 11 02.474,-09 28 24.32,0.014,1.93,1.4,0.157,1.24,0.0,94.5,,,,1997.166,2450510.0,1.521
13.37420833,-9.47348611,J005329.8-092824,FITS,00 53 29.810,-09 28 24.55,0.877,1.08,1.87,0.154,10.48,0.0,96.4,,,,1997.166,2450510.0,0.594
23.65111667,-9.47362222,J013436.2-092825,FITS,01 34 36.268,-09 28 25.04,0.415,1.71,1.29,0.244,0.0,0.0,27.9,,,,1997.166,2450510.1,1.783
23.28437917,-9.47363333,J013308.2-092825,FITS,01 33 08.251,-09 28 25.08,0.522,1.15,1.18,0.155,1.99,0.0,150.3,,,,1997.166,2450510.2,0.579
344.08310417,-9.47366389,J225619.9-092825,FITS,22 56 19.945,-09 28 25.19,0.014,4.31,8.17,0.164,9.58,1.19,28.6,,,,1997.263,2450545.6,2.221
353.87476667,-9.47373611,J233529.9-092825,FITS,23 35 29.944,-09 28 25.45,0.034,1.85,2.19,0.226,3.56,0.0,89.8,,g,,1997.166,2450510.0,0.594
5.22494583,-9.47375556,J002053.9-092825,FITS,00 20 53.987,-09 28 25.52,0.014,2.08,2.86,0.145,5.54,1.52,3.3,,s,,1997.166,2450510.1,0.577
19.76120833,-9.47382778,J011902.6-092825,FITS,01 19 02.690,-09 28 25.78,0.533,1.04,1.03,0.152,3.78,0.0,77.8,,s,,1997.166,2450510.1,1.601
347.48680417,-9.47394167,J230956.8-092826,FITS,23 09 56.833,-09 28 26.19,0.73,1.08,1.24,0.155,3.71,0.0,78.4,,,,1997.265,2450546.0,3.042
346.6187625,-9.47419167,J230628.5-092827,FITS,23 06 28.503,-09 28 27.09,0.512,1.08,1.26,0.15,8.54,0.0,137.6,,g,,1997.262,2450545.2,0.243
350.42162083,-9.47419444,J232141.1-092827,FITS,23 21 41.189,-09 28 27.10,0.284,1.05,1.21,0.155,3.62,0.0,38.3,,,,1997.259,2450544.1,7.984
13.48083333,-9.47427222,J005355.4-092827,FITS,00 53 55.400,-09 28 27.38,0.014,35.26,132.12,0.146,16.87,3.57,99.5,,g,,1997.166,2450510.2,0.573
25.44517083,-9.47428056,J014146.8-092827,FITS,01 41 46.841,-09 28 27.41,0.507,1.36,0.76,0.181,0.0,0.0,54.9,,s,,1997.166,2450510.2,0.581
34.51848333,-9.47438333,J021804.4-092827,FITS,02 18 04.436,-09 28 27.78,0.014,4.62,5.88,0.192,4.33,0.0,92.3,,g,,1997.166,2450510.2,0.573
344.7173875,-9.47441111,J225852.1-092827,FITS,22 58 52.173,-09 28 27.88,0.26,1.69,1.23,0.259,0.0,0.0,42.9,,,,1997.265,2450546.2,3.363
39.38925417,-9.47458333,J023733.4-092828,FITS,02 37 33.421,-09 28 28.50,0.014,68.34,73.68,0.155,2.1,1.07,144.5,,,,1997.164,2450509.5,0.211
24.4269,-9.47461111,J013742.4-092828,FITS,01 37 42.456,-09 28 28.60,0.014,19.22,41.55,0.147,10.47,1.62,127.4,,g,,1997.166,2450510.1,1.762
337.90635,-9.47462222,J223137.5-092828,FITS,22 31 37.524,-09 28 28.64,0.014,1.96,1.42,0.145,0.0,0.0,37.6,,s,,1997.265,2450546.4,3.591
356.03375,-9.47465556,J234408.1-092828,FITS,23 44 08.100,-09 28 28.76,0.014,5.78,5.37,0.158,1.51,0.0,120.8,,,,1997.173,2450512.6,11.416
40.03446667,-9.47466389,J024008.2-092828,FITS,02 40 08.272,-09 28 28.79,0.014,5.15,7.26,0.158,4.37,2.86,87.7,,,,1997.165,2450509.6,0.374
2.21400417,-9.47477222,J000851.3-092829,FITS,00 08 51.361,-09 28 29.18,0.014,3.22,4.42,0.142,4.14,2.79,77.3,,s,,1997.166,2450510.1,0.575
359.17134167,-9.47486389,J235641.1-092829,FITS,23 56 41.122,-09 28 29.51,0.091,1.29,0.82,0.146,0.0,0.0,92.2,,,,1997.166,2450510.1,0.584
13.37910833,-9.47539444,J005330.9-092831,FITS,00 53 30.986,-09 28 31.42,0.274,1.35,4.17,0.153,12.81,4.29,82.0,,g,,1997.166,2450510.0,0.588
16.59024583,-9.47547778,J010621.6-092831,FITS,01 06 21.659,-09 28 31.72,0.014,4.6,8.82,0.149,7.73,3.79,5.7,,,,1997.166,2450510.1,0.581
36.10166667,-9.47554167,J022424.4-092831,FITS,02 24 24.400,-09 28 31.95,0.014,2.37,2.24,0.153,3.07,0.0,90.9,,,,1997.166,2450510.1,0.584
339.61610833,-9.47577778,J223827.8-092832,FITS,22 38 27.866,-09 28 32.80,0.839,1.01,0.65,0.152,0.0,0.0,153.7,,s,,1997.262,2450545.1,0.231
341.0144375,-9.47585278,J224403.4-092833,FITS,22 44 03.465,-09 28 33.07,0.014,4.7,5.12,0.154,3.6,0.0,80.3,,g,,1997.265,2450546.0,3.081
344.2433625,-9.47588611,J225658.4-092833,FITS,22 56 58.407,-09 28 33.19,0.014,2.11,2.26,0.158,3.37,0.0,161.3,,g,,1997.262,2450545.2,0.274
359.91369167,-9.47591111,J235939.2-092833,FITS,23 59 39.286,-09 28 33.28,0.217,1.11,0.49,0.145,0.0,0.0,109.0,,g,,1997.166,2450510.1,0.581
25.35660833,-9.47606667,J014125.5-092833,FITS,01 41 25.586,-09 28 33.84,0.047,3.97,5.81,0.192,11.41,0.0,72.7,,g,,1997.166,2450510.0,0.588
333.4930125,-9.47623889,J221358.3-092834,FITS,22 13 58.323,-09 28 34.46,0.014,26.74,30.53,0.117,2.56,1.8,63.4,,g,,1997.211,2450526.4,17.379
14.29929167,-9.47625,J005711.8-092834,FITS,00 57 11.830,-09 28 34.50,0.014,18.47,18.51,0.146,0.64,0.0,106.2,,,,1997.166,2450510.1,0.57
32.51782917,-9.47632222,J021004.2-092834,FITS,02 10 04.279,-09 28 34.76,0.014,37.63,39.83,0.154,1.74,1.13,0.1,,,,1997.166,2450510.1,1.653
5.82147917,-9.4764,J002317.1-092835,FITS,00 23 17.155,-09 28 35.04,0.3,1.05,1.93,0.157,12.59,0.0,85.4,,,,1997.166,2450510.1,1.245
9.63838333,-9.47658056,J003833.2-092835,FITS,00 38 33.212,-09 28 35.69,0.014,9.48,17.68,0.15,8.29,2.22,132.4,,g,,1997.166,2450510.0,0.584
357.44194167,-9.47675556,J234946.0-092836,FITS,23 49 46.066,-09 28 36.32,0.06,1.25,0.84,0.15,1.04,0.0,109.3,,g,,1997.177,2450514.1,14.166
25.35955833,-9.47681667,J014126.2-092836,FITS,01 41 26.294,-09 28 36.54,0.235,1.64,0.99,0.192,0.0,0.0,134.0,,,,1997.166,2450510.0,0.586
329.71634167,-9.47684444,J215851.9-092836,FITS,21 58 51.922,-09 28 36.64,0.239,1.17,0.61,0.159,0.0,0.0,104.7,,,,1997.164,2450509.5,0.383
352.69555,-9.47694167,J233046.9-092836,FITS,23 30 46.932,-09 28 36.99,0.564,1.06,0.72,0.16,2.08,0.0,65.1,,,,1997.214,2450527.8,18.804
24.8641875,-9.47713333,J013927.4-092837,FITS,01 39 27.405,-09 28 37.68,0.353,1.43,1.45,0.158,5.46,0.0,92.2,,g,,1997.166,2450510.1,0.583
7.83414583,-9.47715278,J003120.1-092837,FITS,00 31 20.195,-09 28 37.75,0.501,1.0,0.81,0.148,4.58,0.0,112.8,,,,1997.166,2450510.0,1.815
355.56955,-9.47715556,J234216.6-092837,FITS,23 42 16.692,-09 28 37.76,0.368,1.39,2.22,0.141,7.52,0.0,103.7,,,,1997.166,2450510.1,0.572
355.57725417,-9.47715556,J234218.5-092837,FITS,23 42 18.541,-09 28 37.76,0.297,1.28,1.03,0.142,0.0,0.0,143.3,,,,1997.166,2450510.1,0.574
13.14675,-9.47715833,J005235.2-092837,FITS,00 52 35.220,-09 28 37.77,0.585,1.09,0.66,0.149,0.0,0.0,60.3,,s,,1997.166,2450510.1,1.837
2.21124167,-9.47722222,J000850.6-092838,FITS,00 08 50.698,-09 28 38.00,0.014,3.87,5.1,0.142,4.42,1.7,56.3,,s,,1997.166,2450510.1,0.565
355.53779167,-9.47726944,J234209.0-092838,FITS,23 42 09.070,-09 28 38.17,0.368,1.16,1.45,0.139,6.76,0.0,105.9,,,,1997.166,2450510.1,0.564
30.88592083,-9.477275,J020332.6-092838,FITS,02 03 32.621,-09 28 38.19,0.345,1.07,1.85,0.158,8.14,0.0,95.6,,,,1997.166,2450510.1,0.584
351.7535625,-9.47728611,J232700.8-092838,FITS,23 27 00.855,-09 28 38.23,0.014,3.14,3.38,0.143,3.92,0.0,101.6,,,,1997.251,2450541.2,11.486
13.46281667,-9.47743333,J005351.0-092838,FITS,00 53 51.076,-09 28 38.76,0.459,1.11,1.96,0.145,9.77,0.0,74.4,,s,,1997.166,2450510.2,0.563
341.44220417,-9.47754167,J224546.1-092839,FITS,22 45 46.129,-09 28 39.15,0.434,1.07,0.8,0.154,3.06,0.0,100.1,,,,1997.264,2450545.8,2.633
348.86675,-9.47754444,J231528.0-092839,FITS,23 15 28.020,-09 28 39.16,0.014,6.28,6.14,0.147,1.58,0.0,145.6,,g,,1997.259,2450544.1,6.335
359.94975417,-9.47794444,J235947.9-092840,FITS,23 59 47.941,-09 28 40.60,0.094,1.77,1.53,0.142,2.87,0.0,134.3,,,,1997.166,2450510.1,0.564
36.26575833,-9.47806667,J022503.7-092841,FITS,02 25 03.782,-09 28 41.04,0.501,1.09,0.58,0.154,0.0,0.0,114.0,,,,1997.166,2450510.2,1.668
330.29973333,-9.47827222,J220111.9-092841,FITS,22 01 11.936,-09 28 41.78,0.447,1.06,0.65,0.159,0.0,0.0,71.7,,,,1997.164,2450509.4,0.35
332.87374583,-9.47828611,J221129.6-092841,FITS,22 11 29.699,-09 28 41.83,0.014,1.95,1.84,0.154,2.08,0.0,88.2,,,,1997.171,2450512.0,7.937
333.49258333,-9.47865,J221358.2-092843,FITS,22 13 58.220,-09 28 43.14,0.014,24.95,26.44,0.117,1.97,0.39,57.9,,g,,1997.21,2450526.3,17.356
351.4159,-9.47873056,J232539.8-092843,FITS,23 25 39.816,-09 28 43.43,0.014,48.3,70.37,0.106,5.23,2.24,60.0,,,,1997.225,2450531.8,19.049
25.3576375,-9.47877778,J014125.8-092843,FITS,01 41 25.833,-09 28 43.60,0.014,510.52,538.32,0.192,1.9,0.79,2.4,,s,,1997.166,2450510.0,0.581
40.02932083,-9.47879722,J024007.0-092843,FITS,02 40 07.037,-09 28 43.67,0.014,4.72,5.36,0.159,2.74,1.64,3.0,,,,1997.165,2450509.7,0.39
354.4929,-9.47897222,J233758.2-092844,FITS,23 37 58.296,-09 28 44.30,0.014,8.15,7.87,0.156,1.23,0.0,56.1,,,,1997.176,2450513.6,13.297
336.68657917,-9.47915278,J222644.7-092844,FITS,22 26 44.779,-09 28 44.95,0.545,1.02,0.62,0.143,0.0,0.0,76.1,,,,1997.262,2450545.1,0.255
36.3979875,-9.47925556,J022535.5-092845,FITS,02 25 35.517,-09 28 45.32,0.797,1.03,0.41,0.148,0.0,0.0,96.9,,,,1997.166,2450510.2,1.866
28.09824167,-9.47927222,J015223.5-092845,FITS,01 52 23.578,-09 28 45.38,0.605,1.09,0.97,0.148,5.14,0.0,88.8,,,,1997.166,2450510.1,1.864
27.06609167,-9.4793,J014815.8-092845,FITS,01 48 15.862,-09 28 45.48,0.548,1.13,0.53,0.146,0.0,0.0,93.7,,,,1997.166,2450510.2,0.562
32.66119167,-9.47938056,J021038.6-092845,FITS,02 10 38.686,-09 28 45.77,0.014,2.01,1.86,0.15,3.19,0.0,75.5,,,,1997.166,2450510.2,1.852
10.27780833,-9.47952778,J004106.6-092846,FITS,00 41 06.674,-09 28 46.30,0.014,10.47,10.37,0.2,0.78,0.0,22.3,,,,1997.166,2450510.1,1.504
31.3525875,-9.47955833,J020524.6-092846,FITS,02 05 24.621,-09 28 46.41,0.164,1.15,0.84,0.155,1.77,0.0,86.0,,g,,1997.166,2450510.2,1.084
9.6393125,-9.47959444,J003833.4-092846,FITS,00 38 33.435,-09 28 46.54,0.014,9.18,13.97,0.15,5.77,2.83,3.7,,s,,1997.166,2450510.1,0.574
332.87178333,-9.47963056,J221129.2-092846,FITS,22 11 29.228,-09 28 46.67,0.014,2.39,2.73,0.154,4.22,0.0,79.4,,g,,1997.171,2450511.9,7.802
336.54517083,-9.47978611,J222610.8-092847,FITS,22 26 10.841,-09 28 47.23,0.361,1.03,0.54,0.156,0.0,0.0,88.7,,,,1997.257,2450543.3,7.179
33.0847,-9.48006667,J021220.3-092848,FITS,02 12 20.328,-09 28 48.24,0.51,1.02,0.57,0.149,0.0,0.0,125.9,,,,1997.166,2450510.2,0.564
331.11274167,-9.48011389,J220427.0-092848,FITS,22 04 27.058,-09 28 48.41,0.081,1.6,0.95,0.159,0.0,0.0,109.6,,g,,1997.164,2450509.3,0.215
17.27462083,-9.48023056,J010905.9-092848,FITS,01 09 05.909,-09 28 48.83,0.047,1.61,1.28,0.135,0.0,0.0,154.0,,s,,1997.166,2450510.2,0.548
23.19228333,-9.48028056,J013246.1-092849,FITS,01 32 46.148,-09 28 49.01,0.755,1.08,1.25,0.148,6.32,0.0,87.8,,s,,1997.166,2450510.2,0.556
6.03795417,-9.48033056,J002409.1-092849,FITS,00 24 09.109,-09 28 49.19,0.274,1.04,0.88,0.146,4.85,0.0,92.2,,,,1997.166,2450510.1,0.55
37.37182083,-9.48033333,J022929.2-092849,FITS,02 29 29.237,-09 28 49.20,0.259,1.09,1.34,0.153,3.27,1.99,88.5,,,,1997.166,2450510.1,0.574
24.11551667,-9.48041389,J013627.7-092849,FITS,01 36 27.724,-09 28 49.49,0.272,2.45,1.64,0.153,0.0,0.0,94.4,,g,,1997.166,2450510.1,0.572
356.22634583,-9.48050278,J234454.3-092849,FITS,23 44 54.323,-09 28 49.81,0.62,1.01,0.77,0.143,3.26,0.0,101.2,,,,1997.166,2450510.1,0.547
2.69234583,-9.48057222,J001046.1-092850,FITS,00 10 46.163,-09 28 50.06,0.014,2.25,2.0,0.151,1.76,0.0,91.9,,g,,1997.166,2450510.1,1.816
7.95415,-9.48061111,J003148.9-092850,FITS,00 31 48.996,-09 28 50.20,0.573,1.08,0.48,0.151,0.0,0.0,94.1,,,,1997.166,2450510.1,1.79
347.90105,-9.48071944,J231136.2-092850,FITS,23 11 36.252,-09 28 50.59,0.583,1.0,0.41,0.149,0.0,0.0,90.2,,g,,1997.262,2450545.2,0.239
25.32954167,-9.48078889,J014119.0-092850,FITS,01 41 19.090,-09 28 50.84,0.424,2.11,1.23,0.195,0.0,0.0,82.2,,,,1997.166,2450510.2,1.229
2.2650375,-9.48084167,J000903.6-092851,FITS,00 09 03.609,-09 28 51.03,0.106,1.05,1.08,0.141,3.3,0.0,60.4,,,,1997.166,2450510.2,0.543
347.40989583,-9.48100833,J230938.3-092851,FITS,23 09 38.375,-09 28 51.63,0.692,1.16,0.92,0.154,5.39,0.0,116.1,,,,1997.263,2450545.6,2.266
341.74668333,-9.48113611,J224659.2-092852,FITS,22 46 59.204,-09 28 52.09,0.014,1.46,1.93,0.152,7.49,0.0,177.5,,g,,1997.265,2450546.2,3.365
10.89355417,-9.48118056,J004334.4-092852,FITS,00 43 34.453,-09 28 52.25,0.558,1.03,0.57,0.151,0.0,0.0,100.3,,,,1997.166,2450510.1,1.901
354.39722917,-9.48126389,J233735.3-092852,FITS,23 37 35.335,-09 28 52.55,0.492,1.07,0.42,0.151,0.0,0.0,90.1,,,,1997.179,2450514.9,15.227
355.24319167,-9.48126667,J234058.3-092852,FITS,23 40 58.366,-09 28 52.56,0.736,1.07,0.89,0.154,0.0,0.0,36.9,,,,1997.176,2450513.8,13.538
1.84685,-9.48128056,J000723.2-092852,FITS,00 07 23.244,-09 28 52.61,0.014,2.51,2.53,0.147,2.5,0.0,90.3,,,,1997.166,2450510.1,1.891
1.8491,-9.48128056,J000723.7-092852,FITS,00 07 23.784,-09 28 52.61,0.014,3.16,3.91,0.147,3.88,0.78,83.7,,g,,1997.166,2450510.1,1.893
357.0732,-9.48181667,J234817.5-092854,FITS,23 48 17.568,-09 28 54.54,0.044,1.17,0.93,0.144,2.5,0.0,104.7,,,,1997.166,2450510.1,0.554
18.1005625,-9.48197222,J011224.1-092855,FITS,01 12 24.135,-09 28 55.10,0.014,2.42,2.82,0.142,3.55,0.0,88.8,,g,,1997.166,2450510.1,0.563
331.0663125,-9.48208333,J220415.9-092855,FITS,22 04 15.915,-09 28 55.50,0.404,1.06,0.73,0.16,3.1,0.0,107.6,,s,,1997.164,2450509.4,0.318
21.78161667,-9.482275,J012707.5-092856,FITS,01 27 07.588,-09 28 56.19,0.044,1.19,2.34,0.134,9.17,2.81,1.6,,g,,1997.166,2450510.2,0.54
339.69452083,-9.48245556,J223846.6-092856,FITS,22 38 46.685,-09 28 56.84,0.014,1.69,1.37,0.143,0.0,0.0,77.6,,s,,1997.262,2450545.1,0.25
332.474875,-9.48246667,J220953.9-092856,FITS,22 09 53.970,-09 28 56.88,0.479,1.07,0.82,0.158,0.0,0.0,137.6,,,,1997.166,2450510.1,1.553
350.3000375,-9.48261111,J232112.0-092857,FITS,23 21 12.009,-09 28 57.40,0.014,1.87,1.63,0.144,1.77,0.0,97.2,,g,,1997.255,2450542.8,9.273
336.13952083,-9.48272778,J222433.4-092857,FITS,22 24 33.485,-09 28 57.82,0.361,1.1,0.62,0.153,0.0,0.0,106.1,,g,,1997.262,2450545.1,0.213
334.19537083,-9.48283056,J221646.8-092858,FITS,22 16 46.889,-09 28 58.19,0.134,1.16,1.19,0.148,5.62,0.0,113.5,,,,1997.253,2450541.9,9.268
38.00080417,-9.48285556,J023200.1-092858,FITS,02 32 00.193,-09 28 58.28,0.014,2.13,1.91,0.157,2.64,0.0,70.9,,,,1997.166,2450510.2,1.666
345.7361625,-9.48286111,J230256.6-092858,FITS,23 02 56.679,-09 28 58.30,0.101,1.22,0.87,0.142,3.35,0.0,114.9,,,,1997.262,2450545.2,0.256
24.30767083,-9.48288056,J013713.8-092858,FITS,01 37 13.841,-09 28 58.37,0.809,1.03,0.69,0.15,1.06,0.0,99.3,,,,1997.166,2450510.2,1.848
347.44305,-9.48305278,J230946.3-092858,FITS,23 09 46.332,-09 28 58.99,0.363,1.46,0.8,0.157,0.0,0.0,85.2,,g,,1997.264,2450545.9,2.796
357.7528,-9.48321111,J235100.6-092859,FITS,23 51 00.672,-09 28 59.56,0.51,1.03,0.53,0.143,0.0,0.0,113.5,,,,1997.166,2450510.2,0.529
344.0641,-9.48327222,J225615.3-092859,FITS,22 56 15.384,-09 28 59.78,0.014,3.79,3.51,0.164,0.0,0.0,28.9,,s,,1997.264,2450545.8,2.678
12.7328875,-9.48334167,J005055.8-092900,FITS,00 50 55.893,-09 29 00.03,0.377,1.39,0.68,0.145,0.0,0.0,92.7,,,,1997.166,2450510.2,0.532
357.72767917,-9.48341389,J235054.6-092900,FITS,23 50 54.643,-09 29 00.29,0.136,1.22,0.63,0.143,0.0,0.0,89.9,,,,1997.166,2450510.1,0.533
1.3411125,-9.48343611,J000521.8-092900,FITS,00 05 21.867,-09 29 00.37,0.341,1.07,0.69,0.153,2.11,0.0,60.6,,s,,1997.166,2450510.1,1.175
334.37731667,-9.483675,J221730.5-092901,FITS,22 17 30.556,-09 29 01.23,0.498,1.01,0.53,0.15,0.0,0.0,103.3,,,,1997.262,2450545.1,0.221
37.6649875,-9.48368611,J023039.5-092901,FITS,02 30 39.597,-09 29 01.27,0.483,1.07,0.69,0.155,0.0,0.0,98.5,,,,1997.166,2450510.2,1.214
358.129825,-9.48395556,J235231.1-092902,FITS,23 52 31.158,-09 29 02.24,0.797,1.01,0.64,0.148,2.28,0.0,86.6,,,,1997.18,2450515.1,15.458
357.6385375,-9.484,J235033.2-092902,FITS,23 50 33.249,-09 29 02.40,0.195,1.09,1.13,0.15,3.47,0.0,92.7,,,,1997.166,2450510.0,0.56
334.06192917,-9.48406389,J221614.8-092902,FITS,22 16 14.863,-09 29 02.63,0.014,1.56,1.41,0.143,0.0,0.0,106.4,,,,1997.248,2450539.9,11.795
334.73015417,-9.48407778,J221855.2-092902,FITS,22 18 55.237,-09 29 02.68,0.438,1.03,1.64,0.155,10.38,0.0,92.9,,,,1997.255,2450542.8,8.12
8.5124,-9.48411111,J003402.9-092902,FITS,00 34 02.976,-09 29 02.80,0.361,1.02,0.52,0.154,0.0,0.0,110.6,,s,,1997.166,2450510.2,1.734
32.1473625,-9.48456944,J020835.3-092904,FITS,02 08 35.367,-09 29 04.45,0.058,1.35,1.02,0.15,2.55,0.0,94.3,,g,,1997.166,2450510.2,0.554
7.9234125,-9.48459167,J003141.6-092904,FITS,00 31 41.619,-09 29 04.53,0.575,1.03,0.71,0.15,0.73,0.0,120.2,,,,1997.166,2450510.1,1.909
12.67209583,-9.48481111,J005041.3-092905,FITS,00 50 41.303,-09 29 05.32,0.014,837.92,878.42,0.151,1.67,0.89,15.5,,s,,1997.166,2450510.1,0.545
339.15325833,-9.48485556,J223636.7-092905,FITS,22 36 36.782,-09 29 05.48,0.044,1.22,0.72,0.152,0.0,0.0,87.8,,,,1997.263,2450545.6,2.242
19.451425,-9.48488611,J011748.3-092905,FITS,01 17 48.342,-09 29 05.59,0.014,5.24,5.1,0.138,0.85,0.0,54.8,,g,,1997.166,2450510.2,0.534
350.38266667,-9.48493056,J232131.8-092905,FITS,23 21 31.840,-09 29 05.75,0.014,1.8,1.38,0.153,0.0,0.0,6.5,,g,,1997.257,2450543.5,7.921
331.50211667,-9.48504722,J220600.5-092906,FITS,22 06 00.508,-09 29 06.17,0.014,3.84,4.46,0.214,3.79,0.0,43.1,,,,1997.166,2450510.1,0.524
8.99264167,-9.485175,J003558.2-092906,FITS,00 35 58.234,-09 29 06.63,0.098,1.38,1.1,0.146,1.9,0.0,4.5,,,,1997.166,2450510.2,0.521
15.03082917,-9.48521944,J010007.3-092906,FITS,01 00 07.399,-09 29 06.79,0.421,1.03,0.75,0.145,4.13,0.0,115.8,,,,1997.166,2450510.2,0.527
339.23148333,-9.48524444,J223655.5-092906,FITS,22 36 55.556,-09 29 06.88,0.014,41.88,44.83,0.154,1.68,1.38,59.3,,,,1997.265,2450546.2,3.286
335.65610417,-9.48550556,J222237.4-092907,FITS,22 22 37.465,-09 29 07.82,0.736,1.03,0.46,0.149,0.0,0.0,86.0,,,,1997.252,2450541.5,9.78
11.83662083,-9.48551944,J004720.7-092907,FITS,00 47 20.789,-09 29 07.87,0.777,1.05,0.66,0.155,0.0,0.0,85.8,,,,1997.166,2450510.2,1.217
25.26900417,-9.4856,J014104.5-092908,FITS,01 41 04.561,-09 29 08.16,0.507,1.52,1.05,0.2,2.04,0.0,72.4,,,,1997.166,2450510.2,1.615
11.8342375,-9.48576944,J004720.2-092908,FITS,00 47 20.217,-09 29 08.77,0.606,1.15,0.54,0.156,0.0,0.0,108.6,,,,1997.166,2450510.2,1.234
12.64395,-9.485775,J005034.5-092908,FITS,00 50 34.548,-09 29 08.79,0.209,1.52,1.2,0.156,0.0,0.0,36.3,,,,1997.166,2450510.1,0.552
12.6716375,-9.48579167,J005041.1-092908,FITS,00 50 41.193,-09 29 08.85,0.014,16.01,25.43,0.151,11.02,0.0,83.0,,,,1997.166,2450510.1,0.541
25.26556667,-9.48579167,J014103.7-092908,FITS,01 41 03.736,-09 29 08.85,0.339,1.73,1.89,0.2,6.12,0.0,50.5,,,,1997.166,2450510.2,1.634
11.84102083,-9.485925,J004721.8-092909,FITS,00 47 21.845,-09 29 09.33,0.708,1.09,0.42,0.155,0.0,0.0,89.9,,,,1997.166,2450510.2,1.191
3.6429125,-9.48592778,J001434.2-092909,FITS,00 14 34.299,-09 29 09.34,0.014,27.72,27.64,0.226,0.42,0.0,40.1,,,,1997.166,2450510.1,0.552
346.02454583,-9.48594444,J230405.8-092909,FITS,23 04 05.891,-09 29 09.40,0.483,1.08,0.53,0.151,0.0,0.0,98.5,,s,,1997.266,2450546.4,3.643
358.96434583,-9.48599167,J235551.4-092909,FITS,23 55 51.443,-09 29 09.57,0.014,3.4,3.87,0.154,3.06,1.27,15.9,,g,,1997.179,2450514.7,14.805
23.64659583,-9.48609444,J013435.1-092909,FITS,01 34 35.183,-09 29 09.94,0.704,1.69,0.92,0.246,0.0,0.0,16.9,,g,,1997.166,2450510.2,1.969
355.01711667,-9.48612778,J234004.1-092910,FITS,23 40 04.108,-09 29 10.06,0.014,1.72,1.09,0.155,0.0,0.0,58.3,,g,,1997.178,2450514.4,14.364
340.2268125,-9.48624167,J224054.4-092910,FITS,22 40 54.435,-09 29 10.47,0.635,1.04,0.61,0.151,0.0,0.0,117.2,,s,,1997.266,2450546.4,3.643
334.76050833,-9.48633611,J221902.5-092910,FITS,22 19 02.522,-09 29 10.81,0.014,4.06,6.29,0.152,7.21,0.0,99.1,,g,,1997.254,2450542.2,8.908
3.65978333,-9.48648611,J001438.3-092911,FITS,00 14 38.348,-09 29 11.35,0.127,1.66,1.5,0.209,0.0,0.0,148.2,,g,,1997.166,2450510.1,0.543
22.45568333,-9.48666389,J012949.3-092911,FITS,01 29 49.364,-09 29 11.99,0.042,1.32,0.93,0.145,0.0,0.0,43.4,,g,,1997.166,2450510.2,0.525
33.51467083,-9.48673056,J021403.5-092912,FITS,02 14 03.521,-09 29 12.23,0.104,1.27,0.93,0.158,3.62,0.0,117.7,,g,,1997.167,2450510.3,1.648
12.67181667,-9.48677778,J005041.2-092912,FITS,00 50 41.236,-09 29 12.40,0.014,49.51,52.87,0.15,3.36,0.0,95.9,,,,1997.166,2450510.1,0.537
334.07687083,-9.48683056,J221618.4-092912,FITS,22 16 18.449,-09 29 12.59,0.311,1.12,0.81,0.144,0.0,0.0,5.8,,s,,1997.248,2450540.0,11.618
8.11007083,-9.48702222,J003226.4-092913,FITS,00 32 26.417,-09 29 13.28,0.014,2.05,1.56,0.178,0.0,0.0,123.3,,g,,1997.166,2450510.2,1.076
12.60784583,-9.48708889,J005025.8-092913,FITS,00 50 25.883,-09 29 13.52,0.724,1.13,1.25,0.163,7.93,0.0,37.4,,g,,1997.166,2450510.2,1.09
333.29834167,-9.48727222,J221311.6-092914,FITS,22 13 11.602,-09 29 14.18,0.014,1.55,1.14,0.124,0.0,0.0,127.3,,s,,1997.203,2450523.5,16.788
351.67274583,-9.48747222,J232641.4-092914,FITS,23 26 41.459,-09 29 14.90,0.014,2.37,1.79,0.139,0.0,0.0,68.6,,g,,1997.251,2450541.2,11.473
344.2881625,-9.487525,J225709.1-092915,FITS,22 57 09.159,-09 29 15.09,0.014,12.82,13.95,0.165,2.2,1.07,49.4,,,,1997.262,2450545.2,0.242
25.3699625,-9.48771111,J014128.7-092915,FITS,01 41 28.791,-09 29 15.76,0.014,5.26,5.77,0.19,1.95,1.67,64.9,,,,1997.166,2450510.1,0.556
28.21547083,-9.48771944,J015251.7-092915,FITS,01 52 51.713,-09 29 15.79,0.191,1.39,0.67,0.152,0.0,0.0,116.8,,,,1997.167,2450510.3,1.854
0.06219583,-9.48794167,J000014.9-092916,FITS,00 00 14.927,-09 29 16.59,0.114,1.06,0.84,0.142,4.04,0.0,135.1,,,,1997.166,2450510.1,0.526
0.03455417,-9.48795278,J000008.2-092916,FITS,00 00 08.293,-09 29 16.63,0.269,1.0,0.85,0.14,4.74,0.0,119.5,,g,,1997.166,2450510.2,0.517
348.33759167,-9.48796389,J231321.0-092916,FITS,23 13 21.022,-09 29 16.67,0.697,1.03,0.63,0.149,0.0,0.0,50.4,,g,,1997.266,2450546.7,3.971
36.299225,-9.48799722,J022511.8-092916,FITS,02 25 11.814,-09 29 16.79,0.42,1.01,0.45,0.152,0.0,0.0,101.3,,g,,1997.167,2450510.3,1.897
17.1160875,-9.48809167,J010827.8-092917,FITS,01 08 27.861,-09 29 17.13,0.014,1.28,1.57,0.144,3.52,1.88,47.5,,g,,1997.166,2450510.2,1.043
339.4467125,-9.48817778,J223747.2-092917,FITS,22 37 47.211,-09 29 17.44,0.014,15.93,16.04,0.148,0.88,0.0,54.3,,g,,1997.266,2450546.6,3.857
27.01556667,-9.48834444,J014803.7-092918,FITS,01 48 03.736,-09 29 18.04,0.736,1.0,0.44,0.143,0.0,0.0,85.0,,,,1997.167,2450510.3,0.509
17.11775833,-9.48839444,J010828.2-092918,FITS,01 08 28.262,-09 29 18.22,0.014,1.52,1.32,0.144,2.81,0.0,150.8,,g,,1997.166,2450510.2,1.034
22.6355875,-9.48855833,J013032.5-092918,FITS,01 30 32.541,-09 29 18.81,0.275,1.25,1.21,0.153,3.39,0.0,107.4,,g,,1997.166,2450510.2,1.056
22.42934167,-9.48890556,J012943.0-092920,FITS,01 29 43.042,-09 29 20.06,0.26,1.11,0.59,0.146,0.0,0.0,88.4,,,,1997.166,2450510.2,0.526
330.38426667,-9.48895833,J220132.2-092920,FITS,22 01 32.224,-09 29 20.25,0.334,1.11,0.84,0.16,5.01,0.0,114.2,,s,,1997.164,2450509.4,0.273
350.5699375,-9.48900556,J232216.7-092920,FITS,23 22 16.785,-09 29 20.42,0.07,1.22,1.35,0.15,5.91,0.0,80.2,,s,,1997.266,2450546.7,3.947
345.19877917,-9.48903889,J230047.7-092920,FITS,23 00 47.707,-09 29 20.54,0.014,3.66,2.99,0.157,0.0,0.0,68.3,,s,,1997.264,2450546.0,3.007
32.07969167,-9.489175,J020819.1-092921,FITS,02 08 19.126,-09 29 21.03,0.586,1.05,0.76,0.156,1.42,0.0,55.9,,,,1997.167,2450510.3,1.287
343.17223333,-9.489325,J225241.3-092921,FITS,22 52 41.336,-09 29 21.57,0.383,1.04,0.45,0.147,0.0,0.0,84.6,,,,1997.266,2450546.7,3.982
349.67492917,-9.48941944,J231841.9-092921,FITS,23 18 41.983,-09 29 21.91,0.014,6.73,6.49,0.154,0.0,0.0,96.6,,,,1997.261,2450544.7,7.031
334.761075,-9.48946944,J221902.6-092922,FITS,22 19 02.658,-09 29 22.09,0.014,4.4,3.93,0.153,0.0,0.0,90.9,,g,,1997.254,2450542.0,9.135
14.849925,-9.489475,J005923.9-092922,FITS,00 59 23.982,-09 29 22.11,0.014,3.13,3.09,0.154,2.96,0.0,60.8,,,,1997.166,2450510.2,1.153
12.73921667,-9.48948889,J005057.4-092922,FITS,00 50 57.412,-09 29 22.16,0.014,27.64,44.31,0.145,5.39,3.66,135.0,,,,1997.166,2450510.2,0.503
39.39708333,-9.4896,J023735.3-092922,FITS,02 37 35.300,-09 29 22.56,0.793,1.08,0.91,0.161,0.96,0.0,89.8,,,,1997.164,2450509.5,0.244
339.23124583,-9.4897,J223655.4-092922,FITS,22 36 55.499,-09 29 22.92,0.014,3.94,3.36,0.155,0.0,0.0,127.4,,s,,1997.265,2450546.2,3.399
15.47657917,-9.48988056,J010154.3-092923,FITS,01 01 54.379,-09 29 23.57,0.014,1.75,1.9,0.153,3.75,0.0,39.5,,g,,1997.166,2450510.2,1.845
7.10864167,-9.49007778,J002826.0-092924,FITS,00 28 26.074,-09 29 24.28,0.797,1.05,0.55,0.149,0.0,0.0,69.7,,s,,1997.166,2450510.2,2.033
18.3595375,-9.49015556,J011326.2-092924,FITS,01 13 26.289,-09 29 24.56,0.014,2.62,2.13,0.15,0.0,0.0,113.1,,g,,1997.167,2450510.3,2.033
12.744625,-9.49017778,J005058.7-092924,FITS,00 50 58.710,-09 29 24.64,0.014,16.08,32.53,0.145,7.73,3.76,80.0,,g,,1997.166,2450510.2,0.498
354.97939167,-9.49040833,J233955.0-092925,FITS,23 39 55.054,-09 29 25.47,0.014,3.31,2.59,0.158,0.0,0.0,77.3,,,,1997.177,2450513.9,13.53
12.67471667,-9.49042222,J005041.9-092925,FITS,00 50 41.932,-09 29 25.52,0.222,1.88,0.97,0.149,0.0,0.0,93.1,,s,,1997.166,2450510.2,0.522
37.85169583,-9.49044722,J023124.4-092925,FITS,02 31 24.407,-09 29 25.61,0.192,1.11,0.97,0.151,3.92,0.0,82.9,,,,1997.167,2450510.3,2.029
25.09996667,-9.49059444,J014023.9-092926,FITS,01 40 23.992,-09 29 26.14,0.014,4.68,4.32,0.191,0.0,0.0,81.8,,g,,1997.167,2450510.3,2.03
12.71524167,-9.490725,J005051.6-092926,FITS,00 50 51.658,-09 29 26.61,0.014,11.07,16.71,0.145,5.77,2.3,44.2,,g,,1997.166,2450510.2,0.505
34.83393333,-9.49086111,J021920.1-092927,FITS,02 19 20.144,-09 29 27.10,0.014,10.1,9.94,0.155,1.05,0.0,105.8,,g,,1997.167,2450510.3,2.009
356.3771,-9.49088056,J234530.5-092927,FITS,23 45 30.504,-09 29 27.17,0.639,1.07,0.48,0.151,0.0,0.0,76.1,,,,1997.166,2450510.0,0.544
28.5587875,-9.49105833,J015414.1-092927,FITS,01 54 14.109,-09 29 27.81,0.014,1.19,0.97,0.144,3.69,0.0,55.0,,g,,1997.166,2450510.2,0.512
7.9426875,-9.49107778,J003146.2-092927,FITS,00 31 46.245,-09 29 27.88,0.014,6.04,5.41,0.151,0.0,0.0,105.2,,s,,1997.166,2450510.2,1.961
349.35820833,-9.49119722,J231725.9-092928,FITS,23 17 25.970,-09 29 28.31,0.014,4.06,3.74,0.149,0.48,0.0,40.8,,g,,1997.26,2450544.2,7.54
13.0302625,-9.49131111,J005207.2-092928,FITS,00 52 07.263,-09 29 28.72,0.014,27.59,30.17,0.155,2.1,1.48,29.3,,g,,1997.167,2450510.3,1.886
23.30738333,-9.49141667,J013313.7-092929,FITS,01 33 13.772,-09 29 29.10,0.014,3.59,3.45,0.156,1.93,0.0,97.3,,g,,1997.166,2450510.2,0.51
354.84870833,-9.49149167,J233923.6-092929,FITS,23 39 23.690,-09 29 29.37,0.293,1.11,0.8,0.147,2.62,0.0,112.7,,,,1997.166,2450510.1,0.529
346.20504167,-9.49156111,J230449.2-092929,FITS,23 04 49.210,-09 29 29.62,0.014,1.91,1.51,0.15,0.0,0.0,123.8,,,,1997.266,2450546.7,3.916
35.02882083,-9.49170556,J022006.9-092930,FITS,02 20 06.917,-09 29 30.14,0.014,1.82,1.19,0.157,0.0,0.0,128.4,,,,1997.167,2450510.3,1.626
12.67492083,-9.49173611,J005041.9-092930,FITS,00 50 41.981,-09 29 30.25,0.082,1.34,3.13,0.149,12.76,1.44,160.6,,,,1997.166,2450510.2,0.517
10.47189167,-9.49178333,J004153.2-092930,FITS,00 41 53.254,-09 29 30.42,0.106,1.65,1.77,0.224,4.53,0.0,89.8,,g,,1997.166,2450510.2,0.498
23.7270875,-9.49201389,J013454.5-092931,FITS,01 34 54.501,-09 29 31.25,0.809,1.59,0.84,0.241,0.0,0.0,86.8,,,,1997.167,2450510.3,1.872
14.8475,-9.49202222,J005923.4-092931,FITS,00 59 23.400,-09 29 31.28,0.014,10.5,11.79,0.154,2.58,1.41,38.8,,,,1997.166,2450510.2,1.184
358.2908875,-9.49205278,J235309.8-092931,FITS,23 53 09.813,-09 29 31.39,0.27,1.19,0.57,0.158,0.0,0.0,89.9,,,,1997.175,2450513.5,12.762
347.59976667,-9.49208611,J231023.9-092931,FITS,23 10 23.944,-09 29 31.51,0.649,1.01,1.02,0.149,6.18,0.0,70.7,,g,,1997.267,2450546.8,4.124
351.56029583,-9.49220833,J232614.4-092931,FITS,23 26 14.471,-09 29 31.95,0.014,2.59,4.06,0.135,6.02,2.03,89.8,,,,1997.244,2450538.4,15.347
5.46310417,-9.49227778,J002151.1-092932,FITS,00 21 51.145,-09 29 32.20,0.016,3.28,3.26,0.158,1.45,0.0,93.5,,g,,1997.167,2450510.3,1.585
21.86685,-9.49247778,J012728.0-092932,FITS,01 27 28.044,-09 29 32.92,0.356,1.01,0.43,0.141,0.0,0.0,90.4,,,,1997.166,2450510.1,0.535
19.07298333,-9.49254444,J011617.5-092933,FITS,01 16 17.516,-09 29 33.16,0.197,1.04,0.92,0.15,1.76,0.0,94.7,,,,1997.167,2450510.3,2.013
330.55637083,-9.49257778,J220213.5-092933,FITS,22 02 13.529,-09 29 33.28,0.081,1.95,1.46,0.164,0.0,0.0,90.5,,s,,1997.165,2450509.8,0.501
20.87580417,-9.49267778,J012330.1-092933,FITS,01 23 30.193,-09 29 33.64,0.014,8.52,8.31,0.145,1.03,0.0,124.3,,,,1997.166,2450510.1,0.539
9.31255833,-9.49276944,J003715.0-092933,FITS,00 37 15.014,-09 29 33.97,0.451,1.13,0.65,0.152,0.0,0.0,112.8,,,,1997.167,2450510.3,1.996
351.56636667,-9.49278611,J232615.9-092934,FITS,23 26 15.928,-09 29 34.03,0.014,2.98,3.69,0.136,4.48,0.0,92.9,,,,1997.245,2450538.8,15.001
0.46085417,-9.49285833,J000150.6-092934,FITS,00 01 50.605,-09 29 34.29,0.442,1.04,0.57,0.155,0.0,0.0,84.3,,,,1997.166,2450510.2,1.936
20.0646,-9.49286667,J012015.5-092934,FITS,01 20 15.504,-09 29 34.32,0.014,33.41,34.89,0.153,1.56,0.92,170.1,,,,1997.167,2450510.3,1.404
39.09405833,-9.49314444,J023622.5-092935,FITS,02 36 22.574,-09 29 35.32,0.014,5.24,6.67,0.147,5.22,0.0,75.9,,,,1997.166,2450510.2,0.519
26.47873333,-9.49317222,J014554.8-092935,FITS,01 45 54.896,-09 29 35.42,0.014,1.8,1.29,0.158,0.0,0.0,80.9,,g,,1997.167,2450510.3,1.686
12.6537875,-9.49323333,J005036.9-092935,FITS,00 50 36.909,-09 29 35.64,0.082,1.19,4.85,0.153,16.22,5.16,80.5,,,,1997.166,2450510.1,0.522
333.08845833,-9.49331667,J221221.2-092935,FITS,22 12 21.230,-09 29 35.94,0.192,1.07,0.95,0.143,5.09,0.0,74.6,,,,1997.177,2450514.0,10.818
12.6689625,-9.49349722,J005040.5-092936,FITS,00 50 40.551,-09 29 36.59,0.082,1.9,2.25,0.15,4.81,0.0,69.5,,,,1997.166,2450510.2,0.513
12.65752917,-9.49357778,J005037.8-092936,FITS,00 50 37.807,-09 29 36.88,0.636,1.03,1.62,0.152,8.67,0.0,137.5,,,,1997.166,2450510.1,0.519
12.6234875,-9.49362222,J005029.6-092937,FITS,00 50 29.637,-09 29 37.04,0.157,1.28,2.81,0.159,8.66,3.8,92.2,,,,1997.166,2450510.2,1.021
12.62512083,-9.49412778,J005030.0-092938,FITS,00 50 30.029,-09 29 38.86,0.595,1.11,4.27,0.158,18.75,2.4,74.2,,,,1997.166,2450510.2,1.013
358.1779625,-9.494275,J235242.7-092939,FITS,23 52 42.711,-09 29 39.39,0.865,1.07,0.67,0.152,0.0,0.0,88.5,,,,1997.182,2450516.0,16.418
8.15279583,-9.49430278,J003236.6-092939,FITS,00 32 36.671,-09 29 39.49,0.014,2.08,3.33,0.175,6.58,2.11,44.5,,g,,1997.166,2450510.1,0.519
30.22030833,-9.49436111,J020052.8-092939,FITS,02 00 52.874,-09 29 39.70,0.014,1.77,1.13,0.159,0.0,0.0,130.8,,,,1997.167,2450510.4,1.651
0.00660833,-9.49444444,J000001.5-092940,FITS,00 00 01.586,-09 29 40.00,0.014,7.84,7.67,0.139,0.76,0.0,82.9,,g,,1997.166,2450510.2,0.48
354.46345833,-9.49455278,J233751.2-092940,FITS,23 37 51.230,-09 29 40.39,0.014,1.9,2.02,0.155,5.71,0.0,32.1,,g,,1997.181,2450515.5,15.794
25.36665,-9.49457222,J014127.9-092940,FITS,01 41 27.996,-09 29 40.46,0.014,2.78,3.12,0.19,3.69,0.0,58.7,,,,1997.167,2450510.3,1.07
346.62639167,-9.49474444,J230630.3-092941,FITS,23 06 30.334,-09 29 41.08,0.014,4.79,18.18,0.148,13.14,7.08,153.1,,,,1997.263,2450545.5,2.004
10.18427083,-9.49517222,J004044.2-092942,FITS,00 40 44.225,-09 29 42.62,0.014,9.51,9.95,0.168,1.86,0.0,53.6,,g,,1997.167,2450510.3,2.036
40.0938875,-9.49525,J024022.5-092942,FITS,02 40 22.533,-09 29 42.90,0.608,1.07,0.64,0.163,1.67,0.0,108.0,,,,1997.165,2450509.5,0.269
25.36554167,-9.49542222,J014127.7-092943,FITS,01 41 27.730,-09 29 43.52,0.014,4.17,3.16,0.19,0.0,0.0,153.8,,,,1997.167,2450510.3,1.081
339.2310875,-9.49559444,J223655.4-092944,FITS,22 36 55.461,-09 29 44.14,0.014,16.88,17.7,0.155,1.41,1.09,100.2,,,,1997.265,2450546.4,3.55
14.33286667,-9.495675,J005719.8-092944,FITS,00 57 19.888,-09 29 44.43,0.665,1.06,0.47,0.146,0.0,0.0,94.2,,g,,1997.166,2450510.2,0.505
7.12437917,-9.49619444,J002829.8-092946,FITS,00 28 29.851,-09 29 46.30,0.014,2.78,2.46,0.148,0.0,0.0,170.8,,s,,1997.167,2450510.3,2.1
348.3749875,-9.49653333,J231329.9-092947,FITS,23 13 29.997,-09 29 47.52,0.351,1.23,0.5,0.149,0.0,0.0,89.0,,,,1997.267,2450547.0,4.237
358.699825,-9.49660278,J235447.9-092947,FITS,23 54 47.958,-09 29 47.77,0.014,3.09,2.73,0.158,0.0,0.0,88.5,,,,1997.175,2450513.5,12.704
359.29355,-9.49671389,J235710.4-092948,FITS,23 57 10.452,-09 29 48.17,0.014,11.49,17.36,0.14,5.19,3.31,7.8,,g,,1997.166,2450510.2,0.483
354.66768333,-9.49672778,J233840.2-092948,FITS,23 38 40.244,-09 29 48.22,0.11,1.08,1.38,0.145,7.55,0.0,19.2,,s,,1997.166,2450510.1,0.502
26.733975,-9.49726389,J014656.1-092950,FITS,01 46 56.154,-09 29 50.15,0.014,2.29,2.48,0.156,4.41,0.0,121.0,,g,,1997.167,2450510.4,1.912
355.49377083,-9.49741389,J234158.5-092950,FITS,23 41 58.505,-09 29 50.69,0.781,1.03,0.85,0.136,1.13,0.0,149.2,,,,1997.166,2450510.2,0.467
3.86052917,-9.49743056,J001526.5-092950,FITS,00 15 26.527,-09 29 50.75,0.226,1.17,0.64,0.15,0.0,0.0,75.6,,g,,1997.166,2450510.1,0.516
25.40205417,-9.49775278,J014136.4-092951,FITS,01 41 36.493,-09 29 51.91,0.877,1.2,1.2,0.184,4.6,0.0,47.2,,,,1997.166,2450510.2,0.508
0.62459583,-9.49781944,J000229.9-092952,FITS,00 02 29.903,-09 29 52.15,0.132,1.09,0.79,0.148,3.86,0.0,54.5,,g,,1997.166,2450510.2,1.032
333.6832625,-9.49798333,J221443.9-092952,FITS,22 14 43.983,-09 29 52.74,0.014,70.65,68.17,0.103,0.67,0.0,90.8,,,,1997.216,2450528.5,17.427
333.03356667,-9.498,J221208.0-092952,FITS,22 12 08.056,-09 29 52.80,0.441,1.05,0.54,0.141,0.0,0.0,71.7,,,,1997.173,2450512.8,8.933
350.151625,-9.49806389,J232036.3-092953,FITS,23 20 36.390,-09 29 53.03,0.014,21.58,22.51,0.147,1.33,1.05,111.7,,,,1997.258,2450543.7,7.478
345.75021667,-9.498125,J230300.0-092953,FITS,23 03 00.052,-09 29 53.25,0.014,16.07,22.35,0.142,4.48,2.67,127.9,,,,1997.262,2450545.2,0.225
21.67519167,-9.49813056,J012642.0-092953,FITS,01 26 42.046,-09 29 53.27,0.014,6.81,6.84,0.135,2.11,0.0,169.1,,,,1997.166,2450510.2,0.492
332.88975,-9.49849722,J221133.5-092954,FITS,22 11 33.540,-09 29 54.59,0.272,1.14,0.64,0.15,0.0,0.0,61.2,,,,1997.17,2450511.5,6.724
30.645275,-9.49855833,J020234.8-092954,FITS,02 02 34.866,-09 29 54.81,0.709,1.05,0.85,0.152,3.98,0.0,38.8,,,,1997.166,2450510.2,0.509
35.3158125,-9.49881389,J022115.7-092955,FITS,02 21 15.795,-09 29 55.73,0.014,8.49,10.2,0.142,3.11,1.86,84.4,,,,1997.167,2450510.3,0.484
30.63259167,-9.49894444,J020231.8-092956,FITS,02 02 31.822,-09 29 56.20,0.115,1.26,1.09,0.154,3.34,0.0,64.5,,s,,1997.166,2450510.2,0.516
12.69294167,-9.49897222,J005046.3-092956,FITS,00 50 46.306,-09 29 56.30,0.218,1.24,1.04,0.146,3.18,0.0,112.7,,,,1997.166,2450510.2,0.48
27.04324167,-9.49897778,J014810.3-092956,FITS,01 48 10.378,-09 29 56.32,0.455,1.26,0.6,0.142,0.0,0.0,80.1,,,,1997.167,2450510.3,0.473
344.69730417,-9.49913889,J225847.3-092956,FITS,22 58 47.353,-09 29 56.90,0.014,14.49,14.32,0.264,0.0,0.0,134.5,,,,1997.267,2450546.9,4.171
345.03803333,-9.49959167,J230009.1-092958,FITS,23 00 09.128,-09 29 58.53,0.014,4.8,10.02,0.143,9.73,1.07,87.9,,g,,1997.262,2450545.2,0.215
1.4633,-9.499675,J000551.1-092958,FITS,00 05 51.192,-09 29 58.83,0.014,2.48,3.79,0.14,8.02,0.0,17.8,,g,,1997.166,2450510.2,0.468
339.7846,-9.49968889,J223908.3-092958,FITS,22 39 08.304,-09 29 58.88,0.014,2.23,1.71,0.14,0.0,0.0,87.8,,,,1997.262,2450545.2,0.215
15.6586,-9.49981389,J010238.0-092959,FITS,01 02 38.064,-09 29 59.33,0.014,2.42,2.15,0.144,2.44,0.0,120.6,,g,,1997.166,2450510.2,0.494
23.6278125,-9.50001111,J013430.6-093000,FITS,01 34 30.675,-09 30 00.04,0.668,1.6,1.03,0.244,0.0,0.0,90.1,,,,1997.167,2450510.4,2.153
25.403375,-9.50025,J014136.8-093000,FITS,01 41 36.810,-09 30 00.90,0.2,1.41,1.53,0.184,4.29,0.0,167.5,,g,,1997.166,2450510.2,0.498
25.40809583,-9.50045833,J014137.9-093001,FITS,01 41 37.943,-09 30 01.65,0.014,132.9,138.08,0.183,1.59,0.67,14.1,,g,,1997.166,2450510.2,0.494
1.44606667,-9.500475,J000547.0-093001,FITS,00 05 47.056,-09 30 01.71,0.042,1.12,1.15,0.141,1.91,0.0,117.6,,g,,1997.166,2450510.2,0.472
3.9726125,-9.50058889,J001553.4-093002,FITS,00 15 53.427,-09 30 02.12,0.522,1.14,0.61,0.157,0.0,0.0,115.8,,g,,1997.167,2450510.3,1.731
26.10229167,-9.50080833,J014424.5-093002,FITS,01 44 24.550,-09 30 02.91,0.06,1.18,1.47,0.153,6.25,0.0,86.9,,,,1997.167,2450510.3,1.204
332.1231,-9.501,J220829.5-093003,FITS,22 08 29.544,-09 30 03.60,0.014,7.93,8.12,0.257,1.47,0.0,47.0,,,,1997.168,2450510.7,4.53
333.3802375,-9.50103889,J221331.2-093003,FITS,22 13 31.257,-09 30 03.74,0.014,1.26,0.85,0.12,0.0,0.0,153.0,,,,1997.206,2450524.8,16.876
354.248125,-9.50122222,J233659.5-093004,FITS,23 36 59.550,-09 30 04.40,0.014,3.63,3.54,0.158,1.93,0.0,123.7,,s,,1997.18,2450515.3,15.391
12.67950417,-9.50146944,J005043.0-093005,FITS,00 50 43.081,-09 30 05.29,0.266,2.11,1.33,0.147,0.0,0.0,148.1,,,,1997.166,2450510.2,0.478
356.97187083,-9.50152222,J234753.2-093005,FITS,23 47 53.249,-09 30 05.48,0.649,1.03,0.95,0.139,4.33,0.0,89.1,,g,,1997.166,2450510.2,0.457
351.72230417,-9.50174167,J232653.3-093006,FITS,23 26 53.353,-09 30 06.27,0.711,1.01,0.78,0.138,0.53,0.0,8.1,,s,,1997.256,2450542.8,9.152
21.47765833,-9.50179167,J012554.6-093006,FITS,01 25 54.638,-09 30 06.45,0.014,3.27,3.68,0.153,3.62,0.0,58.9,,g,,1997.167,2450510.4,1.994
339.86731667,-9.50202778,J223928.1-093007,FITS,22 39 28.156,-09 30 07.30,0.014,8.75,19.24,0.146,6.85,5.92,90.0,,g,,1997.263,2450545.5,1.977
343.16332083,-9.50208056,J225239.1-093007,FITS,22 52 39.197,-09 30 07.49,0.014,3.61,3.36,0.149,1.25,0.0,136.0,,s,,1997.267,2450547.1,4.383
1.32568333,-9.50215278,J000518.1-093007,FITS,00 05 18.164,-09 30 07.75,0.135,1.18,0.72,0.156,0.0,0.0,52.9,,,,1997.167,2450510.3,1.398
350.16401667,-9.502175,J232039.3-093007,FITS,23 20 39.364,-09 30 07.83,0.494,1.01,0.81,0.145,1.66,0.0,65.2,,,,1997.258,2450543.7,7.313
346.63080417,-9.50230833,J230631.3-093008,FITS,23 06 31.393,-09 30 08.31,0.014,2.97,2.77,0.148,3.89,0.0,143.3,,,,1997.263,2450545.6,2.199
354.233725,-9.50238889,J233656.0-093008,FITS,23 36 56.094,-09 30 08.60,0.058,1.43,0.99,0.159,0.0,0.0,115.6,,g,,1997.179,2450515.0,14.937
359.29222917,-9.50248056,J235710.1-093008,FITS,23 57 10.135,-09 30 08.93,0.014,8.85,11.68,0.14,3.91,2.72,149.0,,,,1997.166,2450510.2,0.459
352.9513875,-9.50262222,J233148.3-093009,FITS,23 31 48.333,-09 30 09.44,0.141,1.75,1.36,0.165,1.89,0.0,68.3,,,,1997.184,2450516.6,16.968
11.5237625,-9.50291944,J004605.7-093010,FITS,00 46 05.703,-09 30 10.51,0.2,1.34,1.09,0.154,1.66,0.0,59.2,,g,,1997.167,2450510.4,2.013
336.41994167,-9.50323333,J222540.7-093011,FITS,22 25 40.786,-09 30 11.64,0.285,1.01,1.01,0.15,8.06,0.0,56.7,,s,,1997.249,2450540.3,10.988
12.64380417,-9.50332222,J005034.5-093011,FITS,00 50 34.513,-09 30 11.96,0.516,1.46,0.66,0.154,0.0,0.0,98.3,,,,1997.166,2450510.1,0.495
347.2675875,-9.50343056,J230904.2-093012,FITS,23 09 04.221,-09 30 12.35,0.528,1.17,0.71,0.141,0.0,0.0,116.5,,,,1997.262,2450545.2,0.209
338.56584583,-9.50355278,J223415.8-093012,FITS,22 34 15.803,-09 30 12.79,0.014,28.69,30.35,0.152,1.63,1.03,80.5,,,,1997.267,2450547.0,4.354
8.14054167,-9.50364722,J003233.7-093013,FITS,00 32 33.730,-09 30 13.13,0.014,8.59,8.87,0.17,2.02,0.0,67.4,,,,1997.166,2450510.1,0.496
330.949325,-9.5041,J220347.8-093014,FITS,22 03 47.838,-09 30 14.76,0.136,1.27,0.71,0.165,0.0,0.0,119.7,,g,,1997.165,2450509.8,0.499
23.8494875,-9.50419167,J013523.8-093015,FITS,01 35 23.877,-09 30 15.09,0.715,1.41,1.05,0.194,2.86,0.0,93.9,,,,1997.167,2450510.4,1.221
340.198425,-9.50425278,J224047.6-093015,FITS,22 40 47.622,-09 30 15.31,0.014,4.66,6.38,0.152,6.15,0.0,97.6,,g,,1997.267,2450547.0,4.311
340.19557083,-9.50428889,J224046.9-093015,FITS,22 40 46.937,-09 30 15.44,0.014,1.85,4.13,0.151,10.16,2.07,94.4,,,,1997.267,2450547.0,4.325
1.88847917,-9.50441389,J000733.2-093015,FITS,00 07 33.235,-09 30 15.89,0.014,2.52,2.36,0.149,2.03,0.0,83.4,,g,,1997.167,2450510.4,2.21
8.7003625,-9.50448611,J003448.0-093016,FITS,00 34 48.087,-09 30 16.15,0.794,1.03,0.78,0.154,3.7,0.0,69.3,,,,1997.167,2450510.4,2.121
5.1362875,-9.50449167,J002032.7-093016,FITS,00 20 32.709,-09 30 16.17,0.06,1.18,0.63,0.16,0.0,0.0,88.5,,,,1997.167,2450510.3,0.982
347.33970417,-9.50461944,J230921.5-093016,FITS,23 09 21.529,-09 30 16.63,0.014,2.6,4.13,0.145,7.98,0.0,94.8,,s,,1997.262,2450545.2,0.192
347.050225,-9.50466944,J230812.0-093016,FITS,23 08 12.054,-09 30 16.81,0.014,1.71,1.79,0.156,4.74,0.0,112.0,,g,,1997.265,2450546.3,3.386
21.41915417,-9.504925,J012540.5-093017,FITS,01 25 40.597,-09 30 17.73,0.014,8.31,8.02,0.152,0.0,0.0,114.0,,,,1997.167,2450510.5,2.202
340.2011375,-9.50493333,J224048.2-093017,FITS,22 40 48.273,-09 30 17.76,0.014,1.8,2.15,0.152,4.3,0.0,85.3,,,,1997.267,2450547.0,4.316
16.54850833,-9.50493889,J010611.6-093017,FITS,01 06 11.642,-09 30 17.78,0.522,1.0,0.59,0.142,0.11,0.0,85.6,,s,,1997.166,2450510.2,0.45
346.63367083,-9.50499444,J230632.0-093017,FITS,23 06 32.081,-09 30 17.98,0.014,6.01,20.99,0.148,20.56,0.0,143.0,,g,,1997.263,2450545.7,2.293
7.91770833,-9.50515833,J003140.2-093018,FITS,00 31 40.250,-09 30 18.57,0.3,1.04,1.45,0.153,10.15,0.0,113.6,,,,1997.167,2450510.4,2.208
8.07933333,-9.50516111,J003219.0-093018,FITS,00 32 19.040,-09 30 18.58,0.809,1.1,0.83,0.155,3.5,0.0,87.4,,,,1997.167,2450510.4,1.393
354.8073125,-9.50536944,J233913.7-093019,FITS,23 39 13.755,-09 30 19.33,0.27,1.05,0.56,0.141,0.0,0.0,71.7,,,,1997.166,2450510.2,0.455
349.59744583,-9.50545278,J231823.3-093019,FITS,23 18 23.387,-09 30 19.63,0.014,1.94,1.46,0.145,0.0,0.0,118.8,,s,,1997.259,2450543.9,6.93
30.00932917,-9.50549167,J020002.2-093019,FITS,02 00 02.239,-09 30 19.77,0.101,1.26,0.82,0.142,2.1,0.0,118.9,,,,1997.167,2450510.3,0.433
23.13740833,-9.50555556,J013232.9-093020,FITS,01 32 32.978,-09 30 20.00,0.793,1.1,0.79,0.149,2.66,0.0,106.3,,g,,1997.167,2450510.3,0.978
22.67039167,-9.50561944,J013040.8-093020,FITS,01 30 40.894,-09 30 20.23,0.458,1.2,1.15,0.158,6.97,0.0,126.4,,,,1997.167,2450510.4,1.394
335.53487083,-9.50571667,J222208.3-093020,FITS,22 22 08.369,-09 30 20.58,0.714,1.02,0.79,0.153,3.17,0.0,98.2,,g,,1997.25,2450540.7,10.659
25.3999,-9.50631667,J014135.9-093022,FITS,01 41 35.976,-09 30 22.74,0.2,1.65,2.88,0.184,5.92,4.24,26.3,,,,1997.166,2450510.2,0.481
39.5238375,-9.50646944,J023805.7-093023,FITS,02 38 05.721,-09 30 23.29,0.671,1.13,0.62,0.168,0.0,0.0,75.7,,,,1997.165,2450509.9,0.492
357.5083375,-9.50659722,J235002.0-093023,FITS,23 50 02.001,-09 30 23.75,0.014,2.93,2.2,0.158,0.0,0.0,107.3,,,,1997.181,2450515.6,15.703
20.25956667,-9.50687778,J012102.2-093024,FITS,01 21 02.296,-09 30 24.76,0.483,1.01,0.66,0.135,0.0,0.0,106.9,,s,,1997.167,2450510.3,0.407
25.31610833,-9.50716667,J014115.8-093025,FITS,01 41 15.866,-09 30 25.80,0.339,1.57,1.23,0.201,1.29,0.0,63.3,,,,1997.167,2450510.4,1.516
16.58355,-9.50742222,J010620.0-093026,FITS,01 06 20.052,-09 30 26.72,0.014,5.19,5.12,0.145,1.24,0.0,76.4,,g,,1997.166,2450510.2,0.462
337.1909,-9.507725,J222845.8-093027,FITS,22 28 45.816,-09 30 27.81,0.014,6.74,6.62,0.268,1.69,0.0,95.5,,,,1997.249,2450540.2,11.11
30.44134583,-9.50785556,J020145.9-093028,FITS,02 01 45.923,-09 30 28.28,0.338,1.19,0.66,0.156,0.0,0.0,57.3,,g,,1997.167,2450510.6,2.19
17.20284583,-9.50829722,J010848.6-093029,FITS,01 08 48.683,-09 30 29.87,0.014,1.26,1.25,0.132,1.76,0.0,21.3,,g,,1997.167,2450510.3,0.438
332.3678,-9.50844444,J220928.2-093030,FITS,22 09 28.272,-09 30 30.40,0.795,1.04,0.87,0.154,4.15,0.0,59.5,,,,1997.168,2450510.8,4.273
29.18468333,-9.50850833,J015644.3-093030,FITS,01 56 44.324,-09 30 30.63,0.027,1.18,1.09,0.143,1.96,0.0,59.0,,g,,1997.167,2450510.3,0.448
332.02895417,-9.50866111,J220806.9-093031,FITS,22 08 06.949,-09 30 31.18,0.117,2.51,1.8,0.401,0.0,0.0,63.7,,,,1997.165,2450509.8,0.5
35.33050417,-9.50888333,J022119.3-093031,FITS,02 21 19.321,-09 30 31.98,0.014,4.82,6.6,0.143,4.48,2.63,148.8,,,,1997.167,2450510.3,0.456
342.705575,-9.50892778,J225049.3-093032,FITS,22 50 49.338,-09 30 32.14,0.014,2.99,2.63,0.142,0.0,0.0,94.5,,,,1997.262,2450545.2,0.194
22.3648875,-9.50898611,J012927.5-093032,FITS,01 29 27.573,-09 30 32.35,0.541,1.13,0.81,0.153,2.04,0.0,76.3,,,,1997.167,2450510.4,1.126
22.36249167,-9.50901111,J012926.9-093032,FITS,01 29 26.998,-09 30 32.44,0.493,1.05,0.5,0.153,0.0,0.0,96.9,,,,1997.167,2450510.4,1.146
25.32695,-9.50914722,J014118.4-093032,FITS,01 41 18.468,-09 30 32.93,0.809,1.28,0.52,0.2,0.0,0.0,84.5,,,,1997.167,2450510.4,1.445
354.85452917,-9.50931111,J233925.0-093033,FITS,23 39 25.087,-09 30 33.52,0.431,1.07,0.69,0.147,0.0,0.0,53.4,,,,1997.166,2450510.1,0.474
345.75554583,-9.50934167,J230301.3-093033,FITS,23 03 01.331,-09 30 33.63,0.014,2.79,4.16,0.141,6.37,1.86,171.2,,,,1997.262,2450545.2,0.2
2.07195,-9.50994167,J000817.2-093035,FITS,00 08 17.268,-09 30 35.79,0.429,1.06,0.63,0.153,0.36,0.0,108.9,,,,1997.167,2450510.4,1.492
16.8315625,-9.51006111,J010719.5-093036,FITS,01 07 19.575,-09 30 36.22,0.014,33.87,59.2,0.154,6.73,2.84,92.9,,g,,1997.167,2450510.6,2.271
10.026575,-9.51020556,J004006.3-093036,FITS,00 40 06.378,-09 30 36.74,0.014,4.27,5.45,0.159,3.87,2.27,26.6,,,,1997.167,2450510.5,2.114
33.56008333,-9.51043333,J021414.4-093037,FITS,02 14 14.420,-09 30 37.56,0.014,22.75,23.76,0.159,1.64,0.83,4.0,,g,,1997.167,2450510.5,1.592
350.20579167,-9.51052778,J232049.3-093037,FITS,23 20 49.390,-09 30 37.90,0.014,3.45,3.46,0.141,1.61,0.0,71.5,,g,,1997.259,2450543.9,7.034
343.07624167,-9.51056389,J225218.2-093038,FITS,22 52 18.298,-09 30 38.03,0.016,1.3,1.13,0.151,1.96,0.0,92.5,,,,1997.268,2450547.3,4.592
23.7402875,-9.51075,J013457.6-093038,FITS,01 34 57.669,-09 30 38.70,0.877,1.52,1.66,0.237,6.38,0.0,47.5,,s,,1997.167,2450510.6,2.047
11.0068125,-9.51081389,J004401.6-093038,FITS,00 44 01.635,-09 30 38.93,0.014,3.56,4.1,0.159,3.55,0.0,87.5,,s,,1997.167,2450510.5,1.963
21.356525,-9.51081944,J012525.5-093038,FITS,01 25 25.566,-09 30 38.95,0.131,1.16,0.91,0.153,3.18,0.0,112.8,,g,,1997.167,2450510.6,2.326
353.2278125,-9.51088333,J233254.6-093039,FITS,23 32 54.675,-09 30 39.18,0.429,1.1,0.61,0.163,0.0,0.0,88.2,,,,1997.166,2450510.2,0.416
6.5599125,-9.51088611,J002614.3-093039,FITS,00 26 14.379,-09 30 39.19,0.014,2.16,2.51,0.155,4.5,0.0,127.1,,g,,1997.167,2450510.4,1.599
345.78246667,-9.51089444,J230307.7-093039,FITS,23 03 07.792,-09 30 39.22,0.014,1.29,1.03,0.139,0.0,0.0,91.0,,g,,1997.262,2450545.2,0.192
330.81258333,-9.51096944,J220315.0-093039,FITS,22 03 15.020,-09 30 39.49,0.014,15.44,15.55,0.141,1.12,0.0,141.1,,g,,1997.166,2450510.2,0.44
8.11447083,-9.51098333,J003227.4-093039,FITS,00 32 27.473,-09 30 39.54,0.014,1.85,3.4,0.151,6.81,3.53,88.9,,,,1997.167,2450510.4,1.142
14.91815,-9.51118333,J005940.3-093040,FITS,00 59 40.356,-09 30 40.26,0.014,3.89,3.88,0.146,2.22,0.0,101.0,,g,,1997.166,2450510.2,0.449
7.61669583,-9.51123056,J003028.0-093040,FITS,00 30 28.007,-09 30 40.43,0.21,1.01,1.04,0.146,4.53,0.0,79.9,,,,1997.167,2450510.3,1.031
340.89830833,-9.51126111,J224335.5-093040,FITS,22 43 35.594,-09 30 40.54,0.265,1.05,0.37,0.152,0.0,0.0,89.8,,s,,1997.268,2450547.4,4.687
335.89918333,-9.51143333,J222335.8-093041,FITS,22 23 35.804,-09 30 41.16,0.014,12.39,12.45,0.147,1.05,0.0,23.1,,,,1997.262,2450545.2,0.175
333.20567083,-9.51146111,J221249.3-093041,FITS,22 12 49.361,-09 30 41.26,0.014,9.97,10.01,0.142,1.67,0.0,107.3,,s,,1997.188,2450518.0,14.143
39.25742917,-9.51160833,J023701.7-093041,FITS,02 37 01.783,-09 30 41.79,0.877,1.11,1.36,0.169,5.97,0.0,58.7,,,,1997.165,2450509.8,0.463
16.83486667,-9.51161667,J010720.3-093041,FITS,01 07 20.368,-09 30 41.82,0.014,36.09,48.88,0.154,4.39,2.21,115.4,,,,1997.167,2450510.6,2.298
29.22077083,-9.51181389,J015652.9-093042,FITS,01 56 52.985,-09 30 42.53,0.014,1.46,1.01,0.141,0.0,0.0,3.9,,,,1997.167,2450510.3,0.416
24.221825,-9.51190278,J013653.2-093042,FITS,01 36 53.238,-09 30 42.85,0.275,1.9,1.61,0.159,2.08,0.0,99.9,,g,,1997.167,2450510.5,1.843
340.74455,-9.51209167,J224258.6-093043,FITS,22 42 58.692,-09 30 43.53,0.324,1.05,0.87,0.156,5.22,0.0,52.0,,,,1997.267,2450546.8,4.116
34.88074167,-9.51211389,J021931.3-093043,FITS,02 19 31.378,-09 30 43.61,0.014,1.66,1.25,0.154,0.0,0.0,81.8,,,,1997.168,2450510.7,2.316
27.11117917,-9.51213889,J014826.6-093043,FITS,01 48 26.683,-09 30 43.70,0.809,1.07,0.68,0.146,0.0,0.0,143.1,,,,1997.167,2450510.4,0.996
17.27812083,-9.51214444,J010906.7-093043,FITS,01 09 06.749,-09 30 43.72,0.014,35.47,36.04,0.131,1.42,0.0,167.6,,g,,1997.167,2450510.3,0.414
34.08873333,-9.51216389,J021621.2-093043,FITS,02 16 21.296,-09 30 43.79,0.014,9.04,9.46,0.154,2.66,0.0,157.1,,,,1997.168,2450510.7,2.313
1.48110833,-9.51226389,J000555.4-093044,FITS,00 05 55.466,-09 30 44.15,0.014,1.47,7.48,0.138,19.93,5.65,89.6,,,,1997.166,2450510.2,0.409
344.98012917,-9.51241111,J225955.2-093044,FITS,22 59 55.231,-09 30 44.68,0.866,1.0,0.77,0.146,3.47,0.0,72.5,,,,1997.262,2450545.2,0.19
24.74263333,-9.51267778,J013858.2-093045,FITS,01 38 58.232,-09 30 45.64,0.141,1.47,1.18,0.141,0.87,0.0,76.5,,g,,1997.167,2450510.3,0.383
26.86534583,-9.51288611,J014727.6-093046,FITS,01 47 27.683,-09 30 46.39,0.107,1.68,1.94,0.151,7.13,0.0,141.3,,s,,1997.167,2450510.4,1.147
355.557,-9.51303611,J234213.6-093046,FITS,23 42 13.680,-09 30 46.93,0.736,1.03,0.86,0.136,4.62,0.0,85.2,,s,,1997.166,2450510.2,0.426
1.4839,-9.51305833,J000556.1-093047,FITS,00 05 56.136,-09 30 47.01,0.014,2.58,4.52,0.138,7.95,0.0,81.6,,,,1997.166,2450510.2,0.405
347.45859167,-9.51319444,J230950.0-093047,FITS,23 09 50.062,-09 30 47.50,0.516,1.36,0.54,0.157,0.0,0.0,91.0,,,,1997.266,2450546.5,3.713
21.72613333,-9.51325556,J012654.2-093047,FITS,01 26 54.272,-09 30 47.72,0.014,3.87,3.97,0.131,2.0,0.0,140.2,,g,,1997.167,2450510.3,0.408
355.43615,-9.51351111,J234144.6-093048,FITS,23 41 44.676,-09 30 48.64,0.322,1.06,0.65,0.137,0.0,0.0,112.3,,g,,1997.166,2450510.2,0.429
22.30690417,-9.51352222,J012913.6-093048,FITS,01 29 13.657,-09 30 48.68,0.505,1.05,0.67,0.157,0.62,0.0,99.1,,,,1997.167,2450510.5,1.646
30.0641625,-9.51356667,J020015.3-093048,FITS,02 00 15.399,-09 30 48.84,0.589,1.03,0.53,0.143,0.0,0.0,86.8,,s,,1997.167,2450510.3,0.429
36.95924167,-9.51357778,J022750.2-093048,FITS,02 27 50.218,-09 30 48.88,0.014,1.89,1.96,0.159,4.8,0.0,92.8,,g,,1997.167,2450510.6,1.77
330.81411667,-9.5137,J220315.3-093049,FITS,22 03 15.388,-09 30 49.32,0.014,1.29,1.86,0.141,7.82,0.0,149.5,,,,1997.166,2450510.2,0.431
339.41597083,-9.51378889,J223739.8-093049,FITS,22 37 39.833,-09 30 49.64,0.779,1.03,0.91,0.151,5.2,0.0,158.4,,g,,1997.268,2450547.5,4.708
347.65943333,-9.51393333,J231038.2-093050,FITS,23 10 38.264,-09 30 50.16,0.788,1.1,0.5,0.153,0.0,0.0,82.6,,s,,1997.269,2450547.5,4.732
24.40914583,-9.51394722,J013738.1-093050,FITS,01 37 38.195,-09 30 50.21,0.877,1.11,1.37,0.153,7.79,0.0,96.4,,g,,1997.168,2450510.7,2.343
37.45369167,-9.51395,J022948.8-093050,FITS,02 29 48.886,-09 30 50.22,0.197,1.07,0.52,0.141,0.0,0.0,69.7,,g,,1997.167,2450510.3,0.415
16.71399583,-9.51399167,J010651.3-093050,FITS,01 06 51.359,-09 30 50.37,0.014,4.49,4.24,0.158,0.42,0.0,101.4,,s,,1997.167,2450510.5,1.808
347.1060875,-9.51403611,J230825.4-093050,FITS,23 08 25.461,-09 30 50.53,0.37,1.2,1.01,0.151,3.29,0.0,122.0,,,,1997.264,2450545.9,2.654
345.70012083,-9.51409444,J230248.0-093050,FITS,23 02 48.029,-09 30 50.74,0.097,1.08,0.74,0.14,0.0,0.0,124.4,,,,1997.262,2450545.2,0.182
38.6120625,-9.51413611,J023426.8-093050,FITS,02 34 26.895,-09 30 50.89,0.415,1.6,1.04,0.181,0.0,0.0,134.7,,,,1999.522,2451370.0,1747.619
10.0257375,-9.51416944,J004006.1-093051,FITS,00 40 06.177,-09 30 51.01,0.21,1.05,2.28,0.159,10.17,3.18,7.1,,s,,1997.167,2450510.6,2.159
30.7135875,-9.51425,J020251.2-093051,FITS,02 02 51.261,-09 30 51.30,0.014,10.22,18.07,0.144,8.15,1.61,40.7,,g,,1997.167,2450510.3,0.41
339.28827917,-9.51426944,J223709.1-093051,FITS,22 37 09.187,-09 30 51.37,0.014,9.89,9.72,0.153,1.37,0.0,88.0,,,,1997.268,2450547.2,4.516
0.39717917,-9.51430278,J000135.3-093051,FITS,00 01 35.323,-09 30 51.49,0.372,1.05,0.5,0.157,0.0,0.0,75.8,,,,1997.167,2450510.6,2.367
9.21478333,-9.51430278,J003651.5-093051,FITS,00 36 51.548,-09 30 51.49,0.612,1.19,1.23,0.16,5.38,0.0,57.1,,g,,1997.167,2450510.5,1.818
8.11559167,-9.51433333,J003227.7-093051,FITS,00 32 27.742,-09 30 51.60,0.194,1.2,3.11,0.15,17.7,0.0,150.2,,g,,1997.167,2450510.4,1.154
11.79104583,-9.51436667,J004709.8-093051,FITS,00 47 09.851,-09 30 51.72,0.793,1.06,0.76,0.159,0.0,0.0,90.4,,g,,1997.167,2450510.5,1.776
27.07938333,-9.51443333,J014819.0-093051,FITS,01 48 19.052,-09 30 51.96,0.797,1.0,0.57,0.146,1.04,0.0,93.9,,,,1997.167,2450510.3,0.288
7.9949875,-9.51445556,J003158.7-093052,FITS,00 31 58.797,-09 30 52.04,0.877,1.06,1.28,0.157,6.65,0.0,89.1,,s,,1997.167,2450510.5,2.067
354.4412875,-9.51451389,J233745.9-093052,FITS,23 37 45.909,-09 30 52.25,0.561,1.05,0.84,0.156,3.91,0.0,99.9,,,,1997.188,2450518.3,18.486
30.5113,-9.51458611,J020202.7-093052,FITS,02 02 02.712,-09 30 52.51,0.014,2.48,2.45,0.161,3.69,0.0,85.8,,g,,1997.167,2450510.6,1.978
28.85513333,-9.51459444,J015525.2-093052,FITS,01 55 25.232,-09 30 52.54,0.014,2.19,1.98,0.155,0.0,0.0,91.9,,g,,1997.168,2450510.7,2.375
8.06880417,-9.51460278,J003216.5-093052,FITS,00 32 16.513,-09 30 52.57,0.014,84.73,89.01,0.156,1.72,0.8,35.4,,,,1997.167,2450510.4,1.558
352.05600417,-9.51465833,J232813.4-093052,FITS,23 28 13.441,-09 30 52.77,0.014,6.57,6.34,0.156,1.36,0.0,96.6,,,,1997.202,2450523.3,20.28
8.22832917,-9.51485278,J003254.7-093053,FITS,00 32 54.799,-09 30 53.47,0.014,2.12,2.15,0.16,4.27,0.0,102.4,,g,,1997.167,2450510.3,0.4
352.05,-9.51488611,J232812.0-093053,FITS,23 28 12.000,-09 30 53.59,0.014,1.55,0.86,0.156,0.0,0.0,108.5,,,,1997.203,2450523.7,20.319
353.96691667,-9.51497778,J233552.0-093053,FITS,23 35 52.060,-09 30 53.92,0.481,1.04,0.58,0.153,0.0,0.0,81.6,,,,1997.166,2450510.2,0.405
11.76347917,-9.51508056,J004703.2-093054,FITS,00 47 03.235,-09 30 54.29,0.014,3.18,3.89,0.158,3.36,1.8,98.9,,,,1997.167,2450510.5,1.97
22.27616667,-9.51524167,J012906.2-093054,FITS,01 29 06.280,-09 30 54.87,0.658,1.04,1.13,0.158,6.89,0.0,94.8,,,,1997.167,2450510.6,1.89
38.09279583,-9.51525,J023222.2-093054,FITS,02 32 22.271,-09 30 54.90,0.6,1.06,0.46,0.158,0.0,0.0,74.6,,s,,1997.167,2450510.5,1.356
337.45324583,-9.51566111,J222948.7-093056,FITS,22 29 48.779,-09 30 56.38,0.014,1.19,1.04,0.151,1.21,0.0,71.5,,,,1997.262,2450545.2,0.18
7.95803333,-9.51568333,J003149.9-093056,FITS,00 31 49.928,-09 30 56.46,0.21,1.07,1.08,0.156,5.72,0.0,83.2,,,,1997.167,2450510.6,2.239
23.67670417,-9.51588333,J013442.4-093057,FITS,01 34 42.409,-09 30 57.18,0.809,1.54,1.11,0.246,2.21,0.0,9.3,,,,1997.168,2450510.7,2.331
30.7121875,-9.51596389,J020250.9-093057,FITS,02 02 50.925,-09 30 57.47,0.014,4.56,9.45,0.147,9.85,2.45,29.6,,,,1997.167,2450510.4,0.204
353.85222917,-9.51611111,J233524.5-093058,FITS,23 35 24.535,-09 30 58.00,0.117,1.53,0.91,0.224,0.0,0.0,88.2,,g,,1997.173,2450512.8,10.936
23.2919625,-9.51613333,J013310.0-093058,FITS,01 33 10.071,-09 30 58.08,0.865,1.01,0.76,0.149,3.28,0.0,110.4,,,,1997.167,2450510.3,0.405
339.89535417,-9.51623056,J223934.8-093058,FITS,22 39 34.885,-09 30 58.43,0.014,2.14,2.85,0.151,5.39,0.0,95.6,,g,,1997.264,2450545.9,2.721
329.7489625,-9.51627222,J215859.7-093058,FITS,21 58 59.751,-09 30 58.58,0.298,1.35,0.87,0.171,2.15,0.0,109.2,,,,1997.165,2450509.7,0.481
23.90079167,-9.51628333,J013536.1-093058,FITS,01 35 36.190,-09 30 58.62,0.014,12.2,18.72,0.165,6.39,0.91,118.8,,s,,1997.166,2450510.2,0.448
36.31365417,-9.51643333,J022515.2-093059,FITS,02 25 15.277,-09 30 59.16,0.014,85.91,112.33,0.155,5.26,0.7,7.5,,g,,1997.168,2450510.7,2.312
12.67405833,-9.51656667,J005041.7-093059,FITS,00 50 41.774,-09 30 59.64,0.238,1.34,1.61,0.147,6.95,0.0,63.6,,,,1997.166,2450510.2,0.427
16.9789625,-9.51663889,J010754.9-093059,FITS,01 07 54.951,-09 30 59.90,0.67,1.03,0.48,0.155,0.0,0.0,88.9,,g,,1997.167,2450510.6,2.166
11.95804167,-9.51665833,J004749.9-093059,FITS,00 47 49.930,-09 30 59.97,0.185,1.16,0.88,0.142,0.0,0.0,73.1,,,,1997.167,2450510.3,0.404
358.3892875,-9.516725,J235333.4-093100,FITS,23 53 33.429,-09 31 00.21,0.441,1.06,0.64,0.147,0.0,0.0,101.3,,,,1997.17,2450511.7,8.345
36.65222083,-9.51681111,J022636.5-093100,FITS,02 26 36.533,-09 31 00.52,0.739,1.03,0.5,0.148,0.0,0.0,67.6,,g,,1997.167,2450510.3,0.444
359.81097917,-9.51684722,J235914.6-093100,FITS,23 59 14.635,-09 31 00.65,0.228,1.07,0.8,0.15,0.0,0.0,39.9,,,,1997.172,2450512.5,10.083
355.52612083,-9.51730833,J234206.2-093102,FITS,23 42 06.269,-09 31 02.31,0.107,1.21,1.2,0.134,3.75,0.0,100.7,,,,1997.166,2450510.2,0.393
39.1420125,-9.51734167,J023634.0-093102,FITS,02 36 34.083,-09 31 02.43,0.528,1.4,1.0,0.155,3.1,0.0,157.6,,g,,1997.166,2450510.2,0.413
339.48414167,-9.51735278,J223756.1-093102,FITS,22 37 56.194,-09 31 02.47,0.014,8.98,9.37,0.155,2.09,0.0,67.0,,g,,1997.268,2450547.2,4.443
17.41589583,-9.51744722,J010939.8-093102,FITS,01 09 39.815,-09 31 02.81,0.014,8.83,9.25,0.147,2.23,0.0,27.2,,g,,1997.167,2450510.5,1.448
23.64865417,-9.51748333,J013435.6-093102,FITS,01 34 35.677,-09 31 02.94,0.014,931.99,960.21,0.249,1.46,0.5,168.6,,s,,1997.168,2450510.7,2.408
4.62555417,-9.51769167,J001830.1-093103,FITS,00 18 30.133,-09 31 03.69,0.101,1.54,0.98,0.169,0.0,0.0,130.2,,,,1997.167,2450510.4,1.1
16.61965833,-9.517725,J010628.7-093103,FITS,01 06 28.718,-09 31 03.81,0.877,1.08,1.04,0.149,2.16,0.0,90.3,,,,1997.167,2450510.4,1.05
38.53239583,-9.51779167,J023407.7-093104,FITS,02 34 07.775,-09 31 04.05,0.709,1.3,0.67,0.182,0.0,0.0,123.8,,,,1999.325,2451298.2,1689.799
6.06010833,-9.51789167,J002414.4-093104,FITS,00 24 14.426,-09 31 04.41,0.668,1.03,0.59,0.143,0.0,0.0,70.8,,g,,1997.166,2450510.2,0.41
346.642425,-9.51790556,J230634.1-093104,FITS,23 06 34.182,-09 31 04.46,0.014,1.96,7.75,0.15,16.91,4.39,105.8,,,,1997.264,2450545.9,2.699
347.43275417,-9.51790556,J230943.8-093104,FITS,23 09 43.861,-09 31 04.46,0.014,41.73,45.13,0.155,2.01,1.14,65.2,,s,,1997.265,2450546.3,3.42
35.1999,-9.51799167,J022047.9-093104,FITS,02 20 47.976,-09 31 04.77,0.014,3.44,3.35,0.14,1.22,0.0,44.2,,s,,1997.167,2450510.3,0.403
350.8406625,-9.51809444,J232321.7-093105,FITS,23 23 21.759,-09 31 05.14,0.014,2.49,1.91,0.153,0.0,0.0,93.6,,,,1997.265,2450546.1,3.011
8.11689167,-9.51810278,J003228.0-093105,FITS,00 32 28.054,-09 31 05.17,0.014,1.59,2.59,0.149,6.14,2.59,95.5,,,,1997.167,2450510.4,1.167
8.02383333,-9.51811667,J003205.7-093105,FITS,00 32 05.720,-09 31 05.22,0.877,1.05,1.42,0.158,6.71,0.0,88.6,,g,,1997.167,2450510.6,1.936
23.65242083,-9.51818333,J013436.5-093105,FITS,01 34 36.581,-09 31 05.46,0.181,2.33,1.23,0.249,0.0,0.0,92.9,,s,,1997.168,2450510.7,2.41
347.11680417,-9.518325,J230828.0-093105,FITS,23 08 28.033,-09 31 05.97,0.014,4.67,9.36,0.15,9.88,0.0,77.2,,g,,1997.264,2450545.8,2.537
335.922875,-9.51838333,J222341.4-093106,FITS,22 23 41.490,-09 31 06.18,0.436,1.05,0.42,0.143,0.0,0.0,89.8,,,,1997.262,2450545.2,0.168
33.04350833,-9.51840833,J021210.4-093106,FITS,02 12 10.442,-09 31 06.27,0.014,4.14,3.95,0.142,1.39,0.0,82.5,,,,1997.167,2450510.3,0.397
356.979975,-9.51845278,J234755.1-093106,FITS,23 47 55.194,-09 31 06.43,0.014,1.41,1.09,0.138,1.53,0.0,83.2,,s,,1997.166,2450510.2,0.386
24.3212625,-9.51855278,J013717.1-093106,FITS,01 37 17.103,-09 31 06.79,0.014,62.64,89.95,0.155,4.84,2.66,55.7,,g,,1997.168,2450510.7,2.36
12.2949375,-9.51861389,J004910.7-093107,FITS,00 49 10.785,-09 31 07.01,0.521,1.47,0.8,0.185,0.0,0.0,117.7,,,,1997.168,2450510.7,2.284
340.47540833,-9.51874167,J224154.0-093107,FITS,22 41 54.098,-09 31 07.47,0.014,3.91,3.72,0.141,1.23,0.0,127.7,,,,1997.262,2450545.2,0.177
14.4485875,-9.51923056,J005747.6-093109,FITS,00 57 47.661,-09 31 09.23,0.014,1.52,0.91,0.157,0.0,0.0,103.5,,,,1997.167,2450510.5,1.74
23.6388625,-9.51923611,J013433.3-093109,FITS,01 34 33.327,-09 31 09.25,0.443,1.83,1.07,0.245,1.0,0.0,98.3,,s,,1997.168,2450510.8,2.408
347.43021667,-9.51925278,J230943.2-093109,FITS,23 09 43.252,-09 31 09.31,0.014,330.42,346.24,0.155,1.42,1.12,40.2,,,,1997.265,2450546.3,3.406
5.34241667,-9.51926389,J002122.1-093109,FITS,00 21 22.180,-09 31 09.35,0.014,2.63,2.15,0.145,0.0,0.0,87.9,,g,,1997.166,2450510.2,0.432
23.15268333,-9.51934444,J013236.6-093109,FITS,01 32 36.644,-09 31 09.64,0.78,1.1,0.74,0.147,1.23,0.0,95.4,,s,,1997.167,2450510.4,0.928
39.80861667,-9.51936667,J023914.0-093109,FITS,02 39 14.068,-09 31 09.72,0.654,1.0,0.67,0.143,2.7,0.0,75.2,,,,1997.167,2450510.3,0.403
355.59187083,-9.51946389,J234222.0-093110,FITS,23 42 22.049,-09 31 10.07,0.082,1.61,2.04,0.14,5.01,0.0,98.1,,g,,1997.166,2450510.2,0.431
356.89184167,-9.519475,J234734.0-093110,FITS,23 47 34.042,-09 31 10.11,0.359,1.15,1.3,0.145,5.76,0.0,89.6,,,,1997.17,2450511.7,8.337
36.1757,-9.51947778,J022442.1-093110,FITS,02 24 42.168,-09 31 10.12,0.014,1.76,1.43,0.158,0.0,0.0,67.1,,g,,1997.167,2450510.6,1.55
345.889875,-9.51955556,J230333.5-093110,FITS,23 03 33.570,-09 31 10.40,0.493,1.02,0.49,0.149,0.0,0.0,90.8,,g,,1997.264,2450545.9,2.682
342.98103333,-9.51957222,J225155.4-093110,FITS,22 51 55.448,-09 31 10.46,0.014,3.77,4.39,0.157,4.73,0.0,161.2,,g,,1997.267,2450546.9,4.158
14.64736667,-9.51959722,J005835.3-093110,FITS,00 58 35.368,-09 31 10.55,0.014,1.61,1.43,0.154,3.72,0.0,28.5,,g,,1997.168,2450510.7,2.435
23.62053333,-9.51959722,J013428.9-093110,FITS,01 34 28.928,-09 31 10.55,0.275,2.43,2.14,0.245,1.79,0.0,105.6,,,,1997.168,2450510.8,2.416
29.10407917,-9.51996389,J015624.9-093111,FITS,01 56 24.979,-09 31 11.87,0.014,4.03,3.76,0.153,0.0,0.0,0.8,,,,1997.167,2450510.5,1.291
24.31277917,-9.520025,J013715.0-093112,FITS,01 37 15.067,-09 31 12.09,0.367,1.58,0.89,0.155,0.0,0.0,52.7,,g,,1997.168,2450510.8,2.356
20.32669583,-9.52005833,J012118.4-093112,FITS,01 21 18.407,-09 31 12.21,0.06,1.14,0.99,0.136,1.64,0.0,67.2,,,,1997.167,2450510.3,0.416
356.80259167,-9.52011111,J234712.6-093112,FITS,23 47 12.622,-09 31 12.40,0.014,2.95,3.09,0.156,3.61,0.0,96.2,,,,1997.18,2450515.0,14.708
36.63949167,-9.52025556,J022633.4-093112,FITS,02 26 33.478,-09 31 12.92,0.014,1.52,1.01,0.149,0.0,0.0,87.0,,,,1997.167,2450510.5,0.99
19.21771667,-9.52035833,J011652.2-093113,FITS,01 16 52.252,-09 31 13.29,0.014,2.76,2.89,0.155,2.76,0.0,91.4,,,,1997.168,2450510.7,2.256
30.1706,-9.52040278,J020040.9-093113,FITS,02 00 40.944,-09 31 13.45,0.014,8.51,8.08,0.156,0.0,0.0,109.5,,,,1997.167,2450510.5,1.514
36.27698333,-9.52091389,J022506.4-093115,FITS,02 25 06.476,-09 31 15.29,0.093,1.64,0.87,0.158,0.0,0.0,62.7,,,,1997.168,2450510.8,2.242
38.62626667,-9.52115556,J023430.3-093116,FITS,02 34 30.304,-09 31 16.16,0.809,1.22,0.55,0.18,0.0,0.0,74.4,,,,1999.793,2451469.0,1819.502
347.45875,-9.52132222,J230950.1-093116,FITS,23 09 50.100,-09 31 16.76,0.528,1.49,0.58,0.157,0.0,0.0,84.5,,,,1997.266,2450546.7,3.907
349.36859583,-9.52132222,J231728.4-093116,FITS,23 17 28.463,-09 31 16.76,0.014,18.71,19.35,0.147,1.23,0.94,151.8,,s,,1997.264,2450545.8,2.557
347.46260833,-9.52138611,J230951.0-093116,FITS,23 09 51.026,-09 31 16.99,0.865,1.08,0.82,0.157,2.98,0.0,94.0,,,,1997.266,2450546.7,3.963
6.52717083,-9.52140556,J002606.5-093117,FITS,00 26 06.521,-09 31 17.06,0.424,1.24,0.73,0.157,0.0,0.0,116.7,,,,1997.167,2450510.6,1.946
24.31727917,-9.52146111,J013716.1-093117,FITS,01 37 16.147,-09 31 17.26,0.014,34.82,57.7,0.155,6.51,2.67,51.4,,,,1997.168,2450510.8,2.386
354.62267083,-9.52149722,J233829.4-093117,FITS,23 38 29.441,-09 31 17.39,0.639,1.01,0.72,0.149,0.93,0.0,50.4,,s,,1997.172,2450512.3,9.825
19.43169583,-9.52151667,J011743.6-093117,FITS,01 17 43.607,-09 31 17.46,0.073,1.09,0.83,0.136,0.72,0.0,136.3,,,,1997.167,2450510.3,0.404
346.52616667,-9.52169722,J230606.2-093118,FITS,23 06 06.280,-09 31 18.11,0.014,5.44,5.18,0.139,1.36,0.0,149.7,,g,,1997.262,2450545.2,0.171
23.59253333,-9.52174722,J013422.2-093118,FITS,01 34 22.208,-09 31 18.29,0.507,2.0,1.5,0.248,2.86,0.0,113.5,,,,1997.168,2450510.8,2.447
330.48942083,-9.52174722,J220157.4-093118,FITS,22 01 57.461,-09 31 18.29,0.014,3.99,3.87,0.174,1.11,0.0,72.4,,,,1997.165,2450509.6,0.473
13.1698125,-9.52182778,J005240.7-093118,FITS,00 52 40.755,-09 31 18.58,0.014,6.9,6.81,0.157,0.88,0.0,130.1,,g,,1997.168,2450510.8,2.42
349.5740625,-9.52196667,J231817.7-093119,FITS,23 18 17.775,-09 31 19.08,0.014,2.29,1.89,0.141,0.93,0.0,75.7,,,,1997.26,2450544.2,5.987
359.95085833,-9.52201667,J235948.2-093119,FITS,23 59 48.206,-09 31 19.26,0.165,1.03,0.7,0.138,2.33,0.0,127.4,,,,1997.166,2450510.2,0.389
357.774375,-9.52208333,J235105.8-093119,FITS,23 51 05.850,-09 31 19.50,0.04,1.27,1.28,0.139,3.08,0.0,139.1,,,,1997.166,2450510.2,0.374
21.1561,-9.52234722,J012437.4-093120,FITS,01 24 37.464,-09 31 20.45,0.274,1.05,1.38,0.147,6.2,0.0,120.0,,,,1997.167,2450510.5,1.4
16.4931,-9.52247222,J010558.3-093120,FITS,01 05 58.344,-09 31 20.90,0.496,1.01,0.86,0.141,6.42,0.0,112.0,,s,,1997.167,2450510.3,0.342
330.9943375,-9.52278056,J220358.6-093122,FITS,22 03 58.641,-09 31 22.01,0.014,7.94,7.82,0.173,0.93,0.0,40.8,,g,,1997.165,2450509.7,0.49
39.109725,-9.52281944,J023626.3-093122,FITS,02 36 26.334,-09 31 22.15,0.014,5.85,5.43,0.149,0.0,0.0,84.0,,s,,1997.167,2450510.3,0.34
24.59115417,-9.52301111,J013821.8-093122,FITS,01 38 21.877,-09 31 22.84,0.203,1.42,1.04,0.152,0.0,0.0,120.8,,g,,1997.167,2450510.5,1.429
17.01466667,-9.52317222,J010803.5-093123,FITS,01 08 03.520,-09 31 23.42,0.014,2.05,1.2,0.155,0.0,0.0,117.9,,g,,1997.168,2450510.7,2.045
34.85648333,-9.52324722,J021925.5-093123,FITS,02 19 25.556,-09 31 23.69,0.014,4.1,3.27,0.16,0.0,0.0,86.7,,s,,1997.168,2450510.9,2.488
14.1768,-9.52332778,J005642.4-093123,FITS,00 56 42.432,-09 31 23.98,0.014,3.01,2.97,0.143,2.39,0.0,116.7,,,,1997.166,2450510.2,0.401
19.59850833,-9.52336944,J011823.6-093124,FITS,01 18 23.642,-09 31 24.13,0.016,1.68,2.24,0.14,5.27,0.0,99.7,,g,,1997.167,2450510.4,0.912
348.2346,-9.5234,J231256.3-093124,FITS,23 12 56.304,-09 31 24.24,0.107,1.34,0.81,0.159,0.0,0.0,76.7,,g,,1997.267,2450547.0,4.294
346.28280417,-9.52357222,J230507.8-093124,FITS,23 05 07.873,-09 31 24.86,0.014,6.74,6.8,0.156,1.83,0.0,65.5,,,,1997.267,2450546.8,4.079
11.289225,-9.52368056,J004509.4-093125,FITS,00 45 09.414,-09 31 25.25,0.6,1.01,0.6,0.139,0.0,0.0,105.2,,,,1997.167,2450510.3,0.376
342.496725,-9.52373333,J224959.2-093125,FITS,22 49 59.214,-09 31 25.44,0.014,1.91,1.31,0.157,0.0,0.0,61.0,,,,1997.268,2450547.2,4.498
339.01078333,-9.52413333,J223602.5-093126,FITS,22 36 02.588,-09 31 26.88,0.014,1.26,1.09,0.141,4.26,0.0,65.2,,,,1997.262,2450545.2,0.169
357.36557083,-9.52427222,J234927.7-093127,FITS,23 49 27.737,-09 31 27.38,0.416,1.09,0.65,0.154,0.0,0.0,53.7,,s,,1997.194,2450520.3,20.008
1.36415833,-9.52427778,J000527.3-093127,FITS,00 05 27.398,-09 31 27.40,0.014,3.26,3.24,0.149,1.72,0.0,152.7,,g,,1997.167,2450510.4,1.231
1.9908,-9.52434167,J000757.7-093127,FITS,00 07 57.792,-09 31 27.63,0.347,1.04,0.87,0.156,5.03,0.0,88.2,,s,,1997.168,2450510.7,2.197
339.88806667,-9.52437222,J223933.1-093127,FITS,22 39 33.136,-09 31 27.74,0.089,1.31,2.16,0.149,8.86,0.0,151.5,,,,1997.264,2450545.9,2.736
13.18210417,-9.52443333,J005243.7-093127,FITS,00 52 43.705,-09 31 27.96,0.706,1.06,0.6,0.157,0.0,0.0,38.3,,,,1997.168,2450510.8,2.422
25.32690833,-9.52493333,J014118.4-093129,FITS,01 41 18.458,-09 31 29.76,0.78,1.4,0.62,0.2,0.0,0.0,89.0,,g,,1997.167,2450510.6,1.572
26.079125,-9.52499167,J014418.9-093129,FITS,01 44 18.990,-09 31 29.97,0.016,1.33,0.69,0.156,0.0,0.0,90.0,,s,,1997.167,2450510.6,1.553
1.49887917,-9.52500278,J000559.7-093130,FITS,00 05 59.731,-09 31 30.01,0.349,1.03,0.44,0.139,0.0,0.0,98.6,,,,1997.167,2450510.3,0.333
31.9853625,-9.52502222,J020756.4-093130,FITS,02 07 56.487,-09 31 30.08,0.214,1.35,0.88,0.16,0.0,0.0,110.6,,g,,1997.168,2450510.8,2.231
347.52510833,-9.525025,J231006.0-093130,FITS,23 10 06.026,-09 31 30.09,0.42,1.23,1.54,0.156,6.83,0.0,89.0,,g,,1997.269,2450547.5,4.712
34.9204,-9.52506667,J021940.8-093130,FITS,02 19 40.896,-09 31 30.24,0.014,1.4,1.17,0.156,2.84,0.0,46.3,,g,,1997.168,2450510.9,2.459
35.9369125,-9.52512778,J022344.8-093130,FITS,02 23 44.859,-09 31 30.46,0.302,1.01,1.01,0.147,4.03,0.0,97.2,,,,1997.167,2450510.4,0.241
38.93557917,-9.52513333,J023544.5-093130,FITS,02 35 44.539,-09 31 30.48,0.788,1.0,0.59,0.144,0.0,0.0,80.0,,,,1997.167,2450510.3,0.388
12.03603333,-9.52526944,J004808.6-093130,FITS,00 48 08.648,-09 31 30.97,0.696,1.05,0.77,0.143,3.9,0.0,125.4,,,,1997.167,2450510.3,0.369
6.0917125,-9.52533056,J002422.0-093131,FITS,00 24 22.011,-09 31 31.19,0.014,1.45,0.95,0.146,0.0,0.0,85.9,,g,,1997.167,2450510.4,0.87
348.7341875,-9.52566667,J231456.2-093132,FITS,23 14 56.205,-09 31 32.40,0.797,1.01,0.43,0.14,0.0,0.0,97.0,,g,,1997.262,2450545.2,0.01
350.89089583,-9.52568611,J232333.8-093132,FITS,23 23 33.815,-09 31 32.47,0.014,1.96,1.63,0.145,0.0,0.0,109.4,,g,,1997.264,2450545.7,2.222
39.0478625,-9.52581389,J023611.4-093132,FITS,02 36 11.487,-09 31 32.93,0.788,1.03,0.71,0.14,0.0,0.0,16.7,,,,1997.167,2450510.4,0.373
36.66580833,-9.52614167,J022639.7-093134,FITS,02 26 39.794,-09 31 34.11,0.014,1.22,0.73,0.147,0.0,0.0,102.7,,,,1997.167,2450510.4,0.283
8.86910833,-9.52618056,J003528.5-093134,FITS,00 35 28.586,-09 31 34.25,0.272,1.26,1.25,0.152,4.93,0.0,97.6,,,,1997.167,2450510.4,1.2
350.34816667,-9.52620556,J232123.5-093134,FITS,23 21 23.560,-09 31 34.34,0.163,1.28,1.95,0.145,5.09,3.06,86.0,,g,,1997.263,2450545.6,2.038
0.0714625,-9.52633333,J000017.1-093134,FITS,00 00 17.151,-09 31 34.80,0.014,6.62,6.53,0.141,1.85,0.0,96.2,,g,,1997.167,2450510.3,0.257
354.70865833,-9.52640556,J233850.0-093135,FITS,23 38 50.078,-09 31 35.06,0.144,1.05,0.8,0.139,0.0,0.0,101.3,,,,1997.166,2450510.2,0.368
29.4242,-9.52666667,J015741.8-093136,FITS,01 57 41.808,-09 31 36.00,0.027,1.36,1.91,0.156,6.31,0.0,23.8,,g,,1997.167,2450510.6,1.596
346.77469583,-9.52670556,J230705.9-093136,FITS,23 07 05.927,-09 31 36.14,0.014,2.25,1.54,0.155,0.0,0.0,73.9,,g,,1997.269,2450547.6,4.751
332.6616125,-9.52676667,J221038.7-093136,FITS,22 10 38.787,-09 31 36.36,0.014,11.74,12.16,0.157,1.68,0.0,111.5,,g,,1997.168,2450510.8,2.507
23.529025,-9.526775,J013406.9-093136,FITS,01 34 06.966,-09 31 36.39,0.339,1.73,1.66,0.239,5.01,0.0,75.7,,g,,1997.168,2450510.8,2.318
10.21254167,-9.52678333,J004051.0-093136,FITS,00 40 51.010,-09 31 36.42,0.246,1.18,1.89,0.184,5.07,3.76,90.4,,,,1997.168,2450510.8,2.353
0.00894167,-9.52683333,J000002.1-093136,FITS,00 00 02.146,-09 31 36.60,0.016,1.98,1.69,0.138,2.52,0.0,92.6,,g,,1997.167,2450510.3,0.326
36.0845,-9.52688889,J022420.2-093136,FITS,02 24 20.280,-09 31 36.80,0.014,1.31,1.46,0.149,5.65,0.0,19.7,,g,,1997.167,2450510.4,0.282
354.72723333,-9.52690556,J233854.5-093136,FITS,23 38 54.536,-09 31 36.86,0.014,2.51,3.19,0.138,4.04,1.54,62.5,,,,1997.166,2450510.2,0.356
3.18377917,-9.52692778,J001244.1-093136,FITS,00 12 44.107,-09 31 36.94,0.014,4.52,4.02,0.284,0.0,0.0,102.2,,g,,1997.167,2450510.5,1.684
20.01611667,-9.52696944,J012003.8-093137,FITS,01 20 03.868,-09 31 37.09,0.014,5.52,5.49,0.156,1.65,0.0,69.5,,g,,1997.168,2450510.7,2.076
7.21575833,-9.52698056,J002851.7-093137,FITS,00 28 51.782,-09 31 37.13,0.877,1.09,1.28,0.156,5.51,0.0,84.6,,g,,1997.168,2450510.8,2.342
350.51075,-9.52709167,J232202.5-093137,FITS,23 22 02.580,-09 31 37.53,0.014,5.48,4.99,0.158,0.0,0.0,57.6,,,,1997.268,2450547.4,4.649
28.97525,-9.52718611,J015554.0-093137,FITS,01 55 54.060,-09 31 37.87,0.233,1.21,0.73,0.158,2.1,0.0,65.1,,,,1997.168,2450510.8,2.304
28.44230417,-9.52723333,J015346.1-093138,FITS,01 53 46.153,-09 31 38.04,0.022,1.07,0.89,0.142,3.03,0.0,42.5,,s,,1997.167,2450510.3,0.377
29.86549583,-9.5274,J015927.7-093138,FITS,01 59 27.719,-09 31 38.64,0.014,1.58,0.91,0.151,0.0,0.0,61.1,,g,,1997.167,2450510.5,1.24
339.54058333,-9.52741667,J223809.7-093138,FITS,22 38 09.740,-09 31 38.70,0.806,1.03,1.93,0.156,9.33,0.0,66.9,,s,,1997.267,2450546.8,4.058
12.70460833,-9.52750278,J005049.1-093139,FITS,00 50 49.106,-09 31 39.01,0.275,1.25,0.6,0.142,0.0,0.0,82.4,,,,1997.167,2450510.3,0.367
333.08795833,-9.52753056,J221221.1-093139,FITS,22 12 21.110,-09 31 39.11,0.721,1.03,0.62,0.143,0.0,0.0,90.2,,,,1997.171,2450511.9,7.37
356.89476667,-9.52758889,J234734.7-093139,FITS,23 47 34.744,-09 31 39.32,0.331,1.25,0.47,0.144,0.0,0.0,91.8,,,,1997.171,2450511.8,8.619
341.39315,-9.52765278,J224534.3-093139,FITS,22 45 34.356,-09 31 39.55,0.342,1.13,0.64,0.149,0.0,0.0,98.7,,,,1997.264,2450546.0,2.893
331.63014583,-9.52781944,J220631.2-093140,FITS,22 06 31.235,-09 31 40.15,0.014,15.65,16.06,0.243,1.31,0.26,133.8,,g,,1997.166,2450510.1,0.381
344.8744125,-9.52806667,J225929.8-093141,FITS,22 59 29.859,-09 31 41.04,0.195,1.48,0.85,0.181,0.0,0.0,130.2,,,,1997.264,2450545.8,2.565
7.0799,-9.52819167,J002819.1-093141,FITS,00 28 19.176,-09 31 41.49,0.474,1.16,0.65,0.155,0.0,0.0,92.5,,g,,1997.168,2450510.9,2.499
17.45495833,-9.52835833,J010949.1-093142,FITS,01 09 49.190,-09 31 42.09,0.014,1.44,1.34,0.151,1.91,0.0,90.2,,,,1997.168,2450510.7,1.874
29.21502917,-9.52847778,J015651.6-093142,FITS,01 56 51.607,-09 31 42.52,0.014,30.51,34.76,0.14,3.26,0.95,176.1,,s,,1997.167,2450510.3,0.357
7.92992083,-9.52853611,J003143.1-093142,FITS,00 31 43.181,-09 31 42.73,0.157,1.24,1.16,0.156,4.86,0.0,95.7,,,,1997.168,2450510.9,2.478
1.26264167,-9.52868611,J000503.0-093143,FITS,00 05 03.034,-09 31 43.27,0.014,1.54,1.18,0.158,0.0,0.0,90.0,,g,,1997.168,2450510.7,2.116
2.20867917,-9.52875556,J000850.0-093143,FITS,00 08 50.083,-09 31 43.52,0.014,1.62,1.83,0.137,3.4,0.0,137.5,,s,,1997.166,2450510.2,0.36
344.06500417,-9.52879167,J225615.6-093143,FITS,22 56 15.601,-09 31 43.65,0.014,4.73,6.97,0.166,5.61,1.34,87.3,,,,1997.266,2450546.5,3.694
352.0497125,-9.52886667,J232811.9-093143,FITS,23 28 11.931,-09 31 43.92,0.421,1.15,0.64,0.158,0.0,0.0,71.5,,,,1997.21,2450526.0,21.157
16.79713333,-9.52895556,J010711.3-093144,FITS,01 07 11.312,-09 31 44.24,0.014,2.26,2.17,0.158,2.5,0.0,119.3,,g,,1997.168,2450510.9,2.41
345.1403375,-9.52896389,J230033.6-093144,FITS,23 00 33.681,-09 31 44.27,0.771,1.06,0.85,0.15,5.11,0.0,115.3,,g,,1997.264,2450546.0,2.863
356.40435833,-9.52908611,J234537.0-093144,FITS,23 45 37.046,-09 31 44.71,0.801,1.1,1.0,0.152,2.73,0.0,90.8,,,,1997.176,2450513.6,12.406
14.1725625,-9.52909444,J005641.4-093144,FITS,00 56 41.415,-09 31 44.74,0.854,1.08,0.79,0.145,0.0,0.0,58.1,,,,1997.167,2450510.3,0.265
20.1965,-9.52910556,J012047.1-093144,FITS,01 20 47.160,-09 31 44.78,0.058,1.52,1.51,0.134,1.99,0.0,90.3,,,,1997.167,2450510.3,0.219
330.2250625,-9.52923889,J220054.0-093145,FITS,22 00 54.015,-09 31 45.26,0.258,1.18,0.69,0.173,0.0,0.0,114.1,,,,1997.165,2450509.8,0.501
355.81245,-9.52926389,J234314.9-093145,FITS,23 43 14.988,-09 31 45.35,0.014,2.7,1.93,0.156,0.0,0.0,51.4,,,,1997.195,2450520.5,20.091
2.10570417,-9.52945556,J000825.3-093146,FITS,00 08 25.369,-09 31 46.04,0.442,1.01,0.64,0.148,0.0,0.0,144.5,,,,1997.167,2450510.5,1.343
35.27812917,-9.52972778,J022106.7-093147,FITS,02 21 06.751,-09 31 47.02,0.014,67.48,68.82,0.138,1.33,0.0,174.5,,,,1997.167,2450510.4,0.348
344.0688375,-9.52985833,J225616.5-093147,FITS,22 56 16.521,-09 31 47.49,0.014,2.6,3.53,0.165,5.82,0.0,119.7,,s,,1997.266,2450546.5,3.65
23.18127083,-9.53012222,J013243.5-093148,FITS,01 32 43.505,-09 31 48.44,0.6,1.22,0.84,0.146,0.0,0.0,106.6,,,,1997.167,2450510.3,0.248
23.43279583,-9.53025278,J013343.8-093148,FITS,01 33 43.871,-09 31 48.91,0.014,17.33,22.93,0.203,4.79,0.65,61.0,,,,1997.167,2450510.6,1.703
17.67881667,-9.53026667,J011042.9-093148,FITS,01 10 42.916,-09 31 48.96,0.691,1.05,0.62,0.155,0.0,0.0,106.0,,g,,1997.168,2450510.9,2.498
337.4482125,-9.53038889,J222947.5-093149,FITS,22 29 47.571,-09 31 49.40,0.014,2.34,2.23,0.153,1.27,0.0,68.7,,g,,1997.262,2450545.2,0.013
352.53120833,-9.53039167,J233007.4-093149,FITS,23 30 07.490,-09 31 49.41,0.416,1.0,0.48,0.138,0.0,0.0,97.2,,,,1997.257,2450543.2,8.372
7.0958625,-9.53045833,J002823.0-093149,FITS,00 28 23.007,-09 31 49.65,0.014,52.0,65.85,0.156,3.83,2.28,167.4,,g,,1997.168,2450510.9,2.559
343.91147917,-9.53059722,J225538.7-093150,FITS,22 55 38.755,-09 31 50.15,0.014,1.49,1.25,0.158,0.0,0.0,56.4,,,,1997.27,2450548.2,5.163
38.24611667,-9.53070278,J023259.0-093150,FITS,02 32 59.068,-09 31 50.53,0.014,4.23,4.2,0.146,0.72,0.0,97.9,,,,1997.167,2450510.4,0.31
7.06427917,-9.53080556,J002815.4-093150,FITS,00 28 15.427,-09 31 50.90,0.861,1.09,0.86,0.155,2.69,0.0,136.5,,g,,1997.168,2450510.9,2.488
345.9536875,-9.53089444,J230348.8-093151,FITS,23 03 48.885,-09 31 51.22,0.014,2.2,1.71,0.156,0.0,0.0,27.3,,,,1997.267,2450546.8,4.05
344.07105,-9.53122222,J225617.0-093152,FITS,22 56 17.052,-09 31 52.40,0.014,11.13,13.47,0.165,3.12,2.28,22.5,,,,1997.266,2450546.5,3.639
340.56806667,-9.53138333,J224216.3-093152,FITS,22 42 16.336,-09 31 52.98,0.014,1.75,1.48,0.144,1.97,0.0,41.7,,,,1997.262,2450545.2,0.015
35.044475,-9.53163611,J022010.6-093153,FITS,02 20 10.674,-09 31 53.89,0.014,1.79,1.44,0.157,1.88,0.0,113.3,,,,1997.168,2450510.8,1.909
23.632275,-9.53164167,J013431.7-093153,FITS,01 34 31.746,-09 31 53.91,0.809,1.53,0.69,0.245,0.0,0.0,89.4,,,,1997.169,2450511.0,2.56
341.3749875,-9.53183611,J224529.9-093154,FITS,22 45 29.997,-09 31 54.61,0.354,1.09,0.91,0.147,3.91,0.0,64.8,,s,,1997.264,2450545.8,2.618
333.45195,-9.53203889,J221348.4-093155,FITS,22 13 48.468,-09 31 55.34,0.014,2.67,2.24,0.126,0.0,0.0,82.1,,g,,1997.206,2450524.6,16.426
334.59351667,-9.53233611,J221822.4-093156,FITS,22 18 22.444,-09 31 56.41,0.258,1.05,0.58,0.142,0.0,0.0,105.7,,,,1997.26,2450544.3,5.14
35.6556625,-9.53255556,J022237.3-093157,FITS,02 22 37.359,-09 31 57.20,0.014,2.62,2.02,0.157,0.0,0.0,84.0,,g,,1997.169,2450511.1,2.578
342.51288333,-9.53263333,J225003.0-093157,FITS,22 50 03.092,-09 31 57.48,0.137,1.51,1.57,0.158,2.95,0.0,71.1,,,,1997.268,2450547.3,4.545
338.0251375,-9.53264722,J223206.0-093157,FITS,22 32 06.033,-09 31 57.53,0.193,1.13,1.09,0.156,4.54,0.0,86.0,,,,1997.267,2450547.1,4.395
332.27207083,-9.53265,J220905.2-093157,FITS,22 09 05.297,-09 31 57.54,0.433,1.01,0.82,0.141,2.44,0.0,109.2,,,,1997.167,2450510.3,0.161
336.01131667,-9.53265278,J222402.7-093157,FITS,22 24 02.716,-09 31 57.55,0.014,1.72,1.23,0.142,0.0,0.0,90.0,,,,1997.262,2450545.2,0.0
17.5259,-9.53275278,J011006.2-093157,FITS,01 10 06.216,-09 31 57.91,0.014,2.82,3.09,0.155,3.08,0.0,87.1,,,,1997.168,2450510.9,2.366
339.90655833,-9.53283056,J223937.5-093158,FITS,22 39 37.574,-09 31 58.19,0.014,2.15,1.97,0.151,1.66,0.0,89.8,,g,,1997.265,2450546.2,3.251
23.44837917,-9.53285833,J013347.6-093158,FITS,01 33 47.611,-09 31 58.29,0.73,1.41,1.28,0.211,6.74,0.0,92.0,,,,1997.168,2450510.7,1.861
356.3958,-9.53293056,J234534.9-093158,FITS,23 45 34.992,-09 31 58.55,0.721,1.07,1.72,0.15,10.0,0.0,106.3,,s,,1997.175,2450513.4,12.035
0.63845417,-9.53294722,J000233.2-093158,FITS,00 02 33.229,-09 31 58.61,0.014,1.51,1.02,0.145,0.0,0.0,102.5,,g,,1997.167,2450510.4,1.072
35.65749167,-9.53296944,J022237.7-093158,FITS,02 22 37.798,-09 31 58.69,0.508,1.09,0.56,0.157,0.0,0.0,62.4,,g,,1997.169,2450511.1,2.579
4.33887083,-9.53306667,J001721.3-093159,FITS,00 17 21.329,-09 31 59.04,0.016,1.64,0.97,0.152,0.0,0.0,79.5,,g,,1997.167,2450510.5,1.526
335.02935417,-9.53308889,J222007.0-093159,FITS,22 20 07.045,-09 31 59.12,0.278,1.17,1.54,0.156,6.6,0.0,76.5,,g,,1997.249,2450540.5,10.902
340.6316,-9.53324722,J224231.5-093159,FITS,22 42 31.584,-09 31 59.69,0.081,1.35,0.87,0.149,0.0,0.0,109.8,,,,1997.264,2450545.9,2.77
33.59878333,-9.53327222,J021423.7-093159,FITS,02 14 23.708,-09 31 59.78,0.309,1.03,0.5,0.153,0.0,0.0,123.7,,,,1997.167,2450510.6,1.434
339.58117917,-9.53331667,J223819.4-093159,FITS,22 38 19.483,-09 31 59.94,0.667,1.05,0.76,0.152,1.09,0.0,117.9,,g,,1997.265,2450546.3,3.495
24.8037625,-9.53340278,J013912.9-093200,FITS,01 39 12.903,-09 32 00.25,0.788,1.04,0.53,0.143,0.0,0.0,89.9,,,,1997.167,2450510.4,0.214
27.77789167,-9.53343333,J015106.6-093200,FITS,01 51 06.694,-09 32 00.36,0.014,45.09,45.26,0.144,0.92,0.0,174.6,,s,,1997.167,2450510.4,0.168
13.215125,-9.53351389,J005251.6-093200,FITS,00 52 51.630,-09 32 00.65,0.8,1.12,0.62,0.159,0.0,0.0,61.3,,,,1997.168,2450510.9,2.413
11.82601667,-9.53366667,J004718.2-093201,FITS,00 47 18.244,-09 32 01.20,0.455,1.37,0.54,0.156,0.0,0.0,84.9,,,,1997.167,2450510.6,1.651
356.40642917,-9.53373333,J234537.5-093201,FITS,23 45 37.543,-09 32 01.44,0.186,1.35,2.69,0.152,9.13,1.14,93.3,,,,1997.177,2450513.9,12.923
12.6902625,-9.53384167,J005045.6-093201,FITS,00 50 45.663,-09 32 01.83,0.338,1.23,0.64,0.145,0.0,0.0,110.5,,,,1997.167,2450510.3,0.226
31.71568333,-9.53384167,J020651.7-093201,FITS,02 06 51.764,-09 32 01.83,0.014,29.42,41.66,0.16,5.42,1.46,129.4,,,,1997.168,2450510.8,2.01
23.31453333,-9.53402778,J013315.4-093202,FITS,01 33 15.488,-09 32 02.50,0.014,14.4,19.82,0.153,4.96,2.29,8.2,,g,,1997.167,2450510.3,0.234
11.84969583,-9.53409167,J004723.9-093202,FITS,00 47 23.927,-09 32 02.73,0.025,1.78,1.31,0.153,2.41,0.0,71.8,,,,1997.167,2450510.5,1.432
23.619175,-9.53425,J013428.6-093203,FITS,01 34 28.602,-09 32 03.30,0.877,1.48,0.91,0.245,0.0,0.0,54.3,,,,1997.169,2450511.1,2.59
33.09164167,-9.53432222,J021221.9-093203,FITS,02 12 21.994,-09 32 03.56,0.15,1.17,0.85,0.146,3.25,0.0,81.9,,g,,1997.167,2450510.5,0.915
353.2025125,-9.53444444,J233248.6-093204,FITS,23 32 48.603,-09 32 04.00,0.396,1.04,0.8,0.141,3.56,0.0,104.4,,s,,1997.167,2450510.3,0.202
332.15101667,-9.53448889,J220836.2-093204,FITS,22 08 36.244,-09 32 04.16,0.501,1.28,0.76,0.203,0.0,0.0,110.3,,,,1997.166,2450510.2,0.307
23.6691875,-9.53453889,J013440.6-093204,FITS,01 34 40.605,-09 32 04.34,0.272,1.88,2.27,0.247,7.08,0.0,120.7,,g,,1997.169,2450511.1,2.572
28.3676,-9.53462222,J015328.2-093204,FITS,01 53 28.224,-09 32 04.64,0.014,1.87,1.75,0.149,3.56,0.0,96.8,,g,,1997.167,2450510.6,1.269
0.76525,-9.53473611,J000303.6-093205,FITS,00 03 03.660,-09 32 05.05,0.363,1.06,0.56,0.14,0.0,0.0,116.0,,,,1997.167,2450510.3,0.0
11.6926375,-9.53478333,J004646.2-093205,FITS,00 46 46.233,-09 32 05.22,0.877,1.09,0.91,0.157,4.21,0.0,22.8,,,,1997.168,2450511.0,2.51
23.17309167,-9.53481111,J013241.5-093205,FITS,01 32 41.542,-09 32 05.32,0.793,1.08,0.86,0.147,2.08,0.0,92.1,,g,,1997.167,2450510.3,0.259
347.35612083,-9.53507222,J230925.4-093206,FITS,23 09 25.469,-09 32 06.26,0.347,1.21,0.93,0.145,0.0,0.0,91.3,,,,1997.264,2450545.7,2.314
36.728475,-9.53511111,J022654.8-093206,FITS,02 26 54.834,-09 32 06.40,0.014,1.19,0.68,0.142,0.0,0.0,93.7,,,,1997.167,2450510.4,0.156
341.79221667,-9.53511111,J224710.1-093206,FITS,22 47 10.132,-09 32 06.40,0.014,26.87,30.09,0.156,2.52,1.22,65.8,,g,,1997.267,2450546.9,4.208
342.4030875,-9.53514444,J224936.7-093206,FITS,22 49 36.741,-09 32 06.52,0.426,1.13,0.72,0.155,0.0,0.0,88.9,,,,1997.271,2450548.4,5.295
36.73055833,-9.53523611,J022655.3-093206,FITS,02 26 55.334,-09 32 06.85,0.014,1.39,0.99,0.144,0.0,0.0,95.0,,s,,1997.167,2450510.4,0.0
29.09801667,-9.53547778,J015623.5-093207,FITS,01 56 23.524,-09 32 07.72,0.28,1.1,0.63,0.152,0.0,0.0,79.1,,g,,1997.167,2450510.6,1.458
36.72636667,-9.53566111,J022654.3-093208,FITS,02 26 54.328,-09 32 08.38,0.014,2.09,2.54,0.142,4.61,0.0,62.3,,,,1997.167,2450510.4,0.159
38.275225,-9.53568056,J023306.0-093208,FITS,02 33 06.054,-09 32 08.45,0.43,1.23,1.07,0.147,3.61,0.0,82.3,,,,1997.167,2450510.4,0.161
22.37760833,-9.53575556,J012930.6-093208,FITS,01 29 30.626,-09 32 08.72,0.204,1.18,0.75,0.148,0.0,0.0,63.5,,,,1997.167,2450510.5,1.185
23.28794583,-9.53576667,J013309.1-093208,FITS,01 33 09.107,-09 32 08.76,0.134,1.76,2.37,0.148,4.6,1.61,66.0,,g,,1997.167,2450510.4,0.183
357.54195833,-9.53576667,J235010.0-093208,FITS,23 50 10.070,-09 32 08.76,0.361,1.06,0.48,0.158,0.0,0.0,90.5,,s,,1997.185,2450516.9,16.773
23.28599167,-9.53582222,J013308.6-093208,FITS,01 33 08.638,-09 32 08.96,0.082,1.47,1.67,0.148,5.76,0.0,69.9,,g,,1997.167,2450510.4,0.18
343.879825,-9.53585556,J225531.1-093209,FITS,22 55 31.158,-09 32 09.08,0.483,1.08,0.74,0.156,0.0,0.0,135.2,,,,1997.271,2450548.4,5.292
11.7856625,-9.5361,J004708.5-093209,FITS,00 47 08.559,-09 32 09.96,0.014,203.52,211.78,0.159,1.36,0.98,142.0,,s,,1997.168,2450510.8,2.021
10.03161667,-9.53620833,J004007.5-093210,FITS,00 40 07.588,-09 32 10.35,0.014,2.78,3.81,0.162,4.89,1.08,96.3,,,,1997.168,2450511.0,2.43
11.76700417,-9.53622778,J004704.0-093210,FITS,00 47 04.081,-09 32 10.42,0.474,1.22,0.82,0.16,0.0,0.0,61.7,,g,,1997.168,2450510.8,2.16
354.716275,-9.53631667,J233851.9-093210,FITS,23 38 51.906,-09 32 10.74,0.014,4.05,6.5,0.14,5.41,3.67,42.5,,g,,1997.167,2450510.3,0.176
12.66605417,-9.53634444,J005039.8-093210,FITS,00 50 39.853,-09 32 10.84,0.082,1.92,1.28,0.147,0.0,0.0,73.3,,g,,1997.167,2450510.4,0.865
17.00172917,-9.5364,J010800.4-093211,FITS,01 08 00.415,-09 32 11.04,0.744,1.13,0.54,0.156,0.0,0.0,71.8,,,,1997.168,2450510.9,2.258
343.887575,-9.53663056,J225533.0-093211,FITS,22 55 33.018,-09 32 11.87,0.032,1.39,1.16,0.156,2.12,0.0,78.3,,s,,1997.271,2450548.4,5.306
354.85047083,-9.53664722,J233924.1-093211,FITS,23 39 24.113,-09 32 11.93,0.431,1.03,0.74,0.143,1.79,0.0,80.8,,,,1997.171,2450511.9,8.819
23.2818125,-9.53680833,J013307.6-093212,FITS,01 33 07.635,-09 32 12.51,0.014,3.3,5.05,0.148,5.94,2.45,144.9,,g,,1997.167,2450510.4,0.172
30.76400833,-9.53694722,J020303.3-093213,FITS,02 03 03.362,-09 32 13.01,0.235,1.14,0.86,0.146,0.0,0.0,83.9,,,,1997.167,2450510.4,0.0
11.75354167,-9.53705278,J004700.8-093213,FITS,00 47 00.850,-09 32 13.39,0.793,1.13,0.51,0.16,0.0,0.0,97.3,,g,,1997.168,2450510.9,2.255
349.29648333,-9.53735,J231711.1-093214,FITS,23 17 11.156,-09 32 14.46,0.102,1.29,1.6,0.154,6.39,0.0,96.7,,g,,1997.267,2450547.0,4.191
330.65860833,-9.53738611,J220238.0-093214,FITS,22 02 38.066,-09 32 14.59,0.14,1.07,0.95,0.145,5.0,0.0,134.3,,,,1997.166,2450510.2,0.287
20.53087083,-9.53758333,J012207.4-093215,FITS,01 22 07.409,-09 32 15.30,0.206,1.36,0.75,0.156,0.0,0.0,110.7,,,,1997.169,2450511.0,2.44
10.14294583,-9.53761944,J004034.3-093215,FITS,00 40 34.307,-09 32 15.43,0.014,1.78,1.14,0.168,0.0,0.0,81.8,,,,1997.169,2450511.1,2.62
23.63039583,-9.53765556,J013431.2-093215,FITS,01 34 31.295,-09 32 15.56,0.877,1.53,1.47,0.245,4.24,0.0,58.7,,,,1997.169,2450511.1,2.626
349.2997625,-9.53766111,J231711.9-093215,FITS,23 17 11.943,-09 32 15.58,0.641,1.1,0.72,0.154,3.27,0.0,74.2,,,,1997.267,2450546.9,4.145
11.56699583,-9.537675,J004616.0-093215,FITS,00 46 16.079,-09 32 15.63,0.014,16.54,17.14,0.157,1.27,0.92,134.1,,,,1997.169,2450511.1,2.57
354.2779,-9.53770833,J233706.6-093215,FITS,23 37 06.696,-09 32 15.75,0.413,1.09,0.74,0.16,3.64,0.0,76.8,,,,1997.195,2450520.7,20.078
23.61801667,-9.53775278,J013428.3-093215,FITS,01 34 28.324,-09 32 15.91,0.507,1.8,1.23,0.245,1.53,0.0,48.3,,g,,1997.169,2450511.1,2.627
38.24903333,-9.53782222,J023259.7-093216,FITS,02 32 59.768,-09 32 16.16,0.281,1.72,2.02,0.147,5.45,0.0,92.0,,s,,1997.167,2450510.5,0.0
347.57837083,-9.5382,J231018.8-093217,FITS,23 10 18.809,-09 32 17.52,0.014,5.11,5.93,0.156,3.92,0.0,112.3,,,,1997.271,2450548.4,5.308
358.74134167,-9.53821667,J235457.9-093217,FITS,23 54 57.922,-09 32 17.58,0.561,1.16,0.52,0.16,0.0,0.0,100.0,,,,1997.19,2450519.0,18.777
345.9944,-9.53825,J230358.6-093217,FITS,23 03 58.656,-09 32 17.70,0.014,1.89,0.98,0.157,0.0,0.0,96.0,,,,1997.269,2450547.6,4.757
25.83857917,-9.53825833,J014321.2-093217,FITS,01 43 21.259,-09 32 17.73,0.115,1.24,0.94,0.164,2.26,0.0,93.9,,g,,1997.169,2450511.2,2.629
354.71346667,-9.53832778,J233851.2-093217,FITS,23 38 51.232,-09 32 17.98,0.014,1.76,3.03,0.14,5.94,3.75,86.7,,,,1997.167,2450510.3,0.178
335.809675,-9.53834444,J222314.3-093218,FITS,22 23 14.322,-09 32 18.04,0.333,1.13,0.78,0.156,1.99,0.0,124.1,,,,1997.252,2450541.3,10.021
26.91194167,-9.53848889,J014738.8-093218,FITS,01 47 38.866,-09 32 18.56,0.466,1.16,0.51,0.143,0.0,0.0,90.2,,,,1997.167,2450510.5,0.909
8.08792083,-9.53850556,J003221.1-093218,FITS,00 32 21.101,-09 32 18.62,0.877,1.01,0.66,0.152,0.0,0.0,74.4,,,,1997.167,2450510.6,1.577
29.72190417,-9.53877222,J015853.2-093219,FITS,01 58 53.257,-09 32 19.58,0.014,21.97,22.98,0.161,1.36,1.17,166.1,,,,1997.169,2450511.1,2.44
358.71326667,-9.53881111,J235451.1-093219,FITS,23 54 51.184,-09 32 19.72,0.014,120.51,123.79,0.158,1.16,0.77,155.7,,,,1997.186,2450517.5,17.357
37.02355,-9.53883333,J022805.6-093219,FITS,02 28 05.652,-09 32 19.80,0.419,1.07,0.8,0.16,1.06,0.0,45.2,,g,,1997.169,2450511.1,2.418
13.17674583,-9.53885278,J005242.4-093219,FITS,00 52 42.419,-09 32 19.87,0.797,1.05,0.67,0.159,0.0,0.0,84.2,,g,,1997.169,2450511.1,2.597
11.69355417,-9.53888056,J004646.4-093219,FITS,00 46 46.453,-09 32 19.97,0.507,1.22,0.84,0.158,3.48,0.0,75.0,,,,1997.169,2450511.1,2.55
22.84544167,-9.53922778,J013122.9-093221,FITS,01 31 22.906,-09 32 21.22,0.651,1.08,0.66,0.159,0.0,0.0,83.1,,g,,1997.169,2450511.2,2.654
10.535525,-9.53928889,J004208.5-093221,FITS,00 42 08.526,-09 32 21.44,0.014,8.24,14.62,0.226,8.44,1.12,40.2,,,,1997.167,2450510.3,0.176
358.1759625,-9.53948889,J235242.2-093222,FITS,23 52 42.231,-09 32 22.16,0.849,1.13,0.67,0.158,0.0,0.0,126.1,,,,1997.2,2450522.5,21.246
330.03639167,-9.53978333,J220008.7-093223,FITS,22 00 08.734,-09 32 23.22,0.234,1.05,0.77,0.139,2.09,0.0,109.3,,,,1997.167,2450510.3,0.178
0.67452917,-9.53983889,J000241.8-093223,FITS,00 02 41.887,-09 32 23.42,0.429,1.0,0.49,0.142,0.0,0.0,91.8,,,,1997.167,2450510.3,0.249
359.03117083,-9.53985556,J235607.4-093223,FITS,23 56 07.481,-09 32 23.48,0.456,1.33,0.79,0.158,0.55,0.0,64.4,,g,,1997.188,2450517.9,17.773
333.11447917,-9.53988889,J221227.4-093223,FITS,22 12 27.475,-09 32 23.60,0.634,1.02,0.66,0.143,0.0,0.0,98.2,,,,1997.173,2450512.6,8.294
347.7121375,-9.53991667,J231050.9-093223,FITS,23 10 50.913,-09 32 23.70,0.014,3.87,3.5,0.158,1.09,0.0,81.8,,g,,1997.27,2450548.2,5.156
358.14821667,-9.54019444,J235235.5-093224,FITS,23 52 35.572,-09 32 24.70,0.014,78.48,98.07,0.159,3.8,1.82,134.3,,s,,1997.202,2450523.3,21.663
339.64257917,-9.54021944,J223834.2-093224,FITS,22 38 34.219,-09 32 24.79,0.014,2.76,2.1,0.144,0.0,0.0,90.0,,,,1997.264,2450545.7,2.419
26.05105417,-9.54023056,J014412.2-093224,FITS,01 44 12.253,-09 32 24.83,0.019,1.3,1.18,0.159,5.24,0.0,105.7,,,,1997.168,2450510.8,1.929
347.33692083,-9.54042778,J230920.8-093225,FITS,23 09 20.861,-09 32 25.54,0.261,1.39,1.73,0.142,6.55,0.0,71.5,,,,1997.263,2450545.6,2.045
347.56873333,-9.54044167,J231016.4-093225,FITS,23 10 16.496,-09 32 25.59,0.014,2.35,1.78,0.157,0.0,0.0,38.1,,g,,1997.271,2450548.5,5.322
338.18524583,-9.54064444,J223244.4-093226,FITS,22 32 44.459,-09 32 26.32,0.014,6.29,5.99,0.14,0.0,0.0,81.6,,g,,1997.262,2450545.2,0.014
34.11120833,-9.54071389,J021626.6-093226,FITS,02 16 26.690,-09 32 26.57,0.483,1.08,0.7,0.159,0.91,0.0,105.5,,,,1997.169,2450511.2,2.652
357.948675,-9.54113889,J235147.6-093228,FITS,23 51 47.682,-09 32 28.10,0.014,31.71,33.24,0.157,1.64,0.71,124.6,,s,,1997.184,2450516.8,16.635
354.1753,-9.54126667,J233642.0-093228,FITS,23 36 42.072,-09 32 28.56,0.353,1.04,0.96,0.155,3.54,0.0,76.4,,,,1997.181,2450515.4,14.97
32.80500833,-9.54148056,J021113.2-093229,FITS,02 11 13.202,-09 32 29.33,0.014,1.96,1.54,0.159,0.4,0.0,132.1,,,,1997.168,2450510.8,1.904
9.02857083,-9.54151389,J003606.8-093229,FITS,00 36 06.857,-09 32 29.45,0.014,70.39,76.91,0.143,3.07,0.0,159.8,,s,,1997.167,2450510.3,0.162
348.99967083,-9.54246389,J231559.9-093232,FITS,23 15 59.921,-09 32 32.87,0.014,2.15,1.88,0.156,3.27,0.0,53.6,,,,1997.269,2450547.8,4.908
336.48057083,-9.5426,J222555.3-093233,FITS,22 25 55.337,-09 32 33.36,0.014,1.51,1.34,0.157,2.25,0.0,116.7,,,,1997.243,2450538.0,12.737
352.02272083,-9.54283333,J232805.4-093234,FITS,23 28 05.453,-09 32 34.20,0.014,13.75,15.89,0.159,2.67,1.99,166.0,,g,,1997.221,2450530.1,21.297
22.43919167,-9.54288889,J012945.4-093234,FITS,01 29 45.406,-09 32 34.40,0.014,3.49,6.92,0.143,7.82,4.0,156.1,,,,1997.167,2450510.4,0.218
23.2055875,-9.54314167,J013249.3-093235,FITS,01 32 49.341,-09 32 35.31,0.363,1.17,1.06,0.143,3.92,0.0,80.6,,g,,1997.167,2450510.4,0.187
21.90269583,-9.54320278,J012736.6-093235,FITS,01 27 36.647,-09 32 35.53,0.014,1.84,1.76,0.143,2.45,0.0,41.0,,,,1997.167,2450510.7,1.522
9.02866667,-9.54329722,J003606.8-093235,FITS,00 36 06.880,-09 32 35.87,0.014,11.42,25.69,0.143,10.31,3.3,158.2,,s,,1997.167,2450510.3,0.161
332.48817083,-9.54353611,J220957.1-093236,FITS,22 09 57.161,-09 32 36.73,0.641,1.06,0.71,0.159,2.45,0.0,49.0,,,,1997.168,2450510.9,2.268
339.75980833,-9.54354722,J223902.3-093236,FITS,22 39 02.354,-09 32 36.77,0.014,4.55,17.94,0.14,18.94,2.81,72.0,,g,,1997.262,2450545.2,0.0
348.887675,-9.54395278,J231533.0-093238,FITS,23 15 33.042,-09 32 38.23,0.734,1.03,0.74,0.147,0.0,0.0,59.1,,,,1997.265,2450546.1,3.085
29.43507917,-9.54419167,J015744.4-093239,FITS,01 57 44.419,-09 32 39.09,0.014,9.69,16.96,0.157,5.51,4.52,90.7,,,,1997.168,2450510.8,1.838
339.75594167,-9.54438056,J223901.4-093239,FITS,22 39 01.426,-09 32 39.77,0.014,14.18,20.9,0.14,5.63,1.98,49.4,,,,1997.262,2450545.2,0.0
347.4304875,-9.54439444,J230943.3-093239,FITS,23 09 43.317,-09 32 39.82,0.014,19.96,21.19,0.154,1.51,1.39,6.1,,g,,1997.266,2450546.7,3.944
356.2731,-9.54439722,J234505.5-093239,FITS,23 45 05.544,-09 32 39.83,0.524,1.07,0.51,0.14,0.0,0.0,91.7,,,,1997.167,2450510.3,0.0
36.0459,-9.54454444,J022411.0-093240,FITS,02 24 11.016,-09 32 40.36,0.285,1.01,0.8,0.144,2.52,0.0,88.8,,,,1997.167,2450510.4,0.187
357.16807083,-9.54456944,J234840.3-093240,FITS,23 48 40.337,-09 32 40.45,0.014,2.04,1.52,0.152,0.0,0.0,93.5,,,,1997.18,2450515.2,14.68
29.43852917,-9.54463889,J015745.2-093240,FITS,01 57 45.247,-09 32 40.70,0.014,4.63,5.51,0.158,3.29,1.13,88.6,,g,,1997.168,2450510.8,1.874
7.7690625,-9.54471667,J003104.5-093240,FITS,00 31 04.575,-09 32 40.98,0.576,1.05,0.71,0.159,2.15,0.0,90.1,,g,,1997.169,2450511.1,2.453
354.18988333,-9.54474444,J233645.5-093241,FITS,23 36 45.572,-09 32 41.08,0.014,5.65,5.09,0.157,0.0,0.0,43.3,,g,,1997.184,2450516.5,16.328
10.5314125,-9.54485833,J004207.5-093241,FITS,00 42 07.539,-09 32 41.49,0.014,15.46,20.11,0.225,4.6,1.67,23.0,,s,,1997.167,2450510.3,0.164
10.44030833,-9.54495278,J004145.6-093241,FITS,00 41 45.674,-09 32 41.83,0.032,1.56,1.61,0.227,2.34,0.0,167.5,,g,,1997.167,2450510.3,0.213
29.18977917,-9.54501667,J015645.5-093242,FITS,01 56 45.547,-09 32 42.06,0.283,1.07,0.57,0.142,0.0,0.0,78.7,,g,,1997.167,2450510.4,0.214
31.9307625,-9.54513333,J020743.3-093242,FITS,02 07 43.383,-09 32 42.48,0.014,2.99,2.28,0.161,0.0,0.0,122.5,,g,,1997.169,2450511.3,2.647
353.25813333,-9.54519722,J233301.9-093242,FITS,23 33 01.952,-09 32 42.71,0.124,1.19,1.48,0.141,3.95,1.47,136.6,,g,,1997.167,2450510.3,0.0
14.01009167,-9.54528056,J005602.4-093243,FITS,00 56 02.422,-09 32 43.01,0.086,1.17,1.32,0.161,4.81,0.0,76.2,,,,1997.169,2450511.0,2.287
351.80698333,-9.54529722,J232713.6-093243,FITS,23 27 13.676,-09 32 43.07,0.253,1.05,0.76,0.139,4.67,0.0,66.1,,g,,1997.258,2450543.6,7.489
339.76454167,-9.54530833,J223903.4-093243,FITS,22 39 03.490,-09 32 43.11,0.014,33.53,84.39,0.14,10.63,3.62,108.4,,g,,1997.262,2450545.2,0.0
6.61314583,-9.54536111,J002627.1-093243,FITS,00 26 27.155,-09 32 43.30,0.443,1.08,0.87,0.146,4.65,0.0,67.8,,g,,1997.167,2450510.6,1.384
346.66966667,-9.54541944,J230640.7-093243,FITS,23 06 40.720,-09 32 43.51,0.014,1.44,1.75,0.152,5.79,0.0,72.7,,,,1997.266,2450546.6,3.758
339.84953333,-9.54543333,J223923.8-093243,FITS,22 39 23.888,-09 32 43.56,0.738,1.05,1.0,0.142,3.41,0.0,55.3,,,,1997.264,2450545.7,2.35
37.48637083,-9.54549167,J022956.7-093243,FITS,02 29 56.729,-09 32 43.77,0.43,1.07,0.42,0.141,0.0,0.0,85.0,,g,,1997.167,2450510.4,0.0
38.50360417,-9.54550833,J023400.8-093243,FITS,02 34 00.865,-09 32 43.83,0.343,1.76,1.41,0.178,0.86,0.0,121.3,,,,1999.935,2451520.8,1853.581
26.0584625,-9.54560833,J014414.0-093244,FITS,01 44 14.031,-09 32 44.19,0.016,1.41,1.7,0.158,6.27,0.0,114.0,,,,1997.168,2450510.8,1.909
11.6015,-9.545775,J004624.3-093244,FITS,00 46 24.360,-09 32 44.79,0.865,1.08,0.66,0.159,0.0,0.0,67.8,,g,,1997.169,2450511.3,2.729
11.4871375,-9.54593056,J004556.9-093245,FITS,00 45 56.913,-09 32 45.35,0.014,2.34,3.08,0.159,3.88,2.74,156.5,,s,,1997.168,2450511.0,2.277
6.1751125,-9.54593611,J002442.0-093245,FITS,00 24 42.027,-09 32 45.37,0.014,2.39,2.2,0.155,3.01,0.0,84.1,,g,,1997.168,2450510.7,1.759
339.75761667,-9.54620556,J223901.8-093246,FITS,22 39 01.828,-09 32 46.34,0.014,13.68,65.67,0.14,13.61,9.61,175.2,,g,,1997.262,2450545.2,0.0
347.47229167,-9.54635,J230953.3-093246,FITS,23 09 53.350,-09 32 46.86,0.516,1.27,0.61,0.158,0.0,0.0,90.5,,s,,1997.268,2450547.5,4.669
14.88887083,-9.54637222,J005933.3-093246,FITS,00 59 33.329,-09 32 46.94,0.51,1.01,0.6,0.146,0.0,0.0,118.8,,,,1997.167,2450510.5,1.149
16.7916875,-9.546425,J010710.0-093247,FITS,01 07 10.005,-09 32 47.13,0.877,1.06,0.79,0.159,2.7,0.0,62.1,,,,1997.169,2450511.2,2.567
32.06069167,-9.54649167,J020814.5-093247,FITS,02 08 14.566,-09 32 47.37,0.014,1.98,1.79,0.157,1.96,0.0,97.2,,g,,1997.168,2450510.9,1.895
0.69314583,-9.5465,J000246.3-093247,FITS,00 02 46.355,-09 32 47.40,0.014,2.18,1.63,0.139,0.0,0.0,90.0,,,,1997.167,2450510.3,0.206
23.78632917,-9.546575,J013508.7-093247,FITS,01 35 08.719,-09 32 47.67,0.804,1.44,0.74,0.215,0.0,0.0,79.3,,,,1997.168,2450510.9,2.107
29.439025,-9.54660833,J015745.3-093247,FITS,01 57 45.366,-09 32 47.79,0.014,2.59,2.7,0.158,2.97,0.0,89.1,,,,1997.168,2450510.9,1.894
342.70237917,-9.54669444,J225048.5-093248,FITS,22 50 48.571,-09 32 48.10,0.558,1.01,0.72,0.141,2.2,0.0,57.8,,,,1997.262,2450545.2,0.012
10.56029583,-9.54671389,J004214.4-093248,FITS,00 42 14.471,-09 32 48.17,0.104,1.71,1.65,0.227,4.3,0.0,138.5,,g,,1997.167,2450510.3,0.212
39.77944167,-9.54681667,J023907.0-093248,FITS,02 39 07.066,-09 32 48.54,0.474,1.06,0.56,0.142,0.0,0.0,58.4,,,,1997.167,2450510.4,0.158
25.35099167,-9.54685556,J014124.2-093248,FITS,01 41 24.238,-09 32 48.68,0.877,1.31,1.0,0.195,0.0,0.0,52.8,,,,1997.168,2450510.7,1.512
6.559825,-9.54693056,J002614.3-093248,FITS,00 26 14.358,-09 32 48.95,0.547,1.07,0.64,0.154,0.0,0.0,102.9,,,,1997.168,2450510.8,1.907
346.66678333,-9.54728889,J230640.0-093250,FITS,23 06 40.028,-09 32 50.24,0.014,1.79,2.82,0.151,6.34,2.32,41.4,,g,,1997.266,2450546.5,3.739
10.00197917,-9.54731389,J004000.4-093250,FITS,00 40 00.475,-09 32 50.33,0.014,2.27,1.69,0.162,0.0,0.0,133.2,,s,,1997.169,2450511.1,2.383
36.21448333,-9.54734444,J022451.4-093250,FITS,02 24 51.476,-09 32 50.44,0.014,5.78,5.58,0.16,0.8,0.0,70.5,,g,,1997.168,2450511.0,2.119
33.178525,-9.54742778,J021242.8-093250,FITS,02 12 42.846,-09 32 50.74,0.016,2.19,1.56,0.157,0.0,0.0,90.0,,g,,1997.168,2450510.8,1.802
23.11200417,-9.54750833,J013226.8-093251,FITS,01 32 26.881,-09 32 51.03,0.014,53.61,57.43,0.151,1.81,1.21,58.0,,s,,1997.167,2450510.6,1.41
332.11001667,-9.54753056,J220826.4-093251,FITS,22 08 26.404,-09 32 51.11,0.014,13.88,16.3,0.245,3.61,0.0,55.6,,s,,1997.166,2450510.1,0.377
22.43016667,-9.54776944,J012943.2-093251,FITS,01 29 43.240,-09 32 51.97,0.014,8.61,14.83,0.142,8.26,0.0,66.2,,,,1997.167,2450510.5,0.814
356.3891125,-9.54779444,J234533.3-093252,FITS,23 45 33.387,-09 32 52.06,0.877,1.02,0.89,0.148,3.9,0.0,106.8,,,,1997.176,2450513.8,12.588
4.52197083,-9.54812778,J001805.2-093253,FITS,00 18 05.273,-09 32 53.26,0.014,4.54,5.67,0.141,4.56,0.0,74.1,,,,1997.167,2450510.3,0.0
8.0610375,-9.54841944,J003214.6-093254,FITS,00 32 14.649,-09 32 54.31,0.877,1.03,1.25,0.155,7.44,0.0,90.9,,s,,1997.168,2450510.8,1.908
3.81605833,-9.54857778,J001515.8-093254,FITS,00 15 15.854,-09 32 54.88,0.521,1.02,0.46,0.143,0.0,0.0,82.4,,,,1997.167,2450510.3,0.22
23.10413333,-9.54865833,J013224.9-093255,FITS,01 32 24.992,-09 32 55.17,0.802,1.09,1.18,0.152,4.83,0.0,95.7,,,,1997.168,2450510.7,1.495
36.6323,-9.54886667,J022631.7-093255,FITS,02 26 31.752,-09 32 55.92,0.498,1.05,0.54,0.147,0.0,0.0,102.5,,,,1997.167,2450510.6,1.226
18.1158125,-9.54893056,J011227.7-093256,FITS,01 12 27.795,-09 32 56.15,0.014,1.33,1.29,0.138,3.71,0.0,34.5,,,,1997.167,2450510.6,1.208
28.7931125,-9.54902778,J015510.3-093256,FITS,01 55 10.347,-09 32 56.50,0.014,3.62,2.72,0.16,0.0,0.0,65.4,,,,1997.169,2450511.3,2.597
13.27112917,-9.54905,J005305.0-093256,FITS,00 53 05.071,-09 32 56.58,0.424,1.5,0.86,0.16,0.0,0.0,112.7,,,,1997.169,2450511.0,2.243
353.6082875,-9.54908333,J233425.9-093256,FITS,23 34 25.989,-09 32 56.70,0.326,1.91,1.62,0.309,0.56,0.0,90.0,,,,1997.206,2450524.6,22.213
357.36234583,-9.54935833,J234926.9-093257,FITS,23 49 26.963,-09 32 57.69,0.014,2.01,2.2,0.157,4.42,0.0,101.8,,g,,1997.206,2450524.7,22.247
14.37132083,-9.54959167,J005729.1-093258,FITS,00 57 29.117,-09 32 58.53,0.014,2.16,1.93,0.147,3.22,0.0,89.4,,s,,1997.167,2450510.6,1.264
11.4899,-9.54970833,J004557.5-093258,FITS,00 45 57.576,-09 32 58.95,0.014,3.52,7.63,0.159,12.03,0.0,147.6,,g,,1997.169,2450511.1,2.328
23.65232917,-9.54979167,J013436.5-093259,FITS,01 34 36.559,-09 32 59.25,0.704,1.68,0.85,0.248,0.0,0.0,111.6,,,,1997.17,2450511.4,2.757
329.9486,-9.54981667,J215947.6-093259,FITS,21 59 47.664,-09 32 59.34,0.213,1.07,0.81,0.14,2.16,0.0,135.0,,,,1997.167,2450510.3,0.194
32.61124583,-9.54989167,J021026.6-093259,FITS,02 10 26.699,-09 32 59.61,0.014,2.18,1.69,0.159,0.0,0.0,90.3,,,,1997.17,2450511.5,2.737
356.599475,-9.5499,J234623.8-093259,FITS,23 46 23.874,-09 32 59.64,0.014,7.08,6.89,0.16,0.86,0.0,116.9,,,,1997.207,2450525.1,22.406
339.24626667,-9.55021944,J223659.1-093300,FITS,22 36 59.104,-09 33 00.79,0.5,1.07,0.7,0.158,3.03,0.0,106.8,,,,1997.27,2450548.0,5.04
23.6653125,-9.55024167,J013439.6-093300,FITS,01 34 39.675,-09 33 00.87,0.507,1.87,1.2,0.246,1.67,0.0,96.4,,,,1997.17,2450511.4,2.733
11.16895833,-9.55044722,J004440.5-093301,FITS,00 44 40.550,-09 33 01.61,0.02,1.1,0.85,0.141,3.13,0.0,128.1,,,,1997.167,2450510.5,0.915
38.57808333,-9.55045,J023418.7-093301,FITS,02 34 18.740,-09 33 01.62,0.877,1.21,0.82,0.18,0.0,0.0,56.9,,,,2000.999,2451910.3,2052.998
6.01460833,-9.55076667,J002403.5-093302,FITS,00 24 03.506,-09 33 02.76,0.014,1.49,1.71,0.143,3.26,0.0,57.5,,g,,1997.167,2450510.3,0.0
343.14402917,-9.5509,J225234.5-093303,FITS,22 52 34.567,-09 33 03.24,0.014,2.46,2.22,0.155,0.9,0.0,154.4,,g,,1997.273,2450549.1,5.593
2.05283333,-9.55098611,J000812.6-093303,FITS,00 08 12.680,-09 33 03.55,0.058,1.28,0.97,0.154,0.0,0.0,129.0,,,,1997.168,2450510.9,2.002
11.4907,-9.55105278,J004557.7-093303,FITS,00 45 57.768,-09 33 03.79,0.014,2.43,2.05,0.159,0.0,0.0,32.7,,,,1997.169,2450511.1,2.344
32.4536875,-9.55108889,J020948.8-093303,FITS,02 09 48.885,-09 33 03.92,0.809,1.06,0.71,0.159,1.62,0.0,109.3,,,,1997.168,2450511.0,2.06
36.67749583,-9.55125278,J022642.5-093304,FITS,02 26 42.599,-09 33 04.51,0.014,3.2,2.99,0.142,1.66,0.0,99.2,,s,,1997.167,2450510.5,0.851
22.55382917,-9.55164167,J013012.9-093305,FITS,01 30 12.919,-09 33 05.91,0.014,3.02,3.35,0.143,2.68,0.97,23.7,,,,1997.167,2450510.4,0.195
25.85567083,-9.55173056,J014325.3-093306,FITS,01 43 25.361,-09 33 06.23,0.727,1.08,0.78,0.163,3.6,0.0,64.5,,,,1997.17,2450511.5,2.75
38.60185833,-9.55179167,J023424.4-093306,FITS,02 34 24.446,-09 33 06.45,0.805,1.27,1.2,0.181,3.2,0.0,90.8,,,,2001.237,2451996.9,2084.903
23.04805833,-9.55186389,J013211.5-093306,FITS,01 32 11.534,-09 33 06.71,0.518,1.3,0.79,0.159,0.0,0.0,175.8,,,,1997.168,2450511.0,2.052
334.396875,-9.55188056,J221735.2-093306,FITS,22 17 35.250,-09 33 06.77,0.22,1.09,0.64,0.141,0.0,0.0,43.5,,,,1997.258,2450543.8,6.337
347.28367083,-9.55189167,J230908.0-093306,FITS,23 09 08.081,-09 33 06.81,0.014,3.98,3.61,0.14,0.0,0.0,67.8,,,,1997.262,2450545.2,0.01
33.70650833,-9.55190278,J021449.5-093306,FITS,02 14 49.562,-09 33 06.85,0.353,1.01,0.58,0.141,0.0,0.0,64.5,,,,1997.167,2450510.4,0.176
32.08644583,-9.55234444,J020820.7-093308,FITS,02 08 20.747,-09 33 08.44,0.014,3.56,2.77,0.154,0.0,0.0,90.0,,g,,1997.168,2450510.8,1.695
29.66145,-9.552375,J015838.7-093308,FITS,01 58 38.748,-09 33 08.55,0.531,1.12,0.7,0.162,0.0,0.0,91.3,,,,1997.17,2450511.5,2.759
350.4422,-9.5524,J232146.1-093308,FITS,23 21 46.128,-09 33 08.64,0.014,2.03,1.3,0.156,0.0,0.0,115.4,,,,1997.267,2450547.1,4.323
7.94072083,-9.55243333,J003145.7-093308,FITS,00 31 45.773,-09 33 08.76,0.014,59.39,82.15,0.159,4.43,2.44,83.7,,,,1997.17,2450511.4,2.683
346.45141667,-9.55250278,J230548.3-093309,FITS,23 05 48.340,-09 33 09.01,0.638,1.01,0.76,0.139,1.65,0.0,99.6,,s,,1997.262,2450545.2,0.012
22.42294167,-9.55258889,J012941.5-093309,FITS,01 29 41.506,-09 33 09.32,0.014,4.56,8.96,0.143,7.29,3.91,79.1,,g,,1997.167,2450510.5,0.894
353.2514625,-9.55291111,J233300.3-093310,FITS,23 33 00.351,-09 33 10.48,0.06,2.4,2.98,0.14,5.08,0.0,69.3,,g,,1997.167,2450510.3,0.0
355.78389583,-9.55293333,J234308.1-093310,FITS,23 43 08.135,-09 33 10.56,0.56,1.11,0.46,0.158,0.0,0.0,87.4,,g,,1997.202,2450523.3,21.526
346.65976667,-9.55299167,J230638.3-093310,FITS,23 06 38.344,-09 33 10.77,0.483,1.06,0.92,0.15,5.6,0.0,101.2,,,,1997.266,2450546.5,3.711
335.40380833,-9.55306389,J222136.9-093311,FITS,22 21 36.914,-09 33 11.03,0.158,1.2,0.86,0.148,3.14,0.0,162.9,,g,,1997.254,2450542.2,9.015
38.57814167,-9.55312222,J023418.7-093311,FITS,02 34 18.754,-09 33 11.24,0.528,1.34,0.61,0.179,0.0,0.0,108.9,,,,2001.129,2451957.6,2070.902
6.01364167,-9.55313889,J002403.2-093311,FITS,00 24 03.274,-09 33 11.30,0.014,1.1,1.05,0.142,4.74,0.0,143.9,,,,1997.167,2450510.3,0.0
7.94514583,-9.55317778,J003146.8-093311,FITS,00 31 46.835,-09 33 11.44,0.014,83.49,112.75,0.159,4.53,1.77,103.3,,,,1997.17,2450511.4,2.674
354.515175,-9.55318333,J233803.6-093311,FITS,23 38 03.642,-09 33 11.46,0.47,1.09,0.39,0.16,0.0,0.0,89.9,,g,,1997.194,2450520.5,19.753
24.87341667,-9.55326389,J013929.6-093311,FITS,01 39 29.620,-09 33 11.75,0.014,4.84,6.3,0.157,5.93,0.0,116.2,,,,1997.167,2450510.6,1.309
38.55018333,-9.55332222,J023412.0-093311,FITS,02 34 12.044,-09 33 11.96,0.877,1.2,1.06,0.178,4.52,0.0,98.2,,,,2000.861,2451859.5,2032.316
345.65925417,-9.55345,J230238.2-093312,FITS,23 02 38.221,-09 33 12.42,0.014,12.23,12.46,0.141,1.74,0.0,55.9,,,,1997.264,2450545.7,2.303
23.04047917,-9.55365278,J013209.7-093313,FITS,01 32 09.715,-09 33 13.15,0.596,1.09,0.64,0.16,0.0,0.0,166.2,,,,1997.169,2450511.0,2.131
7.91694167,-9.55396111,J003140.0-093314,FITS,00 31 40.066,-09 33 14.26,0.272,1.31,1.72,0.159,4.55,1.07,112.1,,,,1997.17,2450511.5,2.759
8.03420833,-9.55400833,J003208.2-093314,FITS,00 32 08.210,-09 33 14.43,0.798,1.13,2.18,0.158,14.95,0.0,88.5,,,,1997.169,2450511.0,2.185
341.8392125,-9.554175,J224721.4-093315,FITS,22 47 21.411,-09 33 15.03,0.681,1.05,0.56,0.15,0.0,0.0,83.5,,s,,1997.266,2450546.5,3.754
25.357375,-9.55423611,J014125.7-093315,FITS,01 41 25.770,-09 33 15.25,0.702,1.32,0.73,0.193,0.0,0.0,163.5,,g,,1997.168,2450510.7,1.503
343.28818333,-9.55426667,J225309.1-093315,FITS,22 53 09.164,-09 33 15.36,0.082,1.2,0.93,0.157,3.59,0.0,52.2,,g,,1997.268,2450547.5,4.684
353.13329167,-9.55433611,J233231.9-093315,FITS,23 32 31.990,-09 33 15.61,0.396,1.09,0.75,0.149,0.0,0.0,128.4,,,,1997.174,2450513.0,11.199
10.6859375,-9.55444722,J004244.6-093316,FITS,00 42 44.625,-09 33 16.01,0.014,2.08,1.74,0.219,1.84,0.0,58.7,,g,,1997.168,2450510.9,1.928
347.41963333,-9.55448056,J230940.7-093316,FITS,23 09 40.712,-09 33 16.13,0.364,1.69,1.11,0.153,2.34,0.0,100.1,,,,1997.266,2450546.7,3.94
355.16715,-9.55456389,J234040.1-093316,FITS,23 40 40.116,-09 33 16.43,0.568,1.16,1.02,0.159,3.53,0.0,104.5,,g,,1997.208,2450525.6,22.544
23.704275,-9.55506389,J013449.0-093318,FITS,01 34 49.026,-09 33 18.23,0.014,10.22,13.01,0.239,5.14,0.0,126.8,,,,1997.17,2450511.4,2.656
341.79404167,-9.55529722,J224710.5-093319,FITS,22 47 10.570,-09 33 19.07,0.014,1.99,1.72,0.156,2.22,0.0,51.7,,s,,1997.268,2450547.4,4.614
330.67610833,-9.55548056,J220242.2-093319,FITS,22 02 42.266,-09 33 19.73,0.014,5.31,5.44,0.142,2.15,0.0,35.4,,g,,1997.166,2450510.2,0.229
349.51584167,-9.55559722,J231803.8-093320,FITS,23 18 03.802,-09 33 20.15,0.356,1.11,0.48,0.138,0.0,0.0,91.9,,,,1997.262,2450545.3,0.0
28.01174167,-9.55563056,J015202.8-093320,FITS,01 52 02.818,-09 33 20.27,0.099,1.43,0.91,0.161,0.0,0.0,140.5,,,,1997.169,2450511.3,2.508
35.3085125,-9.55581389,J022114.0-093320,FITS,02 21 14.043,-09 33 20.93,0.175,1.13,0.8,0.14,1.83,0.0,86.4,,,,1997.167,2450510.4,0.198
32.90852083,-9.55591389,J021138.0-093321,FITS,02 11 38.045,-09 33 21.29,0.51,1.01,0.58,0.144,0.0,0.0,124.2,,g,,1997.167,2450510.6,1.032
22.55160417,-9.55596389,J013012.3-093321,FITS,01 30 12.385,-09 33 21.47,0.014,14.67,20.48,0.142,4.95,2.43,22.6,,g,,1997.167,2450510.4,0.186
333.14155417,-9.55603611,J221233.9-093321,FITS,22 12 33.973,-09 33 21.73,0.295,1.05,0.53,0.144,0.0,0.0,76.6,,,,1997.175,2450513.2,9.119
8.93239167,-9.55625,J003543.7-093322,FITS,00 35 43.774,-09 33 22.50,0.014,2.35,2.34,0.143,2.35,0.0,118.4,,g,,1997.167,2450510.4,0.838
332.9904125,-9.55652778,J221157.6-093323,FITS,22 11 57.699,-09 33 23.50,0.805,1.02,0.79,0.141,3.25,0.0,94.3,,,,1997.167,2450510.3,0.0
15.6285875,-9.55664444,J010230.8-093323,FITS,01 02 30.861,-09 33 23.92,0.014,2.87,2.13,0.144,0.0,0.0,100.9,,,,1997.167,2450510.6,1.311
10.10844583,-9.55668333,J004026.0-093324,FITS,00 40 26.027,-09 33 24.06,0.214,1.29,0.57,0.166,0.0,0.0,90.0,,g,,1997.17,2450511.6,2.789
336.09603333,-9.55710278,J222423.0-093325,FITS,22 24 23.048,-09 33 25.57,0.408,1.0,0.64,0.142,0.44,0.0,104.7,,,,1997.259,2450543.9,6.189
1.80127083,-9.557275,J000712.3-093326,FITS,00 07 12.305,-09 33 26.19,0.014,2.65,2.09,0.158,0.0,0.0,69.0,,,,1997.17,2450511.4,2.692
355.06312917,-9.55748056,J234015.1-093326,FITS,23 40 15.151,-09 33 26.93,0.429,1.08,0.56,0.16,0.0,0.0,99.7,,,,1997.208,2450525.4,22.457
348.8302875,-9.55760556,J231519.2-093327,FITS,23 15 19.269,-09 33 27.38,0.014,1.63,1.42,0.14,3.71,0.0,59.3,,,,1997.263,2450545.7,2.165
6.39546667,-9.55762222,J002534.9-093327,FITS,00 25 34.912,-09 33 27.44,0.547,1.04,0.59,0.157,0.0,0.0,119.4,,,,1997.17,2450511.6,2.793
18.6952625,-9.55784722,J011446.8-093328,FITS,01 14 46.863,-09 33 28.25,0.067,1.16,1.56,0.134,5.55,0.97,14.8,,,,1997.167,2450510.4,0.19
13.13737917,-9.55800278,J005232.9-093328,FITS,00 52 32.971,-09 33 28.81,0.787,1.05,0.68,0.159,3.55,0.0,95.9,,,,1997.17,2450511.6,2.798
338.91748333,-9.55804167,J223540.1-093328,FITS,22 35 40.196,-09 33 28.95,0.014,1.14,0.63,0.141,0.0,0.0,106.2,,,,1997.263,2450545.6,2.213
347.41802917,-9.55804722,J230940.3-093328,FITS,23 09 40.327,-09 33 28.97,0.797,1.07,0.51,0.152,0.0,0.0,110.9,,,,1997.266,2450546.8,3.978
353.90122083,-9.55806667,J233536.2-093329,FITS,23 35 36.293,-09 33 29.04,0.014,36.4,37.45,0.169,1.35,0.61,17.4,,g,,1997.172,2450512.5,9.991
349.3555875,-9.55815556,J231725.3-093329,FITS,23 17 25.341,-09 33 29.36,0.014,2.56,2.11,0.147,0.0,0.0,64.5,,g,,1997.265,2450546.4,3.488
335.5096625,-9.55816667,J222202.3-093329,FITS,22 22 02.319,-09 33 29.40,0.582,1.05,0.63,0.158,0.0,0.0,117.6,,g,,1997.24,2450537.0,13.342
36.44830833,-9.55878611,J022547.5-093331,FITS,02 25 47.594,-09 33 31.63,0.014,4.6,4.8,0.16,2.67,0.0,27.6,,g,,1997.17,2450511.6,2.703
35.38094583,-9.55903611,J022131.4-093332,FITS,02 21 31.427,-09 33 32.53,0.877,1.03,0.9,0.146,3.67,0.0,84.4,,,,1997.168,2450510.7,1.42
17.72505417,-9.559275,J011054.0-093333,FITS,01 10 54.013,-09 33 33.39,0.551,1.07,0.51,0.157,0.0,0.0,91.9,,s,,1997.17,2450511.4,2.598
335.40677917,-9.55936389,J222137.6-093333,FITS,22 21 37.627,-09 33 33.71,0.446,1.04,0.63,0.148,0.0,0.0,137.5,,g,,1997.253,2450541.8,9.474
333.10675417,-9.55958889,J221225.6-093334,FITS,22 12 25.621,-09 33 34.52,0.701,1.01,0.65,0.142,2.16,0.0,99.3,,s,,1997.171,2450512.1,7.161
36.531575,-9.55973889,J022607.5-093335,FITS,02 26 07.578,-09 33 35.06,0.014,12.3,11.96,0.16,0.0,0.0,112.5,,,,1997.169,2450511.2,2.25
8.64320833,-9.55974167,J003434.3-093335,FITS,00 34 34.370,-09 33 35.07,0.877,1.07,0.56,0.157,0.0,0.0,77.4,,g,,1997.17,2450511.6,2.809
13.10694583,-9.55998333,J005225.6-093335,FITS,00 52 25.667,-09 33 35.94,0.787,1.06,0.68,0.159,2.61,0.0,94.1,,,,1997.17,2450511.6,2.808
333.79142917,-9.56001667,J221509.9-093336,FITS,22 15 09.943,-09 33 36.06,0.081,1.82,1.5,0.099,2.21,0.0,122.3,,,,1997.216,2450528.2,17.439
356.26088333,-9.56006944,J234502.6-093336,FITS,23 45 02.612,-09 33 36.25,0.014,2.28,1.79,0.139,0.0,0.0,106.8,,g,,1997.167,2450510.3,0.0
30.22465417,-9.56013889,J020053.9-093336,FITS,02 00 53.917,-09 33 36.50,0.014,13.26,13.06,0.161,0.59,0.0,118.7,,s,,1997.169,2450511.2,2.303
349.14184583,-9.56027778,J231634.0-093337,FITS,23 16 34.043,-09 33 37.00,0.45,1.08,0.73,0.154,0.88,0.0,108.6,,,,1997.274,2450549.6,5.747
1.62657083,-9.56046667,J000630.3-093337,FITS,00 06 30.377,-09 33 37.68,0.014,2.09,2.45,0.144,3.92,0.0,44.5,,,,1997.167,2450510.6,1.388
34.471225,-9.56055278,J021753.0-093337,FITS,02 17 53.094,-09 33 37.99,0.014,5.85,5.96,0.192,1.94,0.0,65.5,,,,1997.167,2450510.4,0.0
341.41241667,-9.56060833,J224538.9-093338,FITS,22 45 38.980,-09 33 38.19,0.014,2.29,2.03,0.151,1.3,0.0,92.0,,g,,1997.266,2450546.7,3.913
336.23676667,-9.56061944,J222456.8-093338,FITS,22 24 56.824,-09 33 38.23,0.112,1.13,0.95,0.158,2.11,0.0,28.4,,g,,1997.242,2450537.8,12.897
9.7308625,-9.56063611,J003855.4-093338,FITS,00 38 55.407,-09 33 38.29,0.491,1.04,0.78,0.139,3.91,0.0,103.3,,,,1997.167,2450510.4,0.0
38.74999167,-9.560825,J023459.9-093338,FITS,02 34 59.998,-09 33 38.97,0.014,30.51,32.82,0.173,1.7,1.49,117.4,,,,2000.417,2451697.3,1955.987
7.57853333,-9.56083056,J003018.8-093338,FITS,00 30 18.848,-09 33 38.99,0.014,1.94,1.79,0.14,1.99,0.0,90.6,,g,,1997.167,2450510.5,0.949
337.52309167,-9.56085278,J223005.5-093339,FITS,22 30 05.542,-09 33 39.07,0.564,1.1,0.83,0.151,0.9,0.0,152.9,,g,,1997.262,2450545.2,0.0
27.90834167,-9.561475,J015138.0-093341,FITS,01 51 38.002,-09 33 41.31,0.493,1.04,0.5,0.154,0.0,0.0,106.9,,,,1997.168,2450510.8,1.712
349.63643333,-9.56160833,J231832.7-093341,FITS,23 18 32.744,-09 33 41.79,0.371,1.17,0.42,0.146,0.0,0.0,90.1,,,,1997.265,2450546.3,3.382
336.23844583,-9.56185833,J222457.2-093342,FITS,22 24 57.227,-09 33 42.69,0.033,1.26,1.19,0.158,4.4,0.0,122.0,,,,1997.241,2450537.6,13.004
353.97134583,-9.56195278,J233553.1-093343,FITS,23 35 53.123,-09 33 43.03,0.381,1.14,0.51,0.141,0.0,0.0,68.4,,g,,1997.167,2450510.3,0.0
351.3526375,-9.56211389,J232524.6-093343,FITS,23 25 24.633,-09 33 43.61,0.014,2.0,2.01,0.133,2.0,0.0,64.3,,,,1997.248,2450540.1,19.374
5.84040417,-9.56218611,J002321.6-093343,FITS,00 23 21.697,-09 33 43.87,0.573,1.05,0.55,0.153,0.0,0.0,109.1,,g,,1997.168,2450510.8,1.73
340.85439167,-9.5624,J224325.0-093344,FITS,22 43 25.054,-09 33 44.64,0.124,1.18,0.96,0.157,0.0,0.0,89.6,,,,1997.274,2450549.6,5.773
333.0927375,-9.56245833,J221222.2-093344,FITS,22 12 22.257,-09 33 44.85,0.014,1.7,1.36,0.141,2.38,0.0,122.8,,,,1997.17,2450511.7,6.361
356.57935,-9.56253889,J234619.0-093345,FITS,23 46 19.044,-09 33 45.14,0.014,1.7,1.4,0.161,1.56,0.0,65.4,,,,1997.213,2450527.1,22.985
346.17847917,-9.56258056,J230442.8-093345,FITS,23 04 42.835,-09 33 45.29,0.014,9.0,8.89,0.158,1.13,0.0,111.5,,g,,1997.274,2450549.5,5.737
38.7268625,-9.56263333,J023454.4-093345,FITS,02 34 54.447,-09 33 45.48,0.014,9.35,14.09,0.174,6.61,0.0,63.8,,g,,2000.891,2451870.8,2036.938
335.35597083,-9.56270833,J222125.4-093345,FITS,22 21 25.433,-09 33 45.75,0.014,1.33,1.43,0.141,6.17,0.0,69.6,,,,1997.258,2450543.5,6.918
23.65725417,-9.56279167,J013437.7-093346,FITS,01 34 37.741,-09 33 46.05,0.809,1.51,0.68,0.246,0.0,0.0,80.3,,,,1997.171,2450511.8,2.839
18.69368333,-9.56293611,J011446.4-093346,FITS,01 14 46.484,-09 33 46.57,0.014,1.17,1.46,0.134,5.22,0.0,179.9,,g,,1997.167,2450510.4,0.187
11.42567083,-9.56295556,J004542.1-093346,FITS,00 45 42.161,-09 33 46.64,0.797,1.06,0.68,0.153,0.0,0.0,74.0,,,,1997.168,2450510.9,1.895
26.96110417,-9.562975,J014750.6-093346,FITS,01 47 50.665,-09 33 46.71,0.287,1.5,1.6,0.14,4.49,0.0,111.6,,g,,1997.167,2450510.4,0.159
25.85762917,-9.56310278,J014325.8-093347,FITS,01 43 25.831,-09 33 47.17,0.014,2.57,2.73,0.164,3.63,0.0,97.7,,,,1997.171,2450511.8,2.829
2.39005833,-9.56321944,J000933.6-093347,FITS,00 09 33.614,-09 33 47.59,0.514,1.01,0.48,0.146,0.0,0.0,95.3,,,,1997.168,2450510.7,1.541
11.9234875,-9.56328333,J004741.6-093347,FITS,00 47 41.637,-09 33 47.82,0.014,2.42,2.02,0.142,0.77,0.0,92.3,,g,,1997.167,2450510.5,0.945
33.29119583,-9.56330278,J021309.8-093347,FITS,02 13 09.887,-09 33 47.89,0.014,6.81,5.89,0.163,0.0,0.0,72.2,,,,1997.17,2450511.6,2.696
349.47402083,-9.56335,J231753.7-093348,FITS,23 17 53.765,-09 33 48.06,0.014,1.16,1.03,0.138,4.29,0.0,117.8,,,,1997.262,2450545.3,0.0
352.2168125,-9.56335556,J232852.0-093348,FITS,23 28 52.035,-09 33 48.08,0.014,14.48,15.01,0.16,1.28,0.98,19.9,,,,1997.229,2450533.1,21.758
38.73090417,-9.56346389,J023455.4-093348,FITS,02 34 55.417,-09 33 48.47,0.424,1.43,1.05,0.174,0.0,0.0,109.1,,g,,2000.859,2451858.8,2031.914
352.43792917,-9.56348333,J232945.1-093348,FITS,23 29 45.103,-09 33 48.54,0.326,1.0,0.69,0.138,3.91,0.0,110.3,,g,,1997.259,2450544.2,7.328
25.8603875,-9.56363056,J014326.4-093349,FITS,01 43 26.493,-09 33 49.07,0.014,2.82,3.34,0.163,5.42,0.0,82.0,,,,1997.171,2450511.8,2.834
344.4209875,-9.56363056,J225741.0-093349,FITS,22 57 41.037,-09 33 49.07,0.014,9.4,10.49,0.214,3.11,0.33,166.3,,s,,1997.267,2450546.9,4.146
347.41574167,-9.56367778,J230939.7-093349,FITS,23 09 39.778,-09 33 49.24,0.516,1.19,0.6,0.152,0.0,0.0,81.3,,,,1997.267,2450546.8,4.041
357.68617917,-9.56386389,J235044.6-093349,FITS,23 50 44.683,-09 33 49.91,0.078,1.14,0.83,0.14,3.83,0.0,105.9,,g,,1997.17,2450511.6,7.685
22.3989,-9.56399722,J012935.7-093350,FITS,01 29 35.736,-09 33 50.39,0.707,1.01,0.56,0.144,0.0,0.0,98.7,,g,,1997.167,2450510.6,1.166
11.32388333,-9.56411667,J004517.7-093350,FITS,00 45 17.732,-09 33 50.82,0.506,1.09,0.45,0.139,0.0,0.0,96.7,,g,,1997.167,2450510.5,0.928
349.76695833,-9.56449444,J231904.0-093352,FITS,23 19 04.070,-09 33 52.18,0.014,2.45,1.86,0.16,0.0,0.0,68.9,,,,1997.272,2450548.9,5.498
332.981925,-9.56470556,J221155.6-093352,FITS,22 11 55.662,-09 33 52.94,0.528,1.11,0.68,0.141,2.55,0.0,103.7,,s,,1997.167,2450510.3,0.0
23.7127625,-9.56480278,J013451.0-093353,FITS,01 34 51.063,-09 33 53.29,0.877,1.5,1.14,0.236,2.82,0.0,100.8,,,,1997.17,2450511.6,2.691
29.33027917,-9.56487778,J015719.2-093353,FITS,01 57 19.267,-09 33 53.56,0.191,1.09,0.99,0.142,4.33,0.0,80.4,,,,1997.167,2450510.6,0.986
356.74115,-9.56505833,J234657.8-093354,FITS,23 46 57.876,-09 33 54.21,0.272,1.32,1.32,0.16,4.54,0.0,115.0,,g,,1997.204,2450523.8,21.644
340.85338333,-9.56508333,J224324.8-093354,FITS,22 43 24.812,-09 33 54.30,0.016,1.6,1.19,0.157,0.0,0.0,140.5,,g,,1997.275,2450549.8,5.807
331.34960833,-9.5657,J220523.9-093356,FITS,22 05 23.906,-09 33 56.52,0.164,1.1,1.1,0.158,4.81,0.0,88.4,,,,1997.166,2450510.1,0.376
22.10745417,-9.56588611,J012825.7-093357,FITS,01 28 25.789,-09 33 57.19,0.014,2.87,2.17,0.156,0.0,0.0,121.4,,g,,1997.171,2450511.8,2.844
23.12227917,-9.56593889,J013229.3-093357,FITS,01 32 29.347,-09 33 57.38,0.552,1.18,0.53,0.149,0.0,0.0,77.3,,,,1997.168,2450510.7,1.436
22.52896667,-9.56603333,J013006.9-093357,FITS,01 30 06.952,-09 33 57.72,0.787,1.01,1.01,0.143,6.21,0.0,70.3,,,,1997.167,2450510.4,0.0
24.38320417,-9.56673333,J013731.9-093400,FITS,01 37 31.969,-09 34 00.24,0.809,1.07,0.57,0.158,0.0,0.0,65.3,,s,,1997.171,2450511.9,2.853
354.74309583,-9.56696944,J233858.3-093401,FITS,23 38 58.343,-09 34 01.09,0.442,1.0,0.73,0.139,2.82,0.0,59.9,,g,,1997.167,2450510.3,0.0
331.39174167,-9.56704167,J220534.0-093401,FITS,22 05 34.018,-09 34 01.35,0.56,1.01,0.81,0.147,3.68,0.0,125.2,,g,,1997.166,2450510.2,0.284
349.73044167,-9.56716389,J231855.3-093401,FITS,23 18 55.306,-09 34 01.79,0.258,1.28,0.6,0.159,0.0,0.0,81.6,,,,1997.271,2450548.3,5.194
9.68741667,-9.56744444,J003844.9-093402,FITS,00 38 44.980,-09 34 02.80,0.014,4.47,14.51,0.138,9.26,8.39,5.1,,,,1997.167,2450510.5,0.853
9.70440833,-9.56758611,J003849.0-093403,FITS,00 38 49.058,-09 34 03.31,0.04,1.22,1.01,0.139,0.0,0.0,111.6,,,,1997.167,2450510.3,0.165
340.22730833,-9.56772778,J224054.5-093403,FITS,22 40 54.554,-09 34 03.82,0.014,22.33,22.89,0.159,1.31,0.45,163.1,,g,,1997.273,2450549.1,5.59
30.56246667,-9.56785833,J020214.9-093404,FITS,02 02 14.992,-09 34 04.29,0.866,1.05,0.98,0.159,2.74,0.0,49.1,,,,1997.169,2450511.1,2.044
329.96134583,-9.56786944,J215950.7-093404,FITS,21 59 50.723,-09 34 04.33,0.014,4.34,5.62,0.139,3.82,2.25,68.7,,,,1997.167,2450510.3,0.155
9.85141667,-9.56850556,J003924.3-093406,FITS,00 39 24.340,-09 34 06.62,0.014,6.31,6.34,0.142,1.71,0.0,96.0,,g,,1997.167,2450510.6,1.198
10.306475,-9.56851944,J004113.5-093406,FITS,00 41 13.554,-09 34 06.67,0.016,2.26,1.65,0.219,0.0,0.0,98.9,,g,,1997.169,2450511.1,2.105
11.78245,-9.56874167,J004707.7-093407,FITS,00 47 07.788,-09 34 07.47,0.797,1.16,0.75,0.16,2.0,0.0,88.1,,,,1997.169,2450511.2,2.311
0.2671875,-9.56888611,J000104.1-093407,FITS,00 01 04.125,-09 34 07.99,0.014,4.9,5.13,0.161,2.7,0.0,118.5,,g,,1997.17,2450511.5,2.628
35.38402083,-9.56889444,J022132.1-093408,FITS,02 21 32.165,-09 34 08.02,0.014,2.68,2.26,0.146,0.0,0.0,101.5,,,,1997.168,2450510.8,1.519
346.9678375,-9.56907778,J230752.2-093408,FITS,23 07 52.281,-09 34 08.68,0.014,3.96,3.47,0.158,0.0,0.0,68.8,,,,1997.273,2450549.3,5.667
19.32035,-9.56912778,J011716.8-093408,FITS,01 17 16.884,-09 34 08.86,0.014,2.09,1.64,0.15,0.0,0.0,16.8,,,,1997.169,2450511.0,1.976
32.17632083,-9.56920278,J020842.3-093409,FITS,02 08 42.317,-09 34 09.13,0.014,3.61,3.3,0.141,0.0,0.0,122.1,,,,1997.167,2450510.6,0.953
2.03258333,-9.56923333,J000807.8-093409,FITS,00 08 07.820,-09 34 09.24,0.093,1.82,1.03,0.156,0.0,0.0,37.6,,g,,1997.169,2450511.2,2.313
358.5015375,-9.56927778,J235400.3-093409,FITS,23 54 00.369,-09 34 09.40,0.681,1.01,0.85,0.139,2.7,0.0,67.4,,,,1997.167,2450510.3,0.0
355.21485417,-9.56935278,J234051.5-093409,FITS,23 40 51.565,-09 34 09.67,0.615,1.1,0.85,0.159,4.55,0.0,80.4,,,,1997.21,2450526.2,22.641
349.4372875,-9.56941944,J231744.9-093409,FITS,23 17 44.949,-09 34 09.91,0.014,3.03,3.51,0.137,4.54,0.0,73.5,,,,1997.263,2450545.6,2.0
38.55648333,-9.56966111,J023413.5-093410,FITS,02 34 13.556,-09 34 10.78,0.507,1.81,0.96,0.175,0.0,0.0,106.9,,,,2001.707,2452168.4,2136.146
25.36177917,-9.56988611,J014126.8-093411,FITS,01 41 26.827,-09 34 11.59,0.809,1.25,0.69,0.193,0.0,0.0,87.7,,s,,1997.168,2450510.8,1.568
38.58607917,-9.56992778,J023420.6-093411,FITS,02 34 20.659,-09 34 11.74,0.805,1.14,0.92,0.176,1.58,0.0,94.0,,,,2002.06,2452297.3,2165.062
21.21800417,-9.56994722,J012452.3-093411,FITS,01 24 52.321,-09 34 11.81,0.014,1.88,1.41,0.154,2.19,0.0,54.5,,g,,1997.169,2450511.3,2.323
355.1961125,-9.57010278,J234047.0-093412,FITS,23 40 47.067,-09 34 12.37,0.014,2.45,1.72,0.159,0.0,0.0,115.1,,,,1997.214,2450527.4,23.027
354.81859167,-9.57013333,J233916.4-093412,FITS,23 39 16.462,-09 34 12.48,0.368,1.01,0.97,0.139,5.86,0.0,72.8,,g,,1997.171,2450511.8,8.353
330.65912917,-9.57019444,J220238.1-093412,FITS,22 02 38.191,-09 34 12.70,0.14,1.07,0.85,0.144,3.93,0.0,115.9,,,,1997.166,2450510.2,0.244
339.02605417,-9.57024167,J223606.2-093412,FITS,22 36 06.253,-09 34 12.87,0.232,1.08,0.61,0.14,0.0,0.0,89.5,,g,,1997.262,2450545.2,0.0
30.04180417,-9.57029722,J020010.0-093413,FITS,02 00 10.033,-09 34 13.07,0.014,4.18,3.37,0.141,0.0,0.0,83.2,,,,1997.167,2450510.4,0.156
356.54768333,-9.57034444,J234611.4-093413,FITS,23 46 11.444,-09 34 13.24,0.014,5.67,8.56,0.161,5.92,1.66,61.5,,g,,1997.213,2450527.2,22.937
21.441625,-9.57037778,J012545.9-093413,FITS,01 25 45.990,-09 34 13.36,0.014,6.63,6.73,0.157,1.48,0.0,39.6,,g,,1997.171,2450511.8,2.794
26.46956667,-9.57040833,J014552.6-093413,FITS,01 45 52.696,-09 34 13.47,0.014,9.59,9.56,0.161,0.57,0.0,54.7,,g,,1997.169,2450511.3,2.338
26.96940833,-9.57041389,J014752.6-093413,FITS,01 47 52.658,-09 34 13.49,0.014,2.95,3.11,0.141,4.17,0.0,104.9,,g,,1997.167,2450510.4,0.0
4.98061667,-9.57041944,J001955.3-093413,FITS,00 19 55.348,-09 34 13.51,0.359,1.71,1.7,0.285,3.73,0.0,160.9,,g,,1997.17,2450511.6,2.647
336.68444583,-9.57058056,J222644.2-093414,FITS,22 26 44.267,-09 34 14.09,0.357,1.08,0.49,0.137,0.0,0.0,95.8,,,,1997.26,2450544.3,5.198
26.262925,-9.57059167,J014503.1-093414,FITS,01 45 03.102,-09 34 14.13,0.02,1.12,0.66,0.141,0.0,0.0,91.7,,,,1997.167,2450510.4,0.0
358.38662917,-9.57074444,J235332.7-093414,FITS,23 53 32.791,-09 34 14.68,0.559,1.08,0.66,0.143,0.0,0.0,23.2,,,,1997.175,2450513.5,12.008
14.660475,-9.57087222,J005838.5-093415,FITS,00 58 38.514,-09 34 15.14,0.014,10.19,10.21,0.161,1.39,0.0,123.3,,g,,1997.171,2450511.9,2.869
349.43403333,-9.57089444,J231744.1-093415,FITS,23 17 44.168,-09 34 15.22,0.014,1.78,2.3,0.137,4.27,1.17,86.2,,g,,1997.263,2450545.6,2.079
9.88034167,-9.57095278,J003931.2-093415,FITS,00 39 31.282,-09 34 15.43,0.565,1.06,0.56,0.147,0.0,0.0,117.8,,,,1997.168,2450510.7,1.497
9.68670417,-9.57120833,J003844.8-093416,FITS,00 38 44.809,-09 34 16.35,0.014,36.54,44.0,0.138,3.98,0.66,31.8,,s,,1997.167,2450510.5,0.878
339.85323333,-9.57144167,J223924.7-093417,FITS,22 39 24.776,-09 34 17.19,0.014,6.0,6.15,0.142,1.89,0.0,64.8,,,,1997.264,2450545.9,2.837
5.49830833,-9.57146667,J002159.5-093417,FITS,00 21 59.594,-09 34 17.28,0.014,9.11,9.65,0.16,1.82,0.74,119.7,,,,1997.17,2450511.5,2.542
26.97139583,-9.57152222,J014753.1-093417,FITS,01 47 53.135,-09 34 17.48,0.172,1.09,0.57,0.14,0.0,0.0,84.4,,s,,1997.167,2450510.4,0.0
11.8289125,-9.57156111,J004718.9-093417,FITS,00 47 18.939,-09 34 17.62,0.797,1.05,0.75,0.154,3.9,0.0,93.0,,s,,1997.168,2450511.0,1.913
343.81072917,-9.57203611,J225514.5-093419,FITS,22 55 14.575,-09 34 19.33,0.347,1.12,0.42,0.16,0.0,0.0,89.4,,g,,1997.275,2450549.8,5.823
2.7388125,-9.57215833,J001057.3-093419,FITS,00 10 57.315,-09 34 19.77,0.014,9.6,9.23,0.16,0.0,0.0,81.7,,,,1997.17,2450511.6,2.616
26.324525,-9.57218056,J014517.8-093419,FITS,01 45 17.886,-09 34 19.85,0.369,1.02,0.56,0.141,0.0,0.0,90.1,,,,1997.167,2450510.6,0.977
28.05610417,-9.57225833,J015213.4-093420,FITS,01 52 13.465,-09 34 20.13,0.014,29.4,30.89,0.161,1.78,0.83,165.1,,g,,1997.171,2450511.9,2.796
33.11252083,-9.57228611,J021227.0-093420,FITS,02 12 27.005,-09 34 20.23,0.014,6.01,5.53,0.146,0.0,0.0,101.9,,g,,1997.168,2450510.7,1.328
354.6018375,-9.57258333,J233824.4-093421,FITS,23 38 24.441,-09 34 21.30,0.513,1.1,0.58,0.149,0.0,0.0,50.5,,s,,1997.181,2450515.7,15.16
3.59646667,-9.57263611,J001423.1-093421,FITS,00 14 23.152,-09 34 21.49,0.014,9.88,9.59,0.219,1.2,0.0,69.5,,,,1997.168,2450510.8,1.744
332.98209167,-9.57274722,J221155.7-093421,FITS,22 11 55.702,-09 34 21.89,0.528,1.12,0.67,0.141,0.0,0.0,115.3,,,,1997.167,2450510.3,0.0
338.67898333,-9.57285,J223442.9-093422,FITS,22 34 42.956,-09 34 22.26,0.569,1.08,0.65,0.16,1.63,0.0,82.4,,,,1997.275,2450550.0,5.859
28.87424167,-9.57285833,J015529.8-093422,FITS,01 55 29.818,-09 34 22.29,0.354,1.06,0.86,0.159,4.92,0.0,82.4,,g,,1997.171,2450512.0,2.879
354.489,-9.57293889,J233757.3-093422,FITS,23 37 57.360,-09 34 22.58,0.098,1.18,1.27,0.161,6.17,0.0,50.1,,g,,1997.207,2450525.2,22.213
341.0530625,-9.57301389,J224412.7-093422,FITS,22 44 12.735,-09 34 22.85,0.014,16.36,17.58,0.155,2.29,0.0,118.8,,g,,1997.269,2450547.7,4.813
39.6843,-9.57310833,J023844.2-093423,FITS,02 38 44.232,-09 34 23.19,0.014,3.26,3.67,0.144,3.33,0.0,81.7,,,,1997.167,2450510.4,0.192
10.58032083,-9.573175,J004219.2-093423,FITS,00 42 19.277,-09 34 23.43,0.014,60.67,62.61,0.222,1.25,0.71,64.4,,g,,1997.167,2450510.5,1.033
28.87708333,-9.57331389,J015530.5-093423,FITS,01 55 30.500,-09 34 23.93,0.014,3.17,3.63,0.159,4.25,0.0,105.9,,g,,1997.171,2450512.1,2.881
28.87917917,-9.573325,J015531.0-093423,FITS,01 55 31.003,-09 34 23.97,0.182,1.13,1.4,0.159,10.77,0.0,45.1,,g,,1997.171,2450512.1,2.881
349.98327083,-9.57332778,J231955.9-093423,FITS,23 19 55.985,-09 34 23.98,0.014,2.14,2.56,0.161,6.61,0.0,45.6,,g,,1997.273,2450549.2,5.635
1.886925,-9.57339167,J000732.8-093424,FITS,00 07 32.862,-09 34 24.21,0.356,1.05,1.05,0.157,6.55,0.0,80.9,,,,1997.171,2450512.0,2.878
5.61797917,-9.57358056,J002228.3-093424,FITS,00 22 28.315,-09 34 24.89,0.346,1.22,2.19,0.158,10.19,0.0,88.8,,,,1997.171,2450512.0,2.881
29.71039167,-9.57364444,J015850.4-093425,FITS,01 58 50.494,-09 34 25.12,0.548,1.18,0.72,0.163,0.0,0.0,46.7,,s,,1997.171,2450511.9,2.748
357.0809125,-9.57379444,J234819.4-093425,FITS,23 48 19.419,-09 34 25.66,0.014,2.02,1.71,0.139,0.44,0.0,90.0,,,,1997.172,2450512.3,9.501
22.49009583,-9.57391667,J012957.6-093426,FITS,01 29 57.623,-09 34 26.10,0.014,6.45,6.12,0.142,0.37,0.0,149.2,,,,1997.167,2450510.4,0.0
4.364575,-9.57404444,J001727.4-093426,FITS,00 17 27.498,-09 34 26.56,0.016,2.52,1.85,0.147,0.0,0.0,92.1,,g,,1997.168,2450510.7,1.569
358.16249167,-9.57416944,J235238.9-093427,FITS,23 52 38.998,-09 34 27.01,0.877,1.07,0.65,0.161,0.0,0.0,47.3,,,,1997.22,2450529.8,23.563
7.95265417,-9.57485556,J003148.6-093429,FITS,00 31 48.637,-09 34 29.48,0.877,1.13,1.23,0.16,5.74,0.0,77.1,,g,,1997.171,2450511.9,2.78
36.09704583,-9.57506111,J022423.2-093430,FITS,02 24 23.291,-09 34 30.22,0.014,1.25,1.04,0.146,2.39,0.0,86.5,,,,1997.168,2450510.7,1.196
346.63594583,-9.57506111,J230632.6-093430,FITS,23 06 32.627,-09 34 30.22,0.014,1.17,1.02,0.146,1.36,0.0,62.9,,g,,1997.266,2450546.5,3.615
8.63559167,-9.57541944,J003432.5-093431,FITS,00 34 32.542,-09 34 31.51,0.617,1.17,2.85,0.158,11.81,1.3,78.4,,g,,1997.171,2450512.0,2.885
343.03702917,-9.57559722,J225208.8-093432,FITS,22 52 08.887,-09 34 32.15,0.619,1.05,0.74,0.159,2.16,0.0,92.9,,,,1997.274,2450549.7,5.777
35.19100417,-9.57566667,J022045.8-093432,FITS,02 20 45.841,-09 34 32.40,0.457,1.06,0.82,0.138,3.0,0.0,97.2,,,,1997.167,2450510.6,0.865
18.8700375,-9.5757,J011528.8-093432,FITS,01 15 28.809,-09 34 32.52,0.014,2.4,2.12,0.139,0.0,0.0,82.4,,g,,1997.168,2450510.7,1.423
340.67375417,-9.57583611,J224241.7-093433,FITS,22 42 41.701,-09 34 33.01,0.228,1.06,0.84,0.154,0.95,0.0,52.3,,g,,1997.268,2450547.2,4.435
33.61994583,-9.57605,J021428.7-093433,FITS,02 14 28.787,-09 34 33.78,0.307,1.06,0.67,0.148,1.16,0.0,113.5,,,,1997.168,2450510.8,1.528
348.4698,-9.57609167,J231352.7-093433,FITS,23 13 52.752,-09 34 33.93,0.014,62.62,81.23,0.16,4.98,1.18,175.0,,,,1997.274,2450549.6,5.75
358.1664625,-9.57619722,J235239.9-093434,FITS,23 52 39.951,-09 34 34.31,0.877,1.08,1.01,0.161,6.22,0.0,106.8,,g,,1997.221,2450530.1,23.595
9.68698333,-9.5762,J003844.8-093434,FITS,00 38 44.876,-09 34 34.32,0.014,2.12,8.88,0.138,16.34,5.55,110.1,,,,1997.167,2450510.5,0.901
39.61168333,-9.57625556,J023826.8-093434,FITS,02 38 26.804,-09 34 34.52,0.014,1.86,1.74,0.158,3.33,0.0,35.8,,,,1997.167,2450510.3,0.332
358.78654583,-9.57631389,J235508.7-093434,FITS,23 55 08.771,-09 34 34.73,0.014,1.99,1.51,0.161,0.0,0.0,78.5,,g,,1997.214,2450527.6,23.02
357.74280833,-9.57636389,J235058.2-093434,FITS,23 50 58.274,-09 34 34.91,0.014,33.82,49.92,0.139,6.29,1.13,35.3,,,,1997.167,2450510.3,0.0
19.2073125,-9.576375,J011649.7-093434,FITS,01 16 49.755,-09 34 34.95,0.033,1.25,1.53,0.159,7.3,0.0,138.0,,g,,1997.171,2450511.9,2.768
37.10825417,-9.576425,J022825.9-093435,FITS,02 28 25.981,-09 34 35.13,0.014,3.08,2.38,0.16,0.0,0.0,112.6,,,,1997.172,2450512.2,2.883
344.24862917,-9.5766,J225659.6-093435,FITS,22 56 59.671,-09 34 35.76,0.014,3.63,5.61,0.154,7.59,0.0,153.4,,s,,1997.262,2450545.2,0.0
15.09332917,-9.57735556,J010022.3-093438,FITS,01 00 22.399,-09 34 38.48,0.014,1.23,1.19,0.144,3.86,0.0,115.2,,g,,1997.167,2450510.6,1.175
11.55609583,-9.57739722,J004613.4-093438,FITS,00 46 13.463,-09 34 38.63,0.715,1.2,0.81,0.16,0.0,0.0,43.4,,,,1997.171,2450512.0,2.817
336.35253333,-9.57740556,J222524.6-093438,FITS,22 25 24.608,-09 34 38.66,0.014,3.34,2.62,0.159,0.0,0.0,71.3,,s,,1997.225,2450531.7,14.858
330.08369167,-9.57745,J220020.0-093438,FITS,22 00 20.086,-09 34 38.82,0.136,1.09,0.73,0.143,0.0,0.0,119.8,,,,1997.166,2450510.2,0.221
357.97746667,-9.57749722,J235154.5-093438,FITS,23 51 54.592,-09 34 38.99,0.877,1.08,0.77,0.16,2.25,0.0,55.9,,,,1997.202,2450523.1,21.168
37.80263333,-9.57754722,J023112.6-093439,FITS,02 31 12.632,-09 34 39.17,0.014,9.29,9.14,0.161,0.0,0.0,58.6,,,,1997.171,2450512.0,2.805
341.19998333,-9.57764444,J224447.9-093439,FITS,22 44 47.996,-09 34 39.52,0.197,1.07,0.64,0.138,1.3,0.0,112.1,,g,,1997.263,2450545.5,1.874
9.68599167,-9.57766389,J003844.6-093439,FITS,00 38 44.638,-09 34 39.59,0.014,15.72,17.76,0.138,2.77,1.37,150.4,,,,1997.167,2450510.5,0.917
349.69217083,-9.57770556,J231846.1-093439,FITS,23 18 46.121,-09 34 39.74,0.014,2.5,1.84,0.155,0.0,0.0,57.2,,,,1997.269,2450547.7,4.817
38.65872083,-9.57789444,J023438.0-093440,FITS,02 34 38.093,-09 34 40.42,0.415,1.38,1.36,0.173,4.27,0.0,20.4,,g,,2002.54,2452472.7,2191.602
35.95855,-9.57789722,J022350.0-093440,FITS,02 23 50.052,-09 34 40.43,0.014,1.35,1.34,0.145,4.32,0.0,71.9,,,,1997.167,2450510.4,0.0
335.655025,-9.57797778,J222237.2-093440,FITS,22 22 37.206,-09 34 40.72,0.014,2.84,2.48,0.16,0.6,0.0,96.3,,g,,1997.225,2450531.8,14.85
334.78602917,-9.57805278,J221908.6-093440,FITS,22 19 08.647,-09 34 40.99,0.507,1.1,0.43,0.158,0.0,0.0,90.8,,,,1997.231,2450533.7,14.523
15.391825,-9.57825833,J010134.0-093441,FITS,01 01 34.038,-09 34 41.73,0.508,1.08,0.96,0.158,3.61,0.0,77.4,,g,,1997.172,2450512.1,2.887
332.43070833,-9.578425,J220943.3-093442,FITS,22 09 43.370,-09 34 42.33,0.439,1.16,0.64,0.154,0.22,0.0,98.9,,,,1997.169,2450511.0,2.06
348.87584167,-9.57855278,J231530.2-093442,FITS,23 15 30.202,-09 34 42.79,0.014,1.81,1.59,0.144,0.0,0.0,90.0,,g,,1997.265,2450546.3,3.452
339.04973333,-9.57878611,J223611.9-093443,FITS,22 36 11.936,-09 34 43.63,0.014,3.11,5.45,0.138,7.08,3.12,148.0,,,,1997.263,2450545.5,1.882
344.42295833,-9.57886111,J225741.5-093443,FITS,22 57 41.510,-09 34 43.90,0.014,6.2,5.62,0.215,0.0,0.0,104.7,,,,1997.268,2450547.3,4.475
335.59770833,-9.57913889,J222223.4-093444,FITS,22 22 23.450,-09 34 44.90,0.014,2.47,2.81,0.159,3.83,0.0,43.6,,,,1997.225,2450531.5,14.871
8.63596667,-9.57915278,J003432.6-093444,FITS,00 34 32.632,-09 34 44.95,0.014,1.93,2.03,0.158,4.16,0.0,3.3,,g,,1997.172,2450512.1,2.894
15.47534167,-9.579225,J010154.0-093445,FITS,01 01 54.082,-09 34 45.21,0.014,8.67,8.17,0.16,0.0,0.0,88.8,,g,,1997.171,2450511.9,2.713
340.90725833,-9.57944722,J224337.7-093446,FITS,22 43 37.742,-09 34 46.01,0.484,1.05,0.5,0.159,0.0,0.0,89.3,,g,,1997.277,2450550.6,5.944
20.1079,-9.57954167,J012025.8-093446,FITS,01 20 25.896,-09 34 46.35,0.014,2.26,1.59,0.142,0.0,0.0,0.7,,g,,1997.168,2450510.9,1.675
13.64618333,-9.57991667,J005435.0-093447,FITS,00 54 35.084,-09 34 47.70,0.014,7.69,7.12,0.15,0.61,0.0,61.6,,g,,1997.168,2450510.9,1.72
353.04631667,-9.58021944,J233211.1-093448,FITS,23 32 11.116,-09 34 48.79,0.014,4.9,4.69,0.174,1.52,0.0,96.3,,,,1997.196,2450521.1,20.012
11.20724583,-9.58033611,J004449.7-093449,FITS,00 44 49.739,-09 34 49.21,0.014,1.78,1.38,0.14,1.35,0.0,71.6,,,,1997.167,2450510.4,0.0
37.5705625,-9.58039444,J023016.9-093449,FITS,02 30 16.935,-09 34 49.42,0.014,9.05,15.23,0.14,6.24,3.03,107.7,,,,1997.167,2450510.6,0.987
339.41129583,-9.58044167,J223738.7-093449,FITS,22 37 38.711,-09 34 49.59,0.014,1.94,1.09,0.159,0.0,0.0,100.6,,g,,1997.277,2450550.6,5.945
23.26749167,-9.58046667,J013304.1-093449,FITS,01 33 04.198,-09 34 49.68,0.262,1.15,0.95,0.143,0.0,0.0,89.1,,g,,1997.167,2450510.4,0.0
8.6392,-9.58070833,J003433.4-093450,FITS,00 34 33.408,-09 34 50.55,0.877,1.14,1.63,0.158,7.25,0.0,92.5,,,,1997.172,2450512.2,2.895
18.18302917,-9.58093333,J011243.9-093451,FITS,01 12 43.927,-09 34 51.36,0.014,2.36,2.04,0.149,0.0,0.0,76.0,,,,1997.169,2450511.2,2.093
1.46774167,-9.58116667,J000552.2-093452,FITS,00 05 52.258,-09 34 52.20,0.014,2.13,2.33,0.139,3.97,0.0,92.8,,,,1997.167,2450510.3,0.0
38.86445833,-9.581275,J023527.4-093452,FITS,02 35 27.470,-09 34 52.59,0.516,1.26,0.66,0.15,0.0,0.0,94.3,,,,1998.491,2450993.7,1377.567
27.80244167,-9.58169167,J015112.5-093454,FITS,01 51 12.586,-09 34 54.09,0.492,1.03,0.5,0.142,0.0,0.0,113.9,,,,1997.167,2450510.5,0.843
19.04924583,-9.58184444,J011611.8-093454,FITS,01 16 11.819,-09 34 54.64,0.014,10.75,13.24,0.159,4.06,1.32,26.7,,,,1997.171,2450512.1,2.807
6.44414583,-9.58185556,J002546.5-093454,FITS,00 25 46.595,-09 34 54.68,0.014,2.37,2.86,0.159,3.74,1.29,150.5,,g,,1997.171,2450512.1,2.829
33.59824167,-9.58212778,J021423.5-093455,FITS,02 14 23.578,-09 34 55.66,0.433,1.03,0.48,0.151,0.0,0.0,91.2,,,,1997.168,2450511.0,1.792
340.16595417,-9.58225833,J224039.8-093456,FITS,22 40 39.829,-09 34 56.13,0.014,2.0,2.26,0.159,4.72,0.0,0.6,,g,,1997.277,2450550.6,5.949
343.4672375,-9.58225833,J225352.1-093456,FITS,22 53 52.137,-09 34 56.13,0.081,1.15,0.65,0.141,0.0,0.0,65.3,,,,1997.262,2450545.2,0.0
33.97681667,-9.58234722,J021554.4-093456,FITS,02 15 54.436,-09 34 56.45,0.396,1.16,0.45,0.16,0.0,0.0,88.7,,,,1997.17,2450511.6,2.467
332.07318333,-9.58236389,J220817.5-093456,FITS,22 08 17.564,-09 34 56.51,0.014,18.15,24.69,0.287,4.63,1.69,81.7,,,,1997.166,2450510.1,0.41
332.0791625,-9.582425,J220818.9-093456,FITS,22 08 18.999,-09 34 56.73,0.014,14.64,21.51,0.276,5.77,1.53,125.9,,,,1997.166,2450510.1,0.397
8.63583333,-9.58260833,J003432.6-093457,FITS,00 34 32.600,-09 34 57.39,0.014,1.71,1.86,0.157,4.43,0.0,78.9,,,,1997.172,2450512.2,2.899
15.57164583,-9.58267778,J010217.1-093457,FITS,01 02 17.195,-09 34 57.64,0.014,2.31,1.46,0.153,0.0,0.0,87.0,,g,,1997.169,2450511.1,2.062
34.03786667,-9.58284444,J021609.0-093458,FITS,02 16 09.088,-09 34 58.24,0.014,3.47,3.86,0.161,3.81,0.0,94.8,,g,,1997.172,2450512.1,2.776
8.352975,-9.5831,J003324.7-093459,FITS,00 33 24.714,-09 34 59.16,0.014,10.87,11.45,0.142,1.63,0.93,119.2,,g,,1997.167,2450510.6,1.304
335.821125,-9.58317778,J222317.0-093459,FITS,22 23 17.070,-09 34 59.44,0.522,1.03,0.46,0.154,0.0,0.0,93.0,,,,1997.247,2450539.5,11.732
7.07598333,-9.58319444,J002818.2-093459,FITS,00 28 18.236,-09 34 59.50,0.612,1.17,0.71,0.159,0.0,0.0,99.0,,,,1997.172,2450512.2,2.877
19.80085833,-9.58335833,J011912.2-093500,FITS,01 19 12.206,-09 35 00.09,0.115,1.24,1.05,0.16,3.77,0.0,92.9,,,,1997.172,2450512.1,2.818
35.40443333,-9.58343611,J022137.0-093500,FITS,02 21 37.064,-09 35 00.37,0.014,2.8,2.62,0.15,2.6,0.0,42.7,,,,1997.169,2450511.0,1.829
356.87857083,-9.58346111,J234730.8-093500,FITS,23 47 30.857,-09 35 00.46,0.877,1.07,1.14,0.144,3.69,0.0,91.0,,s,,1997.178,2450514.5,13.569
8.28879583,-9.58385556,J003309.3-093501,FITS,00 33 09.311,-09 35 01.88,0.014,6.75,6.87,0.14,1.34,0.0,29.4,,s,,1997.167,2450510.4,0.0
347.37470417,-9.58435,J230929.9-093503,FITS,23 09 29.929,-09 35 03.66,0.573,1.09,1.36,0.146,4.72,0.0,81.1,,s,,1997.266,2450546.4,3.528
18.98592917,-9.58454167,J011556.6-093504,FITS,01 15 56.623,-09 35 04.35,0.43,1.08,0.77,0.157,2.45,0.0,115.1,,g,,1997.17,2450511.7,2.537
38.598,-9.58461667,J023423.5-093504,FITS,02 34 23.520,-09 35 04.62,0.415,1.71,1.28,0.172,0.0,0.0,55.2,,g,,2002.977,2452632.0,2203.367
11.44437083,-9.58465833,J004546.6-093504,FITS,00 45 46.649,-09 35 04.77,0.014,3.68,3.35,0.156,0.0,0.0,68.4,,g,,1997.169,2450511.3,2.225
16.45405833,-9.58483333,J010548.9-093505,FITS,01 05 48.974,-09 35 05.40,0.014,2.41,2.09,0.14,0.0,0.0,100.2,,,,1997.167,2450510.5,0.798
30.36679167,-9.58485278,J020128.0-093505,FITS,02 01 28.030,-09 35 05.47,0.041,1.51,2.18,0.161,8.22,0.0,101.3,,,,1997.172,2450512.4,2.901
38.59431667,-9.58509722,J023422.6-093506,FITS,02 34 22.636,-09 35 06.35,0.135,3.61,2.98,0.172,2.03,0.0,0.2,,,,2002.966,2452628.2,2203.216
335.28185833,-9.58516667,J222107.6-093506,FITS,22 21 07.646,-09 35 06.60,0.033,1.12,0.86,0.138,3.27,0.0,94.1,,g,,1997.262,2450545.2,0.0
30.36855833,-9.58522778,J020128.4-093506,FITS,02 01 28.454,-09 35 06.82,0.105,1.37,5.42,0.161,14.22,6.4,105.5,,,,1997.172,2450512.4,2.902
18.99759167,-9.58523889,J011559.4-093506,FITS,01 15 59.422,-09 35 06.86,0.014,35.04,35.63,0.157,1.09,0.35,162.3,,g,,1997.171,2450511.8,2.609
37.169375,-9.58525556,J022840.6-093506,FITS,02 28 40.650,-09 35 06.92,0.016,2.19,4.36,0.162,8.51,2.49,106.9,,g,,1997.172,2450512.4,2.886
13.88289583,-9.58546944,J005531.8-093507,FITS,00 55 31.895,-09 35 07.69,0.014,1.87,1.11,0.16,0.0,0.0,48.0,,,,1997.172,2450512.3,2.899
330.78966667,-9.58554167,J220309.5-093507,FITS,22 03 09.520,-09 35 07.95,0.029,1.09,1.19,0.14,6.49,0.0,134.9,,g,,1997.167,2450510.3,0.0
347.36985833,-9.58557222,J230928.7-093508,FITS,23 09 28.766,-09 35 08.06,0.781,1.01,0.64,0.145,0.0,0.0,92.0,,,,1997.265,2450546.3,3.44
30.82687083,-9.58571944,J020318.4-093508,FITS,02 03 18.449,-09 35 08.59,0.014,3.35,2.92,0.144,0.0,0.0,104.1,,,,1997.167,2450510.6,1.073
336.04847083,-9.58573056,J222411.6-093508,FITS,22 24 11.633,-09 35 08.63,0.084,1.03,0.73,0.14,0.0,0.0,104.6,,,,1997.26,2450544.4,4.944
37.57344583,-9.585775,J023017.6-093508,FITS,02 30 17.627,-09 35 08.79,0.014,9.85,19.98,0.14,9.26,2.26,129.4,,,,1997.167,2450510.6,1.042
36.29065417,-9.585825,J022509.7-093508,FITS,02 25 09.757,-09 35 08.97,0.272,1.37,1.15,0.161,2.56,0.0,113.9,,,,1997.172,2450512.2,2.793
337.36567083,-9.58586389,J222927.7-093509,FITS,22 29 27.761,-09 35 09.11,0.014,1.92,1.69,0.234,0.74,0.0,7.8,,,,1997.253,2450541.8,9.481
23.64129167,-9.58593333,J013433.9-093509,FITS,01 34 33.910,-09 35 09.36,0.877,1.46,1.48,0.236,5.77,0.0,74.7,,,,1997.172,2450512.4,2.899
33.05973333,-9.58629167,J021214.3-093510,FITS,02 12 14.336,-09 35 10.65,0.261,1.01,0.92,0.141,0.0,0.0,148.6,,g,,1997.167,2450510.6,0.926
354.01637917,-9.58646667,J233603.9-093511,FITS,23 36 03.931,-09 35 11.28,0.442,1.02,0.68,0.14,1.39,0.0,88.5,,,,1997.167,2450510.3,0.0
38.57120417,-9.58654167,J023417.0-093511,FITS,02 34 17.089,-09 35 11.55,0.693,1.17,1.32,0.17,9.47,0.0,103.3,,g,,2002.768,2452555.9,2199.155
30.36645,-9.58663889,J020127.9-093511,FITS,02 01 27.948,-09 35 11.90,0.014,98.76,102.82,0.161,1.62,0.74,5.0,,,,1997.172,2450512.4,2.902
34.24073333,-9.58691389,J021657.7-093512,FITS,02 16 57.776,-09 35 12.89,0.11,1.51,0.78,0.181,0.0,0.0,99.6,,s,,1997.171,2450512.0,2.676
348.74808333,-9.58729722,J231459.5-093514,FITS,23 14 59.540,-09 35 14.27,0.014,1.34,0.81,0.139,0.0,0.0,95.3,,g,,1997.262,2450545.2,0.0
19.13591667,-9.58731667,J011632.6-093514,FITS,01 16 32.620,-09 35 14.34,0.014,2.05,1.64,0.158,1.93,0.0,94.0,,,,1997.172,2450512.4,2.898
16.22519167,-9.58738333,J010454.0-093514,FITS,01 04 54.046,-09 35 14.58,0.014,1.89,1.11,0.16,0.0,0.0,95.9,,,,1997.171,2450512.0,2.742
12.62490417,-9.58744167,J005029.9-093514,FITS,00 50 29.977,-09 35 14.79,0.319,1.16,0.7,0.154,0.0,0.0,67.4,,g,,1997.168,2450510.8,1.555
349.70692917,-9.58761111,J231849.6-093515,FITS,23 18 49.663,-09 35 15.40,0.014,4.27,3.91,0.157,0.0,0.0,104.6,,g,,1997.271,2450548.3,5.23
341.6048625,-9.58767778,J224625.1-093515,FITS,22 46 25.167,-09 35 15.64,0.014,5.06,4.39,0.157,0.0,0.0,74.2,,,,1997.278,2450551.0,5.967
355.13058333,-9.58772778,J234031.3-093515,FITS,23 40 31.340,-09 35 15.82,0.014,1.92,1.78,0.158,2.51,0.0,86.9,,,,1997.228,2450532.8,23.817
30.36704167,-9.58776111,J020128.0-093515,FITS,02 01 28.090,-09 35 15.94,0.014,19.07,25.28,0.161,4.79,1.76,23.8,,,,1997.172,2450512.4,2.902
38.56636667,-9.58778611,J023415.9-093516,FITS,02 34 15.928,-09 35 16.03,0.014,617.29,641.4,0.17,1.3,1.03,13.0,,,,2002.765,2452554.8,2199.065
358.87995,-9.58785833,J235531.1-093516,FITS,23 55 31.188,-09 35 16.29,0.755,1.08,0.68,0.159,0.0,0.0,77.4,,,,1997.228,2450532.8,23.818
335.2539625,-9.58789444,J222100.9-093516,FITS,22 21 00.951,-09 35 16.42,0.542,1.0,0.79,0.137,4.64,0.0,119.6,,g,,1997.262,2450545.2,0.0
341.37633333,-9.58791389,J224530.3-093516,FITS,22 45 30.320,-09 35 16.49,0.297,1.05,0.62,0.145,0.0,0.0,91.4,,g,,1997.266,2450546.5,3.627
348.55910417,-9.587975,J231414.1-093516,FITS,23 14 14.185,-09 35 16.71,0.014,9.24,9.22,0.155,1.33,0.0,121.8,,,,1997.27,2450547.9,4.977
2.3503375,-9.58800833,J000924.0-093516,FITS,00 09 24.081,-09 35 16.83,0.014,3.38,5.31,0.14,5.14,3.51,84.5,,,,1997.167,2450510.6,1.309
345.41335,-9.58801389,J230139.2-093516,FITS,23 01 39.204,-09 35 16.85,0.014,5.27,5.43,0.159,2.12,0.0,102.3,,,,1997.278,2450551.0,5.967
347.62362083,-9.58826667,J231029.6-093517,FITS,23 10 29.669,-09 35 17.76,0.014,5.8,6.91,0.157,4.32,0.0,93.9,,g,,1997.278,2450551.1,5.969
21.2838375,-9.58833889,J012508.1-093518,FITS,01 25 08.121,-09 35 18.02,0.014,26.6,27.22,0.157,1.29,0.36,159.9,,,,1997.172,2450512.1,2.778
348.35132917,-9.58838056,J231324.3-093518,FITS,23 13 24.319,-09 35 18.17,0.797,1.16,0.42,0.161,0.0,0.0,89.5,,,,1997.279,2450551.2,5.971
339.05824583,-9.58843611,J223613.9-093518,FITS,22 36 13.979,-09 35 18.37,0.014,2.73,5.47,0.139,7.48,4.04,115.4,,s,,1997.263,2450545.6,2.163
344.263425,-9.58846111,J225703.2-093518,FITS,22 57 03.222,-09 35 18.46,0.312,1.11,0.61,0.155,0.0,0.0,88.8,,,,1997.262,2450545.2,0.0
14.06300833,-9.58855833,J005615.1-093518,FITS,00 56 15.122,-09 35 18.81,0.014,2.03,1.68,0.157,1.7,0.0,116.2,,g,,1997.169,2450511.3,2.182
354.61012917,-9.58861667,J233826.4-093519,FITS,23 38 26.431,-09 35 19.02,0.014,8.88,9.26,0.148,1.8,0.5,167.2,,,,1997.182,2450516.1,15.576
16.75855,-9.58888333,J010702.0-093519,FITS,01 07 02.052,-09 35 19.98,0.014,4.01,5.38,0.16,6.7,0.0,38.3,,,,1997.171,2450511.9,2.68
30.33896667,-9.58896111,J020121.3-093520,FITS,02 01 21.352,-09 35 20.26,0.704,1.21,1.4,0.163,8.75,0.0,141.7,,,,1997.172,2450512.5,2.901
343.82990833,-9.58914722,J225519.1-093520,FITS,22 55 19.178,-09 35 20.93,0.137,1.37,0.94,0.16,0.0,0.0,96.2,,g,,1997.278,2450551.0,5.966
29.14381667,-9.58919167,J015634.5-093521,FITS,01 56 34.516,-09 35 21.09,0.142,1.12,0.75,0.144,2.62,0.0,99.5,,g,,1997.168,2450510.8,1.374
11.233125,-9.58925833,J004455.9-093521,FITS,00 44 55.950,-09 35 21.33,0.014,1.32,0.9,0.139,0.0,0.0,64.9,,,,1997.167,2450510.4,0.0
350.5699,-9.58932222,J232216.7-093521,FITS,23 22 16.776,-09 35 21.56,0.522,1.08,0.62,0.16,0.0,0.0,65.0,,,,1997.278,2450550.9,5.96
12.0631625,-9.58932778,J004815.1-093521,FITS,00 48 15.159,-09 35 21.58,0.384,1.1,0.44,0.144,0.0,0.0,96.1,,,,1997.167,2450510.5,0.971
2.13301667,-9.58934444,J000831.9-093521,FITS,00 08 31.924,-09 35 21.64,0.231,1.26,0.94,0.142,0.0,0.0,43.8,,g,,1997.168,2450510.7,1.485
33.80621667,-9.58934722,J021513.4-093521,FITS,02 15 13.492,-09 35 21.65,0.014,1.21,0.67,0.14,0.0,0.0,88.0,,,,1997.167,2450510.6,0.912
38.52609167,-9.58949167,J023406.2-093522,FITS,02 34 06.262,-09 35 22.17,0.516,1.32,0.86,0.169,0.0,0.0,57.6,,,,2002.133,2452323.9,2169.876
8.63171667,-9.58951111,J003431.6-093522,FITS,00 34 31.612,-09 35 22.24,0.73,1.07,0.6,0.157,1.27,0.0,74.5,,,,1997.172,2450512.4,2.902
349.4963625,-9.58951944,J231759.1-093522,FITS,23 17 59.127,-09 35 22.27,0.665,1.02,0.62,0.138,0.0,0.0,152.5,,,,1997.262,2450545.3,0.0
340.705425,-9.58955833,J224249.3-093522,FITS,22 42 49.302,-09 35 22.41,0.014,4.63,4.13,0.158,1.03,0.0,97.4,,,,1997.271,2450548.3,5.239
342.812175,-9.58963611,J225114.9-093522,FITS,22 51 14.922,-09 35 22.69,0.014,1.56,2.13,0.14,7.56,0.0,123.7,,g,,1997.264,2450545.7,2.255
7.93377083,-9.58975,J003144.1-093523,FITS,00 31 44.105,-09 35 23.10,0.877,1.09,1.08,0.16,6.0,0.0,77.2,,g,,1997.172,2450512.3,2.863
38.5962,-9.58990833,J023423.0-093523,FITS,02 34 23.088,-09 35 23.67,0.739,1.13,0.85,0.17,0.0,0.0,87.9,,g,,2003.251,2452732.2,2204.837
26.457825,-9.58996111,J014549.8-093523,FITS,01 45 49.878,-09 35 23.86,0.531,1.06,0.54,0.16,0.0,0.0,92.8,,g,,1997.17,2450511.5,2.37
35.32979167,-9.58996389,J022119.1-093523,FITS,02 21 19.150,-09 35 23.87,0.2,1.12,0.9,0.14,0.0,0.0,89.0,,,,1997.168,2450510.7,1.124
346.80675833,-9.58998889,J230713.6-093523,FITS,23 07 13.622,-09 35 23.96,0.3,1.18,0.43,0.158,0.0,0.0,90.0,,,,1997.277,2450550.7,5.948
17.06379583,-9.59006389,J010815.3-093524,FITS,01 08 15.311,-09 35 24.23,0.636,1.05,0.72,0.148,0.0,0.0,145.5,,g,,1997.169,2450511.3,2.183
347.122175,-9.59011389,J230829.3-093524,FITS,23 08 29.322,-09 35 24.41,0.163,1.29,1.8,0.146,7.71,0.0,71.2,,,,1997.266,2450546.5,3.699
17.7686875,-9.59044722,J011104.4-093525,FITS,01 11 04.485,-09 35 25.61,0.27,1.15,0.61,0.155,0.0,0.0,90.2,,,,1997.171,2450511.7,2.537
38.52959167,-9.59050278,J023407.1-093525,FITS,02 34 07.102,-09 35 25.81,0.279,1.46,1.67,0.169,5.61,0.0,1.7,,s,,2002.253,2452367.7,2177.322
38.53460417,-9.59052222,J023408.3-093525,FITS,02 34 08.305,-09 35 25.88,0.355,1.74,1.27,0.169,0.0,0.0,46.4,,,,2002.356,2452405.3,2182.99
38.5384125,-9.59055278,J023409.2-093525,FITS,02 34 09.219,-09 35 25.99,0.304,2.39,2.02,0.169,3.18,0.0,4.1,,g,,2002.432,2452433.1,2186.763
33.64030417,-9.59076944,J021433.6-093526,FITS,02 14 33.673,-09 35 26.77,0.016,1.3,1.06,0.145,3.68,0.0,82.1,,g,,1997.168,2450510.8,1.42
32.92632083,-9.59086944,J021142.3-093527,FITS,02 11 42.317,-09 35 27.13,0.014,13.79,13.67,0.142,1.06,0.0,95.8,,s,,1997.167,2450510.6,1.073
9.573675,-9.59090833,J003817.6-093527,FITS,00 38 17.682,-09 35 27.27,0.711,1.03,0.65,0.153,2.74,0.0,111.5,,g,,1997.169,2450511.2,2.099
342.66394583,-9.59096667,J225039.3-093527,FITS,22 50 39.347,-09 35 27.48,0.014,1.64,1.12,0.142,0.0,0.0,103.2,,g,,1997.264,2450545.9,2.773
27.92052917,-9.59116389,J015140.9-093528,FITS,01 51 40.927,-09 35 28.19,0.285,1.03,1.06,0.156,4.29,0.0,62.1,,s,,1997.169,2450511.2,2.045
346.967525,-9.591175,J230752.2-093528,FITS,23 07 52.206,-09 35 28.23,0.014,2.56,2.09,0.158,0.0,0.0,67.2,,,,1997.276,2450550.3,5.902
38.56544167,-9.59123333,J023415.7-093528,FITS,02 34 15.706,-09 35 28.44,0.168,2.06,1.89,0.169,3.33,0.0,92.4,,s,,2002.931,2452615.2,2202.617
28.97829167,-9.59126667,J015554.7-093528,FITS,01 55 54.790,-09 35 28.56,0.014,3.31,2.87,0.162,0.0,0.0,103.8,,g,,1997.172,2450512.1,2.743
346.51405,-9.59126944,J230603.3-093528,FITS,23 06 03.372,-09 35 28.57,0.717,1.04,0.49,0.139,0.0,0.0,72.6,,,,1997.262,2450545.2,0.0
17.06984583,-9.59133333,J010816.7-093528,FITS,01 08 16.763,-09 35 28.80,0.186,1.19,2.61,0.147,7.48,5.49,3.5,,,,1997.169,2450511.3,2.135
354.70264167,-9.59134444,J233848.6-093528,FITS,23 38 48.634,-09 35 28.84,0.417,1.02,1.38,0.139,8.57,0.0,68.6,,g,,1997.17,2450511.7,7.925
338.67175,-9.59135,J223441.2-093528,FITS,22 34 41.220,-09 35 28.86,0.014,2.52,2.08,0.16,0.0,0.0,90.1,,s,,1997.278,2450551.1,5.968
38.52116667,-9.59136389,J023405.0-093528,FITS,02 34 05.080,-09 35 28.91,0.424,1.32,1.25,0.169,0.93,0.0,35.3,,g,,2002.111,2452316.0,2168.424
21.87871667,-9.591475,J012730.8-093529,FITS,01 27 30.892,-09 35 29.31,0.014,6.68,6.48,0.138,0.5,0.0,137.1,,,,1997.168,2450510.9,1.62
339.39735,-9.59148056,J223735.3-093529,FITS,22 37 35.364,-09 35 29.33,0.729,1.11,0.54,0.16,0.0,0.0,77.2,,g,,1997.279,2450551.3,5.967
349.34485,-9.59151389,J231722.7-093529,FITS,23 17 22.764,-09 35 29.45,0.21,1.17,0.86,0.148,3.76,0.0,66.9,,g,,1997.267,2450547.1,4.334
2.68185,-9.59191389,J001043.6-093530,FITS,00 10 43.644,-09 35 30.89,0.014,18.05,18.64,0.159,1.38,0.31,72.5,,,,1997.172,2450512.4,2.866
32.69229167,-9.59210556,J021046.1-093531,FITS,02 10 46.150,-09 35 31.58,0.421,1.07,0.89,0.163,5.19,0.0,110.2,,,,1997.172,2450512.4,2.845
38.60014583,-9.59215278,J023424.0-093531,FITS,02 34 24.035,-09 35 31.75,0.647,1.26,0.75,0.169,1.37,0.0,78.7,,,,2003.416,2452792.3,2203.54
17.43760417,-9.59220556,J010945.0-093531,FITS,01 09 45.025,-09 35 31.94,0.016,1.45,1.22,0.149,1.84,0.0,85.6,,,,1997.169,2450511.3,2.21
338.30318333,-9.59226944,J223312.7-093532,FITS,22 33 12.764,-09 35 32.17,0.014,10.41,16.01,0.139,6.25,0.94,76.0,,g,,1997.263,2450545.6,2.138
31.19597917,-9.59228333,J020447.0-093532,FITS,02 04 47.035,-09 35 32.22,0.014,2.13,1.38,0.163,0.0,0.0,99.7,,,,1997.172,2450512.4,2.839
354.01986667,-9.59229167,J233604.7-093532,FITS,23 36 04.768,-09 35 32.25,0.014,14.12,15.69,0.14,2.86,0.0,121.7,,,,1997.167,2450510.3,0.0
38.50249167,-9.59231389,J023400.5-093532,FITS,02 34 00.598,-09 35 32.33,0.455,1.38,0.89,0.168,0.0,0.0,23.3,,,,2001.708,2452169.0,2136.118
38.6017875,-9.59239167,J023424.4-093532,FITS,02 34 24.429,-09 35 32.61,0.62,1.24,0.6,0.169,0.0,0.0,87.5,,,,2003.446,2452803.2,2203.132
21.99919583,-9.59241667,J012759.8-093532,FITS,01 27 59.807,-09 35 32.70,0.014,5.3,4.87,0.155,0.0,0.0,141.1,,,,1997.171,2450512.0,2.649
21.712875,-9.59266111,J012651.0-093533,FITS,01 26 51.090,-09 35 33.58,0.014,16.64,17.48,0.13,1.66,0.99,172.8,,g,,1997.167,2450510.5,0.768
2.68476667,-9.59269444,J001044.3-093533,FITS,00 10 44.344,-09 35 33.70,0.014,16.55,17.6,0.159,1.95,0.41,108.4,,,,1997.172,2450512.4,2.861
17.06257083,-9.59278056,J010815.0-093534,FITS,01 08 15.017,-09 35 34.01,0.014,3.0,3.2,0.149,2.96,0.0,66.2,,g,,1997.169,2450511.4,2.212
349.9924125,-9.59287222,J231958.1-093534,FITS,23 19 58.179,-09 35 34.34,0.014,6.32,5.83,0.161,0.65,0.0,63.2,,s,,1997.275,2450549.9,5.81
343.85405417,-9.59294167,J225524.9-093534,FITS,22 55 24.973,-09 35 34.59,0.014,1.87,1.27,0.158,0.0,0.0,49.7,,,,1997.279,2450551.3,5.968
24.13414583,-9.59295833,J013632.1-093534,FITS,01 36 32.195,-09 35 34.65,0.207,2.0,1.68,0.15,0.0,0.0,79.7,,g,,1997.168,2450510.9,1.686
34.4959125,-9.59298056,J021759.0-093534,FITS,02 17 59.019,-09 35 34.73,0.014,8.58,10.79,0.191,3.88,1.43,73.1,,g,,1997.167,2450510.4,0.0
21.23254167,-9.59300833,J012455.8-093534,FITS,01 24 55.810,-09 35 34.83,0.556,1.04,0.57,0.155,0.0,0.0,73.5,,,,1997.171,2450511.8,2.559
15.3018375,-9.59310278,J010112.4-093535,FITS,01 01 12.441,-09 35 35.17,0.561,1.13,0.65,0.16,0.0,0.0,91.9,,,,1997.172,2450512.4,2.832
30.0743375,-9.59332222,J020017.8-093535,FITS,02 00 17.841,-09 35 35.96,0.014,1.42,1.03,0.141,2.37,0.0,77.3,,g,,1997.167,2450510.6,1.093
332.29542917,-9.59353333,J220910.9-093536,FITS,22 09 10.903,-09 35 36.72,0.063,1.09,0.95,0.14,3.1,0.0,99.4,,g,,1997.167,2450510.4,0.839
342.4006875,-9.59358889,J224936.1-093536,FITS,22 49 36.165,-09 35 36.92,0.191,1.24,0.79,0.16,0.0,0.0,82.5,,g,,1997.279,2450551.4,5.964
24.1210625,-9.5936,J013629.0-093536,FITS,01 36 29.055,-09 35 36.96,0.431,1.14,0.77,0.148,0.0,0.0,22.0,,,,1997.168,2450510.8,1.555
346.05787083,-9.59369167,J230413.8-093537,FITS,23 04 13.889,-09 35 37.29,0.014,68.35,70.77,0.158,1.16,1.04,24.0,,g,,1997.278,2450550.9,5.96
337.486575,-9.594,J222956.7-093538,FITS,22 29 56.778,-09 35 38.40,0.014,1.96,1.6,0.151,0.0,0.0,92.5,,g,,1997.262,2450545.2,0.0
348.27331667,-9.59407222,J231305.5-093538,FITS,23 13 05.596,-09 35 38.66,0.474,1.24,0.79,0.16,0.0,0.0,52.2,,g,,1997.276,2450550.3,5.892
355.502,-9.59409444,J234200.4-093538,FITS,23 42 00.480,-09 35 38.74,0.175,1.05,0.87,0.134,3.63,0.0,96.4,,g,,1997.167,2450510.3,0.0
16.61804583,-9.59419722,J010628.3-093539,FITS,01 06 28.331,-09 35 39.11,0.014,3.19,2.76,0.145,0.0,0.0,67.4,,s,,1997.168,2450510.8,1.528
35.39687083,-9.59422778,J022135.2-093539,FITS,02 21 35.249,-09 35 39.22,0.014,13.15,14.61,0.149,3.03,0.0,30.5,,,,1997.169,2450511.1,1.826
1.4538875,-9.59433611,J000548.9-093539,FITS,00 05 48.933,-09 35 39.61,0.014,2.39,1.82,0.138,0.0,0.0,78.9,,s,,1997.167,2450510.5,0.847
357.4478875,-9.59457778,J234947.4-093540,FITS,23 49 47.493,-09 35 40.48,0.429,1.06,0.64,0.16,0.0,0.0,97.8,,,,1997.226,2450532.2,23.72
38.931425,-9.59461667,J023543.5-093540,FITS,02 35 43.542,-09 35 40.62,0.014,3.9,3.85,0.14,1.59,0.0,134.1,,,,1997.706,2450707.0,910.038
34.90472083,-9.59463056,J021937.1-093540,FITS,02 19 37.133,-09 35 40.67,0.014,16.54,16.61,0.161,0.92,0.0,100.9,,s,,1997.173,2450512.7,2.899
38.93487083,-9.59481389,J023544.3-093541,FITS,02 35 44.369,-09 35 41.33,0.014,3.05,2.77,0.14,2.38,0.0,142.7,,,,1997.674,2450695.7,884.597
36.6548625,-9.59491944,J022637.1-093541,FITS,02 26 37.167,-09 35 41.71,0.014,6.82,6.76,0.144,0.92,0.0,82.5,,g,,1997.168,2450510.7,1.301
342.0334125,-9.59511944,J224808.0-093542,FITS,22 48 08.019,-09 35 42.43,0.014,1.23,1.32,0.14,4.84,0.0,81.4,,g,,1997.262,2450545.2,0.0
12.192925,-9.59513056,J004846.3-093542,FITS,00 48 46.302,-09 35 42.47,0.014,5.93,8.78,0.175,6.63,0.3,149.1,,,,1997.17,2450511.4,2.278
346.4361375,-9.59526389,J230544.6-093542,FITS,23 05 44.673,-09 35 42.95,0.014,2.93,2.95,0.138,1.37,0.0,31.9,,,,1997.264,2450545.7,2.366
28.98835,-9.595275,J015557.2-093542,FITS,01 55 57.204,-09 35 42.99,0.014,2.76,1.78,0.161,0.0,0.0,92.7,,,,1997.172,2450512.1,2.713
38.93789167,-9.59535278,J023545.0-093543,FITS,02 35 45.094,-09 35 43.27,0.014,8.78,8.85,0.14,1.29,0.0,59.4,,,,1997.651,2450687.0,864.395
330.65169583,-9.59542778,J220236.4-093543,FITS,22 02 36.407,-09 35 43.54,0.014,7.35,7.67,0.147,1.87,0.0,145.9,,,,1997.166,2450510.2,0.227
345.52378333,-9.59545833,J230205.7-093543,FITS,23 02 05.708,-09 35 43.65,0.351,1.24,0.71,0.158,0.0,0.0,90.0,,,,1997.273,2450549.1,5.59
332.28717083,-9.59546667,J220908.9-093543,FITS,22 09 08.921,-09 35 43.68,0.014,6.66,9.57,0.139,5.72,1.57,37.2,,g,,1997.167,2450510.4,0.783
2.35038333,-9.59555,J000924.0-093543,FITS,00 09 24.092,-09 35 43.98,0.014,2.19,3.95,0.14,6.46,4.19,23.6,,,,1997.168,2450510.7,1.358
31.5370625,-9.59555556,J020608.8-093544,FITS,02 06 08.895,-09 35 44.00,0.072,1.13,0.74,0.142,0.0,0.0,73.2,,,,1997.167,2450510.6,0.781
13.0599625,-9.59560833,J005214.3-093544,FITS,00 52 14.391,-09 35 44.19,0.014,2.15,1.58,0.161,0.0,0.0,53.8,,,,1997.172,2450512.5,2.848
358.5259375,-9.59573333,J235406.2-093544,FITS,23 54 06.225,-09 35 44.64,0.267,1.13,0.8,0.139,0.0,0.0,83.4,,,,1997.167,2450510.3,0.0
353.20284167,-9.59575833,J233248.6-093544,FITS,23 32 48.682,-09 35 44.73,0.166,1.11,0.9,0.142,0.0,0.0,89.8,,,,1997.171,2450511.8,8.118
7.93862083,-9.595925,J003145.2-093545,FITS,00 31 45.269,-09 35 45.33,0.877,1.16,0.8,0.159,0.0,0.0,86.3,,g,,1997.172,2450512.5,2.853
332.93279583,-9.59636111,J221143.8-093546,FITS,22 11 43.871,-09 35 46.90,0.267,1.29,1.66,0.141,5.46,0.0,76.5,,,,1997.167,2450510.5,1.047
20.70028333,-9.59638611,J012248.0-093546,FITS,01 22 48.068,-09 35 46.99,0.014,25.06,26.25,0.157,1.79,0.64,24.3,,s,,1997.172,2450512.4,2.829
335.52952083,-9.59653056,J222207.0-093547,FITS,22 22 07.085,-09 35 47.51,0.014,9.04,12.67,0.158,5.57,1.76,164.3,,,,1997.226,2450531.9,14.844
342.78265833,-9.59665,J225107.8-093547,FITS,22 51 07.838,-09 35 47.94,0.042,1.58,1.94,0.142,4.21,0.0,97.7,,g,,1997.262,2450545.2,0.001
22.95781667,-9.59678889,J013149.8-093548,FITS,01 31 49.876,-09 35 48.44,0.204,1.39,1.1,0.161,2.69,0.0,127.0,,g,,1997.172,2450512.4,2.812
333.22154583,-9.596825,J221253.1-093548,FITS,22 12 53.171,-09 35 48.57,0.356,1.01,0.98,0.151,5.57,0.0,91.9,,,,1997.181,2450515.7,10.729
339.19487083,-9.59685556,J223646.7-093548,FITS,22 36 46.769,-09 35 48.68,0.515,1.1,0.66,0.156,0.0,0.0,9.2,,,,1997.271,2450548.2,5.192
22.9526375,-9.59688056,J013148.6-093548,FITS,01 31 48.633,-09 35 48.77,0.014,5.26,4.78,0.161,0.79,0.0,96.3,,,,1997.172,2450512.4,2.824
14.08742917,-9.59701111,J005620.9-093549,FITS,00 56 20.983,-09 35 49.24,0.014,1.44,2.61,0.153,9.54,0.0,85.2,,g,,1997.169,2450511.2,2.004
9.11265833,-9.59720278,J003627.0-093549,FITS,00 36 27.038,-09 35 49.93,0.415,1.2,0.76,0.147,0.0,0.0,50.3,,,,1997.168,2450510.8,1.493
20.70331667,-9.59735556,J012248.7-093550,FITS,01 22 48.796,-09 35 50.48,0.014,1.78,1.64,0.157,3.66,0.0,174.0,,,,1997.172,2450512.4,2.823
355.54383333,-9.59738611,J234210.5-093550,FITS,23 42 10.520,-09 35 50.59,0.179,1.04,0.86,0.134,2.44,0.0,97.0,,g,,1997.17,2450511.7,7.939
29.34417083,-9.59743333,J015722.6-093550,FITS,01 57 22.601,-09 35 50.76,0.014,4.56,9.09,0.143,11.43,0.0,18.6,,,,1997.168,2450510.7,1.308
350.17964167,-9.59746389,J232043.1-093550,FITS,23 20 43.114,-09 35 50.87,0.014,26.82,27.74,0.14,1.24,0.82,92.6,,g,,1997.264,2450545.8,2.532
22.00204167,-9.59786389,J012800.4-093552,FITS,01 28 00.490,-09 35 52.31,0.11,1.21,0.55,0.155,0.0,0.0,89.9,,,,1997.172,2450512.1,2.679
26.31399583,-9.59793611,J014515.3-093552,FITS,01 45 15.359,-09 35 52.57,0.115,1.27,0.93,0.141,3.99,0.0,58.0,,g,,1997.167,2450510.6,1.025
334.33706667,-9.59806667,J221720.8-093553,FITS,22 17 20.896,-09 35 53.04,0.014,5.13,4.9,0.15,1.11,0.0,115.4,,,,1997.247,2450539.7,11.598
36.38361667,-9.59822778,J022532.0-093553,FITS,02 25 32.068,-09 35 53.62,0.61,1.06,0.51,0.158,0.0,0.0,108.4,,,,1997.173,2450512.7,2.885
38.5847375,-9.598325,J023420.3-093553,FITS,02 34 20.337,-09 35 53.97,0.267,1.42,1.41,0.166,3.64,0.0,90.9,,,,2003.575,2452850.5,2200.687
38.58645,-9.59835556,J023420.7-093554,FITS,02 34 20.748,-09 35 54.08,0.679,1.1,0.7,0.166,1.82,0.0,111.7,,,,2003.599,2452859.1,2200.144
359.056725,-9.59869722,J235613.6-093555,FITS,23 56 13.614,-09 35 55.31,0.123,1.49,0.97,0.155,0.0,0.0,61.9,,g,,1997.199,2450522.1,20.546
35.14502083,-9.59875833,J022034.8-093555,FITS,02 20 34.805,-09 35 55.53,0.014,25.89,41.93,0.143,6.54,1.61,89.9,,g,,1997.168,2450510.8,1.424
3.39919167,-9.59883333,J001335.8-093555,FITS,00 13 35.806,-09 35 55.80,0.181,2.26,5.07,0.314,9.97,3.66,15.7,,g,,1997.173,2450512.7,2.894
12.09261667,-9.59902222,J004822.2-093556,FITS,00 48 22.228,-09 35 56.48,0.512,1.05,0.81,0.148,3.41,0.0,80.9,,s,,1997.168,2450510.7,1.302
335.52974583,-9.59908889,J222207.1-093556,FITS,22 22 07.139,-09 35 56.72,0.014,15.6,22.32,0.158,4.93,2.81,20.3,,g,,1997.225,2450531.6,14.876
332.9214125,-9.59912222,J221141.1-093556,FITS,22 11 41.139,-09 35 56.84,0.865,1.0,0.75,0.142,1.86,0.0,91.2,,,,1997.167,2450510.5,1.169
7.9679,-9.59921667,J003152.2-093557,FITS,00 31 52.296,-09 35 57.18,0.809,1.07,0.57,0.16,0.0,0.0,62.4,,g,,1997.172,2450512.3,2.787
12.18173333,-9.59921944,J004843.6-093557,FITS,00 48 43.616,-09 35 57.19,0.261,2.05,1.39,0.172,0.0,0.0,93.0,,g,,1997.169,2450511.4,2.203
26.9393375,-9.59936389,J014745.4-093557,FITS,01 47 45.441,-09 35 57.71,0.014,7.31,9.89,0.141,5.03,1.92,169.5,,g,,1997.167,2450510.6,0.998
349.88866667,-9.59936944,J231933.2-093557,FITS,23 19 33.280,-09 35 57.73,0.014,48.2,60.58,0.159,3.27,2.65,40.9,,,,1997.28,2450551.6,5.951
357.60675417,-9.59944444,J235025.6-093558,FITS,23 50 25.621,-09 35 58.00,0.22,1.12,0.71,0.149,0.0,0.0,109.8,,,,1997.185,2450517.1,16.629
7.06227917,-9.59946389,J002814.9-093558,FITS,00 28 14.947,-09 35 58.07,0.195,1.51,1.01,0.158,1.36,0.0,113.2,,g,,1997.173,2450512.5,2.851
347.18045833,-9.59961389,J230843.3-093558,FITS,23 08 43.310,-09 35 58.61,0.014,2.07,1.55,0.14,0.0,0.0,88.9,,,,1997.264,2450545.8,2.545
20.57970417,-9.59965833,J012219.1-093558,FITS,01 22 19.129,-09 35 58.77,0.014,6.49,5.72,0.157,0.0,0.0,148.3,,,,1997.173,2450512.7,2.873
348.7773125,-9.59976111,J231506.5-093559,FITS,23 15 06.555,-09 35 59.14,0.782,1.02,0.72,0.14,2.6,0.0,99.5,,,,1997.262,2450545.2,0.0
14.5461625,-9.59978056,J005811.0-093559,FITS,00 58 11.079,-09 35 59.21,0.014,10.26,15.75,0.16,4.96,3.59,40.7,,,,1997.172,2450512.5,2.819
28.48222917,-9.59996111,J015355.7-093559,FITS,01 53 55.735,-09 35 59.86,0.016,1.19,0.91,0.141,0.0,0.0,115.1,,,,1997.167,2450510.4,0.0
30.5724875,-9.60015,J020217.3-093600,FITS,02 02 17.397,-09 36 00.54,0.272,1.22,0.98,0.158,4.22,0.0,121.6,,s,,1997.17,2450511.4,2.169
20.69907083,-9.60016667,J012247.7-093600,FITS,01 22 47.777,-09 36 00.60,0.014,2.02,2.04,0.157,4.33,0.0,69.4,,,,1997.173,2450512.5,2.83
351.88391667,-9.60063056,J232732.1-093602,FITS,23 27 32.140,-09 36 02.27,0.014,4.93,4.58,0.146,0.0,0.0,10.6,,g,,1997.259,2450543.9,11.048
23.06484583,-9.60085556,J013215.5-093603,FITS,01 32 15.563,-09 36 03.08,0.781,1.06,0.39,0.158,0.0,0.0,91.1,,,,1997.17,2450511.5,2.243
34.45008333,-9.60086667,J021748.0-093603,FITS,02 17 48.020,-09 36 03.12,0.014,1.66,1.13,0.19,0.0,0.0,111.4,,,,1997.167,2450510.6,0.912
356.42690833,-9.60090278,J234542.4-093603,FITS,23 45 42.458,-09 36 03.25,0.014,45.19,85.73,0.154,7.48,3.19,71.6,,,,1997.195,2450520.6,19.53
16.33179583,-9.60090833,J010519.6-093603,FITS,01 05 19.631,-09 36 03.27,0.016,1.33,1.13,0.153,0.0,0.0,89.8,,,,1997.169,2450511.3,2.085
16.081675,-9.60100833,J010419.6-093603,FITS,01 04 19.602,-09 36 03.63,0.014,1.97,1.36,0.159,0.0,0.0,73.4,,,,1997.173,2450512.7,2.869
38.44655,-9.60101944,J023347.1-093603,FITS,02 33 47.172,-09 36 03.67,0.805,1.12,1.43,0.163,3.98,1.22,89.5,,,,2000.423,2451699.3,1956.786
1.26857083,-9.60109167,J000504.4-093603,FITS,00 05 04.457,-09 36 03.93,0.014,1.37,1.2,0.158,4.29,0.0,99.0,,s,,1997.171,2450511.9,2.584
349.8878875,-9.60118889,J231933.0-093604,FITS,23 19 33.093,-09 36 04.28,0.014,48.07,53.45,0.159,2.55,1.32,25.1,,,,1997.28,2450551.7,5.942
347.40077917,-9.60124722,J230936.1-093604,FITS,23 09 36.187,-09 36 04.49,0.865,1.06,0.79,0.15,1.26,0.0,48.8,,g,,1997.268,2450547.2,4.412
26.34940417,-9.60132222,J014523.8-093604,FITS,01 45 23.857,-09 36 04.76,0.014,1.17,0.7,0.144,0.0,0.0,124.0,,,,1997.168,2450510.8,1.384
341.54948333,-9.60139444,J224611.8-093605,FITS,22 46 11.876,-09 36 05.02,0.014,1.6,1.08,0.159,0.0,0.0,73.8,,g,,1997.278,2450551.1,5.965
26.93839167,-9.60146667,J014745.2-093605,FITS,01 47 45.214,-09 36 05.28,0.014,13.83,14.23,0.142,1.09,0.87,135.8,,,,1997.167,2450510.6,1.018
16.02517917,-9.60149444,J010406.0-093605,FITS,01 04 06.043,-09 36 05.38,0.429,1.05,0.79,0.159,3.09,0.0,89.4,,,,1997.172,2450512.4,2.768
330.02665833,-9.60170556,J220006.3-093606,FITS,22 00 06.398,-09 36 06.14,0.052,1.96,4.81,0.14,13.29,1.23,149.7,,,,1997.167,2450510.3,0.0
8.30694167,-9.60175,J003313.6-093606,FITS,00 33 13.666,-09 36 06.30,0.014,13.74,14.69,0.14,1.92,0.8,81.2,,,,1997.167,2450510.6,0.978
347.722525,-9.6022,J231053.4-093607,FITS,23 10 53.406,-09 36 07.92,0.014,5.64,6.15,0.159,2.74,0.0,123.8,,,,1997.277,2450550.7,5.945
333.39125417,-9.602275,J221333.9-093608,FITS,22 13 33.901,-09 36 08.19,0.014,7.37,8.37,0.141,2.4,1.79,90.4,,s,,1997.193,2450520.1,13.019
37.89495833,-9.60232778,J023134.7-093608,FITS,02 31 34.790,-09 36 08.38,0.22,1.17,0.74,0.159,0.0,0.0,103.8,,,,1997.174,2450512.8,2.869
32.6075625,-9.60240833,J021025.8-093608,FITS,02 10 25.815,-09 36 08.67,0.156,1.19,1.09,0.16,4.55,0.0,117.2,,,,1997.174,2450512.8,2.87
28.77469167,-9.60275,J015505.9-093609,FITS,01 55 05.926,-09 36 09.90,0.573,1.07,0.44,0.161,0.0,0.0,93.8,,,,1997.172,2450512.4,2.768
356.4184375,-9.60284444,J234540.4-093610,FITS,23 45 40.425,-09 36 10.24,0.014,7.62,8.55,0.153,2.69,0.71,98.3,,s,,1997.193,2450519.8,19.0
37.89722917,-9.602975,J023135.3-093610,FITS,02 31 35.335,-09 36 10.71,0.06,1.39,1.67,0.161,6.16,0.0,81.5,,g,,1997.174,2450512.9,2.878
37.36234167,-9.60325,J022926.9-093611,FITS,02 29 26.962,-09 36 11.70,0.419,1.0,0.81,0.149,1.92,0.0,63.3,,,,1997.169,2450511.1,1.792
2.706625,-9.60347222,J001049.5-093612,FITS,00 10 49.590,-09 36 12.50,0.014,1.47,0.81,0.159,0.0,0.0,103.9,,g,,1997.173,2450512.5,2.811
26.32807917,-9.60353333,J014518.7-093612,FITS,01 45 18.739,-09 36 12.72,0.259,1.1,0.63,0.142,0.0,0.0,77.7,,,,1997.168,2450510.7,1.188
356.32415833,-9.603725,J234517.7-093613,FITS,23 45 17.798,-09 36 13.41,0.812,1.03,0.96,0.14,4.11,0.0,90.8,,,,1997.174,2450512.9,10.661
21.48280833,-9.60393333,J012555.8-093614,FITS,01 25 55.874,-09 36 14.16,0.346,1.23,0.67,0.156,0.0,0.0,109.9,,g,,1997.172,2450512.4,2.746
351.05100417,-9.60399722,J232412.2-093614,FITS,23 24 12.241,-09 36 14.39,0.014,3.62,3.59,0.14,1.88,0.0,95.3,,g,,1997.264,2450545.7,2.24
16.57897917,-9.60418889,J010618.9-093615,FITS,01 06 18.955,-09 36 15.08,0.014,3.45,3.71,0.141,1.96,0.97,81.2,,,,1997.167,2450510.6,1.2
343.50037917,-9.60433333,J225400.0-093615,FITS,22 54 00.091,-09 36 15.60,0.014,9.14,13.18,0.14,4.24,3.42,89.1,,g,,1997.262,2450545.2,0.0
10.45407083,-9.60436389,J004148.9-093615,FITS,00 41 48.977,-09 36 15.71,0.014,2.35,1.89,0.226,0.0,0.0,56.8,,s,,1997.167,2450510.5,0.896
356.41150417,-9.60436389,J234538.7-093615,FITS,23 45 38.761,-09 36 15.71,0.014,10.25,20.88,0.152,8.32,3.35,59.6,,,,1997.191,2450519.2,18.538
29.58669583,-9.60439444,J015820.8-093615,FITS,01 58 20.807,-09 36 15.82,0.014,6.91,9.93,0.162,5.74,1.74,30.2,,g,,1997.174,2450512.9,2.864
0.07886667,-9.60456389,J000018.9-093616,FITS,00 00 18.928,-09 36 16.43,0.063,1.05,0.88,0.138,1.73,0.0,105.5,,,,1997.167,2450510.6,1.202
0.7482125,-9.60464444,J000259.5-093616,FITS,00 02 59.571,-09 36 16.72,0.014,2.19,1.96,0.138,0.0,0.0,44.8,,g,,1997.167,2450510.3,0.0
356.41034167,-9.60468333,J234538.4-093616,FITS,23 45 38.482,-09 36 16.86,0.014,84.06,96.16,0.151,2.33,2.11,34.8,,g,,1997.191,2450519.1,18.463
38.558625,-9.60513056,J023414.0-093618,FITS,02 34 14.070,-09 36 18.47,0.528,1.86,1.55,0.164,3.92,0.0,178.9,,,,2003.531,2452834.2,2201.587
333.39315833,-9.60518056,J221334.3-093618,FITS,22 13 34.358,-09 36 18.65,0.014,5.64,6.31,0.141,2.49,1.24,113.8,,g,,1997.193,2450520.0,12.873
13.72562083,-9.60527222,J005454.1-093618,FITS,00 54 54.149,-09 36 18.98,0.014,2.04,1.08,0.16,0.0,0.0,72.9,,s,,1997.171,2450511.9,2.565
20.69695833,-9.60527778,J012247.2-093619,FITS,01 22 47.270,-09 36 19.00,0.349,1.06,1.05,0.156,6.43,0.0,92.7,,,,1997.173,2450512.7,2.825
350.81499167,-9.60533333,J232315.5-093619,FITS,23 23 15.598,-09 36 19.20,0.582,1.05,0.51,0.154,0.0,0.0,106.3,,g,,1997.271,2450548.2,5.16
330.02825417,-9.60534167,J220006.7-093619,FITS,22 00 06.781,-09 36 19.23,0.014,5.75,8.81,0.14,7.52,0.0,157.9,,,,1997.167,2450510.3,0.0
353.83275417,-9.60553611,J233519.8-093619,FITS,23 35 19.861,-09 36 19.93,0.112,1.63,1.89,0.193,3.96,0.0,102.5,,,,1997.193,2450519.9,19.084
26.93801667,-9.60565833,J014745.1-093620,FITS,01 47 45.124,-09 36 20.37,0.014,13.98,17.74,0.142,4.14,1.95,168.0,,s,,1997.167,2450510.6,1.045
342.5703375,-9.60574167,J225016.8-093620,FITS,22 50 16.881,-09 36 20.67,0.014,9.86,9.77,0.155,0.88,0.0,84.8,,s,,1997.27,2450548.1,5.072
29.328125,-9.60605278,J015718.7-093621,FITS,01 57 18.750,-09 36 21.79,0.537,1.02,0.54,0.142,0.0,0.0,84.2,,,,1997.168,2450510.7,1.203
13.14013333,-9.60609444,J005233.6-093621,FITS,00 52 33.632,-09 36 21.94,0.509,1.06,0.55,0.158,0.0,0.0,86.3,,,,1997.174,2450512.9,2.855
334.891975,-9.60625556,J221934.0-093622,FITS,22 19 34.074,-09 36 22.52,0.014,4.4,4.4,0.154,2.35,0.0,67.7,,,,1997.216,2450528.2,14.79
349.8860875,-9.60628889,J231932.6-093622,FITS,23 19 32.661,-09 36 22.64,0.653,1.12,0.72,0.158,0.0,0.0,105.8,,,,1997.281,2450552.0,5.909
30.21522083,-9.60656389,J020051.6-093623,FITS,02 00 51.653,-09 36 23.63,0.014,13.7,13.87,0.16,1.06,0.0,88.6,,,,1997.171,2450511.9,2.507
10.1100625,-9.60666667,J004026.4-093624,FITS,00 40 26.415,-09 36 24.00,0.014,4.51,3.75,0.166,0.0,0.0,80.6,,,,1997.174,2450512.9,2.856
6.18890417,-9.60669167,J002445.3-093624,FITS,00 24 45.337,-09 36 24.09,0.717,1.07,0.64,0.156,0.0,0.0,94.6,,s,,1997.17,2450511.5,2.31
16.81772917,-9.60674444,J010716.2-093624,FITS,01 07 16.255,-09 36 24.28,0.014,9.12,8.86,0.159,0.78,0.0,105.0,,s,,1997.173,2450512.8,2.837
28.01504167,-9.60685,J015203.6-093624,FITS,01 52 03.610,-09 36 24.66,0.347,1.12,0.55,0.161,0.0,0.0,77.7,,,,1997.172,2450512.4,2.742
17.06025833,-9.60686389,J010814.4-093624,FITS,01 08 14.462,-09 36 24.71,0.61,1.0,0.75,0.149,1.93,0.0,143.5,,s,,1997.17,2450511.6,2.315
35.94561667,-9.60708611,J022346.9-093625,FITS,02 23 46.948,-09 36 25.51,0.014,2.87,2.65,0.145,1.86,0.0,83.3,,g,,1997.167,2450510.6,0.984
14.08569167,-9.60710278,J005620.5-093625,FITS,00 56 20.566,-09 36 25.57,0.016,4.58,34.99,0.154,20.5,11.05,0.5,,,,1997.169,2450511.3,2.087
30.95310833,-9.60741389,J020348.7-093626,FITS,02 03 48.746,-09 36 26.69,0.877,1.09,0.9,0.161,4.0,0.0,96.6,,s,,1997.171,2450511.8,2.426
7.13400833,-9.60745833,J002832.1-093626,FITS,00 28 32.162,-09 36 26.85,0.744,1.1,0.85,0.156,1.47,0.0,93.4,,,,1997.174,2450512.9,2.853
17.033275,-9.60763333,J010807.9-093627,FITS,01 08 07.986,-09 36 27.48,0.014,1.35,2.45,0.153,8.59,1.79,34.0,,g,,1997.171,2450511.9,2.518
8.12246667,-9.60770556,J003229.3-093627,FITS,00 32 29.392,-09 36 27.74,0.736,1.07,1.1,0.146,3.59,0.0,104.0,,g,,1997.168,2450510.9,1.717
12.10532917,-9.60776667,J004825.2-093627,FITS,00 48 25.279,-09 36 27.96,0.134,1.38,0.74,0.151,0.0,0.0,89.6,,g,,1997.168,2450510.8,1.487
37.77800833,-9.60806111,J023106.7-093629,FITS,02 31 06.722,-09 36 29.02,0.361,1.1,0.4,0.16,0.0,0.0,93.1,,,,1997.173,2450512.6,2.774
14.08366667,-9.60828333,J005620.0-093629,FITS,00 56 20.080,-09 36 29.82,0.014,98.66,104.99,0.154,1.91,1.06,168.1,,g,,1997.169,2450511.3,2.114
344.88639583,-9.60833889,J225932.7-093630,FITS,22 59 32.735,-09 36 30.02,0.014,3.07,2.68,0.172,0.0,0.0,78.5,,s,,1997.266,2450546.5,3.681
22.72085,-9.60874722,J013053.0-093631,FITS,01 30 53.004,-09 36 31.49,0.498,1.12,0.77,0.16,2.91,0.0,84.9,,,,1997.171,2450512.0,2.551
351.77804583,-9.60889167,J232706.7-093632,FITS,23 27 06.731,-09 36 32.01,0.014,1.27,2.15,0.138,7.67,0.0,74.4,,g,,1997.263,2450545.6,1.846
356.44397917,-9.60889444,J234546.5-093632,FITS,23 45 46.555,-09 36 32.02,0.877,1.08,1.03,0.156,4.95,0.0,59.8,,s,,1997.203,2450523.4,21.192
333.79829583,-9.60946944,J221511.5-093634,FITS,22 15 11.591,-09 36 34.09,0.081,1.41,1.11,0.1,0.0,0.0,90.0,,g,,1997.213,2450527.3,17.282
13.115725,-9.60948056,J005227.7-093634,FITS,00 52 27.774,-09 36 34.13,0.014,3.55,2.92,0.158,0.0,0.0,125.9,,,,1997.174,2450513.0,2.84
8.33489583,-9.60967778,J003320.3-093634,FITS,00 33 20.375,-09 36 34.84,0.662,1.05,1.04,0.141,5.39,0.0,101.7,,,,1997.168,2450510.7,1.292
27.00309583,-9.60980556,J014800.7-093635,FITS,01 48 00.743,-09 36 35.30,0.676,1.0,0.71,0.141,0.0,0.0,38.0,,,,1997.167,2450510.4,0.0
11.7138375,-9.61018333,J004651.3-093636,FITS,00 46 51.321,-09 36 36.66,0.781,1.1,0.49,0.16,0.0,0.0,100.1,,,,1997.173,2450512.6,2.789
28.8846625,-9.61022778,J015532.3-093636,FITS,01 55 32.319,-09 36 36.82,0.014,24.21,25.59,0.158,1.75,1.08,177.8,,g,,1997.174,2450513.0,2.838
350.72401667,-9.61038611,J232253.7-093637,FITS,23 22 53.764,-09 36 37.39,0.014,21.76,29.71,0.159,4.71,1.55,93.3,,g,,1997.278,2450551.1,5.96
354.084325,-9.61042222,J233620.2-093637,FITS,23 36 20.238,-09 36 37.52,0.63,1.06,0.73,0.142,1.43,0.0,113.0,,g,,1997.176,2450513.6,11.952
1.81816667,-9.61044167,J000716.3-093637,FITS,00 07 16.360,-09 36 37.59,0.459,1.08,0.66,0.157,0.87,0.0,105.0,,,,1997.174,2450512.8,2.825
330.86322917,-9.61047222,J220327.1-093637,FITS,22 03 27.175,-09 36 37.70,0.016,1.22,0.69,0.153,0.0,0.0,98.4,,g,,1997.166,2450510.2,0.236
28.93358333,-9.610525,J015544.0-093637,FITS,01 55 44.060,-09 36 37.89,0.408,1.08,1.3,0.16,4.99,0.0,105.4,,g,,1997.174,2450512.9,2.824
9.139475,-9.61059444,J003633.4-093638,FITS,00 36 33.474,-09 36 38.14,0.027,1.4,2.64,0.152,10.52,0.0,112.9,,g,,1997.169,2450511.1,1.861
30.57726667,-9.61074722,J020218.5-093638,FITS,02 02 18.544,-09 36 38.69,0.797,1.05,0.47,0.157,0.0,0.0,108.2,,g,,1997.17,2450511.5,2.19
337.8621625,-9.61091111,J223126.9-093639,FITS,22 31 26.919,-09 36 39.28,0.016,1.66,1.33,0.156,1.99,0.0,93.8,,g,,1997.281,2450552.2,5.871
39.87467083,-9.61098056,J023929.9-093639,FITS,02 39 29.921,-09 36 39.53,0.214,1.19,0.68,0.159,0.0,0.0,103.9,,,,1997.167,2450510.4,0.256
356.65660833,-9.61123889,J234637.5-093640,FITS,23 46 37.586,-09 36 40.46,0.014,2.53,2.06,0.16,0.0,0.0,51.3,,,,1997.242,2450538.0,23.362
350.58877917,-9.61161111,J232221.3-093641,FITS,23 22 21.307,-09 36 41.80,0.014,6.65,6.4,0.158,0.53,0.0,54.8,,,,1997.282,2450552.3,5.864
37.33909583,-9.61166944,J022921.3-093642,FITS,02 29 21.383,-09 36 42.01,0.417,1.02,0.45,0.153,0.0,0.0,100.4,,g,,1997.17,2450511.4,2.083
35.62600833,-9.61173056,J022230.2-093642,FITS,02 22 30.242,-09 36 42.23,0.687,1.07,0.56,0.157,0.0,0.0,98.4,,,,1997.174,2450513.1,2.829
348.52480417,-9.61174444,J231405.9-093642,FITS,23 14 05.953,-09 36 42.28,0.639,1.15,0.56,0.158,0.0,0.0,94.7,,,,1997.275,2450549.7,5.764
332.9952125,-9.61186389,J221158.8-093642,FITS,22 11 58.851,-09 36 42.71,0.452,1.22,0.92,0.142,4.15,0.0,91.3,,s,,1997.167,2450510.3,0.0
14.052375,-9.61186944,J005612.5-093642,FITS,00 56 12.570,-09 36 42.73,0.501,1.13,0.55,0.158,0.0,0.0,91.9,,g,,1997.17,2450511.7,2.405
29.235575,-9.61187222,J015656.5-093642,FITS,01 56 56.538,-09 36 42.74,0.014,4.67,4.37,0.142,0.0,0.0,115.1,,s,,1997.167,2450510.4,0.0
1.75118333,-9.61210833,J000700.2-093643,FITS,00 07 00.284,-09 36 43.59,0.014,2.1,2.44,0.158,2.9,1.83,32.0,,g,,1997.172,2450512.3,2.7
1.75365,-9.61213333,J000700.8-093643,FITS,00 07 00.876,-09 36 43.68,0.014,1.55,3.42,0.158,11.98,0.0,91.2,,,,1997.172,2450512.3,2.708
1.7477375,-9.61221667,J000659.4-093643,FITS,00 06 59.457,-09 36 43.98,0.014,3.17,6.98,0.157,11.06,0.0,107.1,,,,1997.172,2450512.3,2.688
25.966925,-9.61221944,J014352.0-093643,FITS,01 43 52.062,-09 36 43.99,0.016,1.88,3.32,0.162,6.0,4.35,6.4,,,,1997.173,2450512.7,2.779
1.75957917,-9.61239167,J000702.2-093644,FITS,00 07 02.299,-09 36 44.61,0.316,1.14,1.33,0.158,5.64,0.0,100.9,,g,,1997.172,2450512.4,2.727
17.26793333,-9.61239167,J010904.3-093644,FITS,01 09 04.304,-09 36 44.61,0.014,1.33,2.25,0.131,6.5,2.75,68.1,,,,1997.167,2450510.4,0.0
1.7576375,-9.61243611,J000701.8-093644,FITS,00 07 01.833,-09 36 44.77,0.43,1.05,0.85,0.158,1.91,0.0,145.8,,,,1997.172,2450512.4,2.721
1.7782375,-9.61245278,J000706.7-093644,FITS,00 07 06.777,-09 36 44.83,0.206,1.3,3.4,0.157,12.93,0.67,83.6,,g,,1997.173,2450512.6,2.771
17.77519167,-9.61249444,J011106.0-093644,FITS,01 11 06.046,-09 36 44.98,0.597,1.06,0.65,0.155,0.0,0.0,24.0,,g,,1997.171,2450512.1,2.582
35.61119583,-9.61250556,J022226.6-093645,FITS,02 22 26.687,-09 36 45.02,0.73,1.07,0.65,0.157,0.0,0.0,62.4,,s,,1997.174,2450513.1,2.824
1.78264583,-9.61250833,J000707.8-093645,FITS,00 07 07.835,-09 36 45.03,0.058,1.22,1.32,0.157,4.37,0.0,79.1,,s,,1997.173,2450512.6,2.778
10.99779167,-9.61264722,J004359.4-093645,FITS,00 43 59.470,-09 36 45.53,0.014,2.27,1.35,0.16,0.0,0.0,75.4,,,,1997.172,2450512.4,2.704
8.69985417,-9.61265833,J003447.9-093645,FITS,00 34 47.965,-09 36 45.57,0.212,1.28,0.85,0.158,0.0,0.0,72.6,,s,,1997.173,2450512.8,2.802
32.51110833,-9.61269167,J021002.6-093645,FITS,02 10 02.666,-09 36 45.69,0.014,63.14,69.76,0.162,2.21,1.62,164.8,,,,1997.173,2450512.5,2.73
23.81252917,-9.613,J013515.0-093646,FITS,01 35 15.007,-09 36 46.80,0.014,7.02,6.47,0.193,0.66,0.0,90.5,,,,1997.17,2450511.6,2.331
26.89519583,-9.61332778,J014734.8-093647,FITS,01 47 34.847,-09 36 47.98,0.014,4.45,5.31,0.145,4.0,0.79,7.9,,,,1997.168,2450510.9,1.517
38.54569583,-9.61333333,J023410.9-093648,FITS,02 34 10.967,-09 36 48.00,0.339,1.41,1.48,0.161,5.09,0.0,103.3,,,,2003.684,2452890.1,2197.806
357.62393333,-9.61338611,J235029.7-093648,FITS,23 50 29.744,-09 36 48.19,0.014,1.71,2.47,0.147,8.66,0.0,151.0,,g,,1997.184,2450516.6,16.01
38.710575,-9.613525,J023450.5-093648,FITS,02 34 50.538,-09 36 48.69,0.343,1.95,1.37,0.16,0.0,0.0,100.7,,,,2003.557,2452843.9,2200.99
18.11447917,-9.61359722,J011227.4-093648,FITS,01 12 27.475,-09 36 48.95,0.014,1.09,1.01,0.139,3.49,0.0,30.1,,,,1997.168,2450510.9,1.618
15.20907917,-9.61366944,J010050.1-093649,FITS,01 00 50.179,-09 36 49.21,0.014,3.14,2.49,0.159,0.0,0.0,55.6,,g,,1997.171,2450511.9,2.495
11.39445833,-9.61373333,J004534.6-093649,FITS,00 45 34.670,-09 36 49.44,0.701,1.03,0.37,0.149,0.0,0.0,93.4,,s,,1997.169,2450511.1,1.933
335.97432083,-9.61384722,J222353.8-093649,FITS,22 23 53.837,-09 36 49.85,0.271,1.05,0.83,0.14,4.39,0.0,59.2,,,,1997.26,2450544.5,4.669
335.355775,-9.61386111,J222125.3-093649,FITS,22 21 25.386,-09 36 49.90,0.014,5.61,5.44,0.142,0.69,0.0,81.6,,,,1997.254,2450542.2,9.02
38.6011125,-9.61386667,J023424.2-093649,FITS,02 34 24.267,-09 36 49.92,0.346,1.84,2.72,0.16,4.31,3.72,87.9,,,,2004.595,2453223.4,2145.386
16.60029583,-9.61396389,J010624.0-093650,FITS,01 06 24.071,-09 36 50.27,0.014,2.83,3.03,0.144,2.92,0.0,111.7,,,,1997.168,2450510.8,1.474
22.82094583,-9.61399444,J013117.0-093650,FITS,01 31 17.027,-09 36 50.38,0.014,14.44,15.82,0.159,1.93,1.69,138.4,,,,1997.174,2450513.0,2.811
337.90173333,-9.61411389,J223136.4-093650,FITS,22 31 36.416,-09 36 50.81,0.014,16.95,17.55,0.157,1.43,0.29,75.9,,,,1997.282,2450552.5,5.813
358.24126667,-9.61434722,J235257.9-093651,FITS,23 52 57.904,-09 36 51.65,0.723,1.05,0.79,0.16,4.06,0.0,103.8,,,,1997.226,2450532.0,23.592
346.97490833,-9.6144,J230753.9-093651,FITS,23 07 53.978,-09 36 51.84,0.014,5.85,6.13,0.157,2.07,0.0,92.6,,,,1997.279,2450551.2,5.96
33.76763333,-9.61456389,J021504.2-093652,FITS,02 15 04.232,-09 36 52.43,0.014,1.98,2.04,0.142,2.18,0.0,47.8,,,,1997.167,2450510.4,0.0
32.51158333,-9.61458056,J021002.7-093652,FITS,02 10 02.780,-09 36 52.49,0.014,55.74,61.95,0.162,2.59,1.19,147.7,,,,1997.173,2450512.6,2.731
335.9683375,-9.61469167,J222352.4-093652,FITS,22 23 52.401,-09 36 52.89,0.016,1.14,1.55,0.14,6.51,0.0,83.2,,g,,1997.26,2450544.4,4.98
32.1649375,-9.61526667,J020839.5-093654,FITS,02 08 39.585,-09 36 54.96,0.274,1.01,0.7,0.144,2.82,0.0,85.9,,s,,1997.168,2450510.8,1.327
27.95145,-9.61527222,J015148.3-093654,FITS,01 51 48.348,-09 36 54.98,0.014,2.01,1.66,0.16,0.0,0.0,95.4,,s,,1997.171,2450511.9,2.45
22.33654167,-9.61535556,J012920.7-093655,FITS,01 29 20.770,-09 36 55.28,0.014,15.71,15.45,0.154,1.18,0.0,163.2,,g,,1997.17,2450511.4,2.13
350.380175,-9.6155,J232131.2-093655,FITS,23 21 31.242,-09 36 55.80,0.223,1.56,3.08,0.148,6.87,4.77,142.6,,s,,1997.267,2450547.0,4.19
357.85149167,-9.61557778,J235124.3-093656,FITS,23 51 24.358,-09 36 56.08,0.014,5.71,5.44,0.144,0.96,0.0,113.2,,s,,1997.179,2450514.8,13.857
22.62554167,-9.61570556,J013030.1-093656,FITS,01 30 30.130,-09 36 56.54,0.014,1.78,1.93,0.149,5.75,0.0,91.5,,s,,1997.169,2450511.0,1.749
332.48867917,-9.61571111,J220957.2-093656,FITS,22 09 57.283,-09 36 56.56,0.014,16.45,25.57,0.159,7.31,1.18,0.7,,g,,1997.172,2450512.2,2.663
329.84869583,-9.61573056,J215923.6-093656,FITS,21 59 23.687,-09 36 56.63,0.299,1.09,0.66,0.166,0.0,0.0,109.9,,,,1997.166,2450510.2,0.309
26.89224167,-9.61583889,J014734.1-093657,FITS,01 47 34.138,-09 36 57.02,0.014,96.72,129.91,0.145,4.88,1.05,58.5,,g,,1997.168,2450510.9,1.564
8.62462917,-9.61593056,J003429.9-093657,FITS,00 34 29.911,-09 36 57.35,0.797,1.1,1.1,0.155,5.86,0.0,72.8,,,,1997.174,2450513.1,2.805
13.3368625,-9.61607778,J005320.8-093657,FITS,00 53 20.847,-09 36 57.88,0.014,2.56,2.17,0.154,1.78,0.0,75.8,,,,1997.169,2450511.4,2.131
2.507475,-9.61614444,J001001.7-093658,FITS,00 10 01.794,-09 36 58.12,0.014,21.66,24.49,0.157,2.69,1.16,115.0,,g,,1997.172,2450512.5,2.72
20.55732917,-9.61617222,J012213.7-093658,FITS,01 22 13.759,-09 36 58.22,0.014,3.64,5.14,0.155,7.06,0.0,92.1,,,,1997.174,2450513.0,2.794
344.92197083,-9.61619167,J225941.2-093658,FITS,22 59 41.273,-09 36 58.29,0.014,3.96,4.13,0.158,2.07,0.0,92.4,,,,1997.265,2450546.0,2.975
348.22967917,-9.6163,J231255.1-093658,FITS,23 12 55.123,-09 36 58.68,0.014,8.47,9.44,0.159,3.03,0.0,34.6,,g,,1997.275,2450550.0,5.837
8.7164625,-9.61640278,J003451.9-093659,FITS,00 34 51.951,-09 36 59.05,0.28,1.27,2.05,0.158,10.67,0.0,91.1,,s,,1997.173,2450512.7,2.771
334.720475,-9.61640278,J221852.9-093659,FITS,22 18 52.914,-09 36 59.05,0.014,4.44,3.8,0.156,1.53,0.0,110.1,,s,,1997.231,2450533.9,14.478
28.79237083,-9.61643611,J015510.1-093659,FITS,01 55 10.169,-09 36 59.17,0.014,6.59,6.11,0.16,0.0,0.0,103.1,,,,1997.174,2450512.9,2.781
340.00557083,-9.61649444,J224001.3-093659,FITS,22 40 01.337,-09 36 59.38,0.014,1.75,1.05,0.158,0.0,0.0,110.7,,,,1997.277,2450550.8,5.946
19.88674583,-9.61650278,J011932.8-093659,FITS,01 19 32.819,-09 36 59.41,0.032,1.36,0.93,0.156,0.0,0.0,160.8,,g,,1997.174,2450513.2,2.801
20.55033333,-9.61659722,J012212.0-093659,FITS,01 22 12.080,-09 36 59.75,0.014,6.06,6.55,0.155,2.25,0.0,87.6,,s,,1997.174,2450512.9,2.788
17.48450417,-9.6166,J010956.2-093659,FITS,01 09 56.281,-09 36 59.76,0.13,1.16,0.74,0.155,0.0,0.0,108.4,,,,1997.172,2450512.3,2.639
353.17759167,-9.61669444,J233242.6-093700,FITS,23 32 42.622,-09 37 00.10,0.014,11.24,16.31,0.147,5.47,2.38,23.7,,g,,1997.175,2450513.3,11.371
32.9510625,-9.61685,J021148.2-093700,FITS,02 11 48.255,-09 37 00.66,0.014,7.87,7.69,0.143,0.81,0.0,98.0,,g,,1997.167,2450510.6,0.988
33.77123333,-9.61691389,J021505.0-093700,FITS,02 15 05.096,-09 37 00.89,0.014,10.41,14.39,0.143,5.35,1.44,143.8,,,,1997.167,2450510.4,0.0
339.05044167,-9.61695556,J223612.1-093701,FITS,22 36 12.106,-09 37 01.04,0.014,17.93,18.01,0.141,1.03,0.0,60.6,,g,,1997.264,2450545.7,2.394
346.74865833,-9.61706389,J230659.6-093701,FITS,23 06 59.678,-09 37 01.43,0.014,3.68,3.34,0.157,1.25,0.0,72.9,,,,1997.277,2450550.6,5.931
38.5676875,-9.61718611,J023416.2-093701,FITS,02 34 16.245,-09 37 01.87,0.431,1.65,1.8,0.159,6.36,0.0,175.6,,,,2004.291,2453112.1,2168.716
8.28667083,-9.61728333,J003308.8-093702,FITS,00 33 08.801,-09 37 02.22,0.795,1.02,0.61,0.139,0.0,0.0,24.7,,,,1997.167,2450510.5,0.883
36.5791125,-9.61728889,J022618.9-093702,FITS,02 26 18.987,-09 37 02.24,0.708,1.09,0.52,0.155,0.0,0.0,89.3,,,,1997.17,2450511.5,2.211
33.27580833,-9.61750278,J021306.1-093703,FITS,02 13 06.194,-09 37 03.01,0.427,1.07,0.76,0.162,2.32,0.0,64.9,,g,,1997.173,2450512.8,2.756
346.746625,-9.61758611,J230659.1-093703,FITS,23 06 59.190,-09 37 03.31,0.014,2.28,2.08,0.157,2.02,0.0,89.6,,,,1997.277,2450550.6,5.927
13.33776667,-9.61768333,J005321.0-093703,FITS,00 53 21.064,-09 37 03.66,0.225,1.41,1.12,0.154,4.25,0.0,134.0,,,,1997.17,2450511.4,2.133
345.4424,-9.61779722,J230146.1-093704,FITS,23 01 46.176,-09 37 04.07,0.014,4.88,5.49,0.157,3.22,0.0,85.6,,g,,1997.281,2450552.1,5.892
353.17924167,-9.61813889,J233243.0-093705,FITS,23 32 43.018,-09 37 05.30,0.014,15.16,20.81,0.147,4.28,2.54,85.0,,,,1997.175,2450513.2,11.299
29.2063875,-9.61826667,J015649.5-093705,FITS,01 56 49.533,-09 37 05.76,0.38,1.0,0.99,0.142,6.24,0.0,90.7,,,,1997.167,2450510.6,0.948
15.43326667,-9.61849167,J010143.9-093706,FITS,01 01 43.984,-09 37 06.57,0.014,12.29,14.82,0.158,3.55,1.79,172.3,,,,1997.174,2450513.1,2.784
24.5520375,-9.61854722,J013812.4-093706,FITS,01 38 12.489,-09 37 06.77,0.502,1.22,0.53,0.156,0.0,0.0,73.7,,,,1997.171,2450511.9,2.439
345.4441875,-9.61861944,J230146.6-093707,FITS,23 01 46.605,-09 37 07.03,0.014,4.41,4.41,0.157,2.29,0.0,57.1,,,,1997.281,2450552.1,5.891
2.95250833,-9.61871667,J001148.6-093707,FITS,00 11 48.602,-09 37 07.38,0.671,1.01,0.62,0.14,0.0,0.0,87.8,,,,1997.167,2450510.5,0.985
30.37024583,-9.618975,J020128.8-093708,FITS,02 01 28.859,-09 37 08.31,0.375,1.33,0.81,0.158,0.0,0.0,122.9,,,,1997.175,2450513.3,2.784
2.51009583,-9.61909167,J001002.4-093708,FITS,00 10 02.423,-09 37 08.73,0.014,7.69,10.19,0.157,5.51,0.0,147.0,,g,,1997.173,2450512.6,2.725
350.76185833,-9.61926389,J232302.8-093709,FITS,23 23 02.846,-09 37 09.35,0.014,3.33,3.62,0.158,3.6,0.0,128.3,,s,,1997.276,2450550.4,5.902
38.24632917,-9.61931389,J023259.1-093709,FITS,02 32 59.119,-09 37 09.53,0.788,1.0,0.63,0.147,2.63,0.0,78.3,,g,,1997.167,2450510.5,0.0
353.15043333,-9.61962222,J233236.1-093710,FITS,23 32 36.104,-09 37 10.64,0.547,1.05,0.88,0.151,2.86,0.0,100.4,,g,,1997.179,2450514.9,13.932
31.25509167,-9.61975833,J020501.2-093711,FITS,02 05 01.222,-09 37 11.13,0.376,1.11,0.66,0.162,0.0,0.0,63.6,,,,1997.173,2450512.5,2.683
38.53262917,-9.61980278,J023407.8-093711,FITS,02 34 07.831,-09 37 11.29,0.339,1.5,1.37,0.159,3.68,0.0,109.3,,,,2003.693,2452893.4,2197.505
23.7406625,-9.61987778,J013457.7-093711,FITS,01 34 57.759,-09 37 11.56,0.669,1.43,1.25,0.216,3.35,0.0,101.7,,,,1997.173,2450512.6,2.722
352.972225,-9.61999444,J233153.3-093711,FITS,23 31 53.334,-09 37 11.98,0.505,1.33,0.84,0.195,0.0,0.0,101.8,,g,,1997.234,2450535.0,23.626
38.569625,-9.62011944,J023416.7-093712,FITS,02 34 16.710,-09 37 12.43,0.208,1.66,2.44,0.158,5.37,2.76,5.7,,,,2004.468,2453176.7,2155.879
336.70287083,-9.62033333,J222648.6-093713,FITS,22 26 48.689,-09 37 13.20,0.014,2.99,3.03,0.139,2.07,0.0,93.9,,s,,1997.259,2450544.0,5.948
339.09170417,-9.62042778,J223622.0-093713,FITS,22 36 22.009,-09 37 13.54,0.014,3.12,4.46,0.143,5.74,0.0,74.8,,,,1997.265,2450546.3,3.36
344.06422083,-9.6206,J225615.4-093714,FITS,22 56 15.413,-09 37 14.16,0.406,1.09,0.61,0.166,0.0,0.0,62.8,,,,1997.272,2450548.7,5.396
333.129575,-9.62118611,J221231.0-093716,FITS,22 12 31.098,-09 37 16.27,0.865,1.0,0.45,0.147,0.0,0.0,88.3,,,,1997.171,2450512.1,6.036
339.08784583,-9.6213,J223621.0-093716,FITS,22 36 21.083,-09 37 16.68,0.014,1.97,2.27,0.143,3.38,0.0,90.0,,,,1997.265,2450546.2,3.282
349.99407083,-9.62155556,J231958.5-093717,FITS,23 19 58.577,-09 37 17.60,0.797,1.14,0.68,0.16,0.0,0.0,70.4,,,,1997.278,2450551.0,5.955
23.1403375,-9.62163889,J013233.6-093717,FITS,01 32 33.681,-09 37 17.90,0.223,1.54,1.22,0.148,0.0,0.0,98.2,,,,1997.168,2450510.9,1.621
348.81034167,-9.62169444,J231514.4-093718,FITS,23 15 14.482,-09 37 18.10,0.014,3.2,3.29,0.141,2.78,0.0,56.3,,,,1997.264,2450545.9,2.676
38.5306875,-9.62180278,J023407.3-093718,FITS,02 34 07.365,-09 37 18.49,0.877,1.11,0.84,0.159,2.85,0.0,113.6,,,,2003.737,2452909.6,2196.125
353.22141667,-9.62183889,J233253.1-093718,FITS,23 32 53.140,-09 37 18.62,0.547,1.01,0.69,0.142,0.0,0.0,65.6,,g,,1997.17,2450511.7,7.88
37.64853333,-9.62186944,J023035.6-093718,FITS,02 30 35.648,-09 37 18.73,0.3,1.12,0.51,0.151,0.0,0.0,98.6,,,,1997.169,2450511.3,2.026
21.50098333,-9.62192222,J012600.2-093718,FITS,01 26 00.236,-09 37 18.92,0.014,1.78,1.48,0.154,0.0,0.0,112.0,,,,1997.173,2450512.5,2.695
36.58083333,-9.62216389,J022619.4-093719,FITS,02 26 19.400,-09 37 19.79,0.014,3.38,4.0,0.155,3.75,0.48,142.9,,g,,1997.17,2450511.6,2.223
356.0924375,-9.62219167,J234422.1-093719,FITS,23 44 22.185,-09 37 19.89,0.86,1.03,0.74,0.151,3.65,0.0,70.9,,g,,1997.194,2450520.4,19.364
353.24737917,-9.62229167,J233259.3-093720,FITS,23 32 59.371,-09 37 20.25,0.495,1.01,0.8,0.142,3.73,0.0,88.9,,,,1997.167,2450510.3,0.0
26.3221625,-9.62236111,J014517.3-093720,FITS,01 45 17.319,-09 37 20.50,0.877,1.06,0.62,0.145,0.0,0.0,89.3,,,,1997.168,2450510.7,1.24
38.5545625,-9.62248056,J023413.0-093720,FITS,02 34 13.095,-09 37 20.93,0.516,1.42,0.75,0.157,0.0,0.0,86.2,,g,,2004.303,2453116.6,2167.857
38.08279583,-9.62251667,J023219.8-093721,FITS,02 32 19.871,-09 37 21.06,0.848,1.05,0.58,0.158,0.0,0.0,107.9,,,,1997.17,2450511.6,2.207
347.4375625,-9.62269167,J230945.0-093721,FITS,23 09 45.015,-09 37 21.69,0.797,1.11,0.44,0.156,0.0,0.0,90.3,,s,,1997.272,2450548.8,5.452
340.75399167,-9.62278056,J224300.9-093722,FITS,22 43 00.958,-09 37 22.01,0.484,1.05,0.45,0.159,0.0,0.0,90.2,,,,1997.278,2450551.0,5.955
23.21014583,-9.62278611,J013250.4-093722,FITS,01 32 50.435,-09 37 22.03,0.548,1.12,0.73,0.144,0.0,0.0,129.4,,s,,1997.167,2450510.6,0.938
11.32407083,-9.62283333,J004517.7-093722,FITS,00 45 17.777,-09 37 22.20,0.576,1.02,0.45,0.143,0.0,0.0,88.3,,,,1997.168,2450510.7,1.262
350.36904167,-9.62291667,J232128.5-093722,FITS,23 21 28.570,-09 37 22.50,0.014,6.83,9.5,0.147,5.99,0.75,15.3,,,,1997.267,2450546.8,4.052
38.5683875,-9.623025,J023416.4-093722,FITS,02 34 16.413,-09 37 22.89,0.528,1.34,0.77,0.157,0.0,0.0,128.4,,,,2004.587,2453220.3,2146.052
21.90402917,-9.62341944,J012736.9-093724,FITS,01 27 36.967,-09 37 24.31,0.2,1.05,1.42,0.144,6.08,0.0,94.5,,g,,1997.17,2450511.4,2.09
352.15999583,-9.62347778,J232838.3-093724,FITS,23 28 38.399,-09 37 24.52,0.489,1.04,0.7,0.156,2.15,0.0,133.9,,g,,1997.257,2450543.4,20.729
337.790925,-9.62351667,J223109.8-093724,FITS,22 31 09.822,-09 37 24.66,0.286,1.08,0.66,0.159,0.75,0.0,114.6,,s,,1997.281,2450552.0,5.902
30.35612917,-9.62356944,J020125.4-093724,FITS,02 01 25.471,-09 37 24.85,0.877,1.07,1.68,0.158,5.35,3.35,61.9,,g,,1997.175,2450513.4,2.751
338.33625417,-9.62368611,J223320.7-093725,FITS,22 33 20.701,-09 37 25.27,0.014,1.29,1.62,0.141,7.03,0.0,76.5,,,,1997.265,2450546.2,3.282
332.271925,-9.62369722,J220905.2-093725,FITS,22 09 05.262,-09 37 25.31,0.337,1.02,0.79,0.14,2.01,0.0,80.3,,,,1997.167,2450510.4,0.794
335.155375,-9.62378611,J222037.2-093725,FITS,22 20 37.290,-09 37 25.63,0.014,1.74,2.98,0.141,8.73,0.0,82.3,,g,,1997.254,2450542.4,8.759
338.18599583,-9.62389167,J223244.6-093726,FITS,22 32 44.639,-09 37 26.01,0.42,1.03,0.51,0.141,0.0,0.0,95.8,,,,1997.264,2450545.9,2.791
5.1167125,-9.62395556,J002028.0-093726,FITS,00 20 28.011,-09 37 26.24,0.016,1.83,1.26,0.215,1.04,0.0,109.9,,,,1997.169,2450511.1,1.884
339.01224583,-9.62398056,J223602.9-093726,FITS,22 36 02.939,-09 37 26.33,0.552,1.0,0.47,0.142,0.0,0.0,86.5,,,,1997.262,2450545.2,0.0
13.57115417,-9.62431111,J005417.0-093727,FITS,00 54 17.077,-09 37 27.52,0.014,1.73,1.59,0.144,1.86,0.0,136.4,,,,1997.168,2450510.7,1.242
333.14005833,-9.62431667,J221233.6-093727,FITS,22 12 33.614,-09 37 27.54,0.014,2.29,2.12,0.148,1.0,0.0,101.2,,,,1997.172,2450512.3,6.356
15.4333875,-9.62435,J010144.0-093727,FITS,01 01 44.013,-09 37 27.66,0.014,10.75,13.46,0.157,3.72,2.22,163.4,,,,1997.175,2450513.2,2.749
343.6732375,-9.624375,J225441.5-093727,FITS,22 54 41.577,-09 37 27.75,0.014,3.0,2.79,0.154,2.18,0.0,86.3,,g,,1997.271,2450548.4,5.24
37.2407,-9.62455278,J022857.7-093728,FITS,02 28 57.768,-09 37 28.39,0.233,1.24,0.66,0.161,0.0,0.0,115.0,,g,,1997.173,2450512.8,2.714
38.55169167,-9.624725,J023412.4-093729,FITS,02 34 12.406,-09 37 29.01,0.877,1.05,0.77,0.157,3.86,0.0,104.5,,,,2004.351,2453133.9,2164.575
35.197975,-9.62481944,J022047.5-093729,FITS,02 20 47.514,-09 37 29.35,0.014,1.61,1.31,0.141,1.87,0.0,71.2,,g,,1997.168,2450510.7,1.059
21.54625833,-9.62498333,J012611.1-093729,FITS,01 26 11.102,-09 37 29.94,0.014,2.72,2.49,0.151,1.59,0.0,33.7,,g,,1997.171,2450512.0,2.502
334.30547917,-9.62524722,J221713.3-093730,FITS,22 17 13.315,-09 37 30.89,0.014,4.41,4.14,0.154,0.0,0.0,114.2,,,,1997.235,2450535.4,14.02
16.4179125,-9.62565556,J010540.2-093732,FITS,01 05 40.299,-09 37 32.36,0.014,5.01,5.15,0.145,1.68,0.0,107.8,,g,,1997.168,2450510.8,1.36
350.07679583,-9.62566111,J232018.4-093732,FITS,23 20 18.431,-09 37 32.38,0.431,1.18,1.31,0.155,7.7,0.0,59.2,,g,,1997.271,2450548.4,5.258
355.0290125,-9.6259,J234006.9-093733,FITS,23 40 06.963,-09 37 33.24,0.061,1.29,1.27,0.158,5.09,0.0,68.6,,s,,1997.237,2450536.1,23.519
336.79465417,-9.62601667,J222710.7-093733,FITS,22 27 10.717,-09 37 33.66,0.1,1.22,0.88,0.172,0.44,0.0,95.5,,g,,1997.259,2450544.0,5.993
4.22549167,-9.62609167,J001654.1-093733,FITS,00 16 54.118,-09 37 33.93,0.014,4.09,3.87,0.158,1.26,0.0,64.4,,,,1997.174,2450512.9,2.732
17.5004,-9.62624722,J011000.0-093734,FITS,01 10 00.096,-09 37 34.49,0.582,1.07,0.63,0.155,0.0,0.0,119.3,,g,,1997.173,2450512.6,2.693
20.71725833,-9.62634167,J012252.1-093734,FITS,01 22 52.142,-09 37 34.83,0.179,1.13,0.86,0.154,1.68,0.0,109.7,,,,1997.174,2450513.0,2.736
339.72800833,-9.626475,J223854.7-093735,FITS,22 38 54.722,-09 37 35.31,0.014,2.24,2.08,0.138,1.29,0.0,101.6,,s,,1997.262,2450545.0,3.936
38.55049583,-9.62660833,J023412.1-093735,FITS,02 34 12.119,-09 37 35.79,0.725,1.13,1.44,0.156,5.14,0.0,174.2,,,,2004.413,2453156.8,2160.001
20.59965,-9.62663333,J012223.9-093735,FITS,01 22 23.916,-09 37 35.88,0.516,1.05,1.18,0.155,4.38,0.0,77.3,,g,,1997.175,2450513.5,2.72
29.09906667,-9.62668056,J015623.7-093736,FITS,01 56 23.776,-09 37 36.05,0.014,8.35,7.93,0.153,0.0,0.0,60.6,,g,,1997.17,2450511.4,2.079
351.84727083,-9.62668056,J232723.3-093736,FITS,23 27 23.345,-09 37 36.05,0.022,1.1,0.69,0.143,2.14,0.0,99.2,,,,1997.262,2450545.3,7.483
38.35787083,-9.62686944,J023325.8-093736,FITS,02 33 25.889,-09 37 36.73,0.21,2.09,1.23,0.15,0.0,0.0,71.5,,,,1998.604,2451034.8,1427.244
25.17885417,-9.62687778,J014042.9-093736,FITS,01 40 42.925,-09 37 36.76,0.014,9.2,8.8,0.236,0.77,0.0,121.7,,g,,1997.175,2450513.3,2.732
36.83422917,-9.62695833,J022720.2-093737,FITS,02 27 20.215,-09 37 37.05,0.319,1.11,0.83,0.147,3.9,0.0,98.3,,,,1997.168,2450510.9,1.391
4.98578333,-9.62716389,J001956.5-093737,FITS,00 19 56.588,-09 37 37.79,0.359,1.93,1.59,0.333,1.37,0.0,86.4,,,,1997.173,2450512.8,2.718
354.14429583,-9.62741389,J233634.6-093738,FITS,23 36 34.631,-09 37 38.69,0.014,2.51,2.51,0.151,1.31,0.0,77.3,,g,,1997.191,2450519.3,18.57
350.00085,-9.62777778,J232000.2-093740,FITS,23 20 00.204,-09 37 40.00,0.809,1.05,0.83,0.16,4.37,0.0,69.6,,,,1997.278,2450551.1,5.955
356.197575,-9.62809167,J234447.4-093741,FITS,23 44 47.418,-09 37 41.13,0.486,1.09,0.87,0.141,4.01,0.0,60.3,,s,,1997.173,2450512.6,10.175
343.78023333,-9.62824167,J225507.2-093741,FITS,22 55 07.256,-09 37 41.67,0.361,1.04,0.38,0.157,0.0,0.0,91.4,,,,1997.281,2450552.0,5.906
7.13294583,-9.62826944,J002831.9-093741,FITS,00 28 31.907,-09 37 41.77,0.515,1.34,0.65,0.153,0.0,0.0,63.9,,g,,1997.175,2450513.4,2.711
339.5919625,-9.628275,J223822.0-093741,FITS,22 38 22.071,-09 37 41.79,0.014,8.17,11.29,0.152,4.12,3.16,23.6,,g,,1997.27,2450548.0,5.01
353.62827917,-9.62831111,J233430.7-093741,FITS,23 34 30.787,-09 37 41.92,0.034,1.78,1.23,0.23,0.0,0.0,89.3,,s,,1997.251,2450541.1,22.48
344.27210417,-9.628475,J225705.3-093742,FITS,22 57 05.305,-09 37 42.51,0.411,1.1,0.54,0.157,0.0,0.0,77.0,,,,1997.264,2450545.9,2.663
357.94610833,-9.62853333,J235147.0-093742,FITS,23 51 47.066,-09 37 42.72,0.014,3.79,3.52,0.158,0.0,0.0,90.9,,,,1997.21,2450526.1,22.282
36.81683333,-9.62875556,J022716.0-093743,FITS,02 27 16.040,-09 37 43.52,0.579,1.04,0.91,0.145,5.4,0.0,121.5,,s,,1997.168,2450510.8,1.225
341.844775,-9.62886111,J224722.7-093743,FITS,22 47 22.746,-09 37 43.90,0.014,1.37,1.46,0.151,5.91,0.0,69.1,,g,,1997.27,2450547.9,4.962
36.14279583,-9.62889444,J022434.2-093744,FITS,02 24 34.271,-09 37 44.02,0.786,1.04,0.84,0.154,3.46,0.0,103.4,,g,,1997.169,2450511.3,2.012
21.4126375,-9.62911944,J012539.0-093744,FITS,01 25 39.033,-09 37 44.83,0.016,1.35,1.19,0.154,4.22,0.0,90.7,,,,1997.175,2450513.5,2.705
30.5873,-9.62947222,J020220.9-093746,FITS,02 02 20.952,-09 37 46.10,0.014,97.26,114.86,0.157,3.5,1.18,146.4,,,,1997.17,2450511.6,2.206
35.90647917,-9.629575,J022337.5-093746,FITS,02 23 37.555,-09 37 46.47,0.132,1.2,1.04,0.148,4.42,0.0,104.8,,g,,1997.168,2450510.9,1.503
345.51727083,-9.62958333,J230204.1-093746,FITS,23 02 04.145,-09 37 46.50,0.187,1.35,0.92,0.158,0.0,0.0,121.8,,,,1997.277,2450550.6,5.927
347.1330375,-9.62958889,J230831.9-093746,FITS,23 08 31.929,-09 37 46.52,0.759,1.05,0.71,0.147,0.0,0.0,111.9,,,,1997.267,2450546.9,4.112
25.7143625,-9.62959167,J014251.4-093746,FITS,01 42 51.447,-09 37 46.53,0.014,6.23,5.59,0.18,0.0,0.0,56.1,,,,1997.172,2450512.3,2.574
27.76270833,-9.62963056,J015103.0-093746,FITS,01 51 03.050,-09 37 46.67,0.492,1.0,0.43,0.147,0.0,0.0,84.9,,,,1997.167,2450510.4,0.0
341.17166667,-9.62976111,J224441.2-093747,FITS,22 44 41.200,-09 37 47.14,0.159,1.07,0.68,0.144,1.9,0.0,90.4,,g,,1997.265,2450546.2,3.219
345.361475,-9.62985278,J230126.7-093747,FITS,23 01 26.754,-09 37 47.47,0.014,3.15,3.33,0.154,2.7,0.0,46.9,,s,,1997.284,2450553.2,5.622
30.06766667,-9.62990556,J020016.2-093747,FITS,02 00 16.240,-09 37 47.66,0.014,1.49,1.15,0.145,0.0,0.0,91.5,,,,1997.168,2450510.8,1.24
22.049425,-9.62992778,J012811.8-093747,FITS,01 28 11.862,-09 37 47.74,0.409,1.03,0.71,0.154,0.0,0.0,141.5,,,,1997.175,2450513.2,2.72
353.16984583,-9.62995278,J233240.7-093747,FITS,23 32 40.763,-09 37 47.83,0.065,2.78,4.44,0.15,6.57,2.54,19.5,,g,,1997.177,2450514.2,12.866
23.61095,-9.62996667,J013426.6-093747,FITS,01 34 26.628,-09 37 47.88,0.339,2.26,1.57,0.22,2.43,0.0,71.8,,,,1997.175,2450513.5,2.697
38.62345417,-9.63018611,J023429.6-093748,FITS,02 34 29.629,-09 37 48.67,0.64,1.13,1.09,0.151,2.08,0.0,90.3,,,,2005.266,2453468.6,2071.942
339.5924,-9.6308,J223822.1-093750,FITS,22 38 22.176,-09 37 50.88,0.014,5.67,9.71,0.152,7.21,2.82,162.2,,g,,1997.27,2450548.0,5.039
339.51063333,-9.630925,J223802.5-093751,FITS,22 38 02.552,-09 37 51.33,0.782,1.06,0.67,0.158,0.0,0.0,150.7,,g,,1997.278,2450550.9,5.948
337.92624583,-9.63104167,J223142.2-093751,FITS,22 31 42.299,-09 37 51.75,0.014,1.61,0.92,0.155,0.0,0.0,98.7,,g,,1997.283,2450553.0,5.677
32.3561875,-9.63104722,J020925.4-093751,FITS,02 09 25.485,-09 37 51.77,0.014,24.43,33.26,0.147,5.05,1.96,16.6,,,,1997.168,2450511.0,1.646
22.14250417,-9.63105833,J012834.2-093751,FITS,01 28 34.201,-09 37 51.81,0.442,1.05,0.67,0.153,0.0,0.0,62.8,,,,1997.175,2450513.5,2.688
30.58862917,-9.63107222,J020221.2-093751,FITS,02 02 21.271,-09 37 51.86,0.014,11.33,28.65,0.157,10.14,4.87,169.1,,g,,1997.17,2450511.6,2.203
3.33605833,-9.63164444,J001320.6-093753,FITS,00 13 20.654,-09 37 53.92,0.014,4.24,4.17,0.263,1.1,0.0,103.3,,,,1997.175,2450513.5,2.684
30.94315,-9.631875,J020346.3-093754,FITS,02 03 46.356,-09 37 54.75,0.877,1.06,1.83,0.161,10.24,0.0,95.2,,,,1997.171,2450512.0,2.459
335.261525,-9.63197778,J222102.7-093755,FITS,22 21 02.766,-09 37 55.12,0.014,32.66,34.15,0.138,1.97,0.0,1.7,,s,,1997.26,2450544.6,3.679
21.41119167,-9.63203333,J012538.6-093755,FITS,01 25 38.686,-09 37 55.32,0.17,1.48,0.7,0.153,0.0,0.0,66.9,,s,,1997.175,2450513.5,2.678
33.367475,-9.63240278,J021328.1-093756,FITS,02 13 28.194,-09 37 56.65,0.216,1.16,1.78,0.157,7.16,0.0,140.4,,,,1997.176,2450513.6,2.672
357.6974,-9.632425,J235047.3-093756,FITS,23 50 47.376,-09 37 56.73,0.185,1.08,0.61,0.14,0.0,0.0,94.1,,,,1997.177,2450514.0,12.552
31.093,-9.63245556,J020422.3-093756,FITS,02 04 22.320,-09 37 56.84,0.014,2.05,1.5,0.16,1.66,0.0,107.1,,g,,1997.176,2450513.6,2.671
33.3491,-9.63249722,J021323.7-093756,FITS,02 13 23.784,-09 37 56.99,0.014,29.71,37.13,0.159,3.71,1.97,135.0,,g,,1997.176,2450513.6,2.664
17.1995125,-9.63260278,J010847.8-093757,FITS,01 08 47.883,-09 37 57.37,0.052,1.03,2.89,0.131,12.1,4.52,3.8,,,,1997.168,2450511.0,2.327
339.26210833,-9.63261389,J223702.9-093757,FITS,22 37 02.906,-09 37 57.41,0.014,4.36,4.46,0.158,2.66,0.0,98.3,,g,,1997.28,2450551.7,5.937
1.39011667,-9.63268889,J000533.6-093757,FITS,00 05 33.628,-09 37 57.68,0.334,1.0,1.01,0.145,4.86,0.0,84.3,,,,1997.168,2450510.9,1.696
10.74937917,-9.63286111,J004259.8-093758,FITS,00 42 59.851,-09 37 58.30,0.127,1.5,0.96,0.195,0.0,0.0,125.0,,,,1997.173,2450512.7,2.685
15.13559583,-9.63308056,J010032.5-093759,FITS,01 00 32.543,-09 37 59.09,0.272,1.19,3.92,0.152,14.35,3.75,93.4,,g,,1997.169,2450511.2,1.966
336.25005,-9.63310556,J222500.0-093759,FITS,22 25 00.012,-09 37 59.18,0.014,5.25,5.45,0.157,2.42,0.0,151.7,,,,1997.22,2450529.9,14.939
38.64635,-9.633175,J023435.1-093759,FITS,02 34 35.124,-09 37 59.43,0.014,14.24,17.43,0.152,3.47,1.9,45.0,,,,2005.57,2453579.6,2028.131
28.92727083,-9.63321667,J015542.5-093759,FITS,01 55 42.545,-09 37 59.58,0.47,1.07,0.76,0.158,3.99,0.0,106.5,,,,1997.175,2450513.5,2.681
28.50599167,-9.63327222,J015401.4-093759,FITS,01 54 01.438,-09 37 59.78,0.014,2.11,1.99,0.142,1.08,0.0,70.6,,,,1997.168,2450510.8,2.206
336.78929167,-9.63328056,J222709.4-093759,FITS,22 27 09.430,-09 37 59.81,0.435,1.14,2.29,0.169,8.9,2.18,70.5,,,,1997.257,2450543.4,6.777
14.35596667,-9.63342222,J005725.4-093800,FITS,00 57 25.432,-09 38 00.32,0.014,2.56,2.04,0.147,0.0,0.0,110.5,,g,,1997.168,2450511.0,1.66
333.3324875,-9.63350556,J221319.7-093800,FITS,22 13 19.797,-09 38 00.62,0.492,1.02,0.48,0.147,0.0,0.0,108.6,,,,1997.186,2450517.5,10.126
30.59017083,-9.63353056,J020221.6-093800,FITS,02 02 21.641,-09 38 00.71,0.014,5.71,33.7,0.157,16.86,9.91,167.2,,,,1997.17,2450511.6,2.203
332.9506375,-9.63356667,J221148.1-093800,FITS,22 11 48.153,-09 38 00.84,0.877,1.01,0.89,0.143,4.08,0.0,88.6,,g,,1997.167,2450510.6,1.084
356.41594167,-9.63382778,J234539.8-093801,FITS,23 45 39.826,-09 38 01.78,0.877,1.11,1.05,0.154,5.08,0.0,94.1,,,,1997.2,2450522.6,20.697
337.63319583,-9.63384444,J223031.9-093801,FITS,22 30 31.967,-09 38 01.84,0.014,1.58,1.22,0.159,2.09,0.0,88.1,,,,1997.268,2450547.3,4.563
21.75081667,-9.634025,J012700.1-093802,FITS,01 27 00.196,-09 38 02.49,0.014,4.45,5.05,0.131,3.4,0.08,11.7,,g,,1997.168,2450510.8,2.225
6.18213333,-9.63402778,J002443.7-093802,FITS,00 24 43.712,-09 38 02.50,0.877,1.04,1.54,0.156,10.62,0.0,98.1,,,,1997.171,2450511.8,2.391
339.11467083,-9.63408333,J223627.5-093802,FITS,22 36 27.521,-09 38 02.70,0.463,1.04,0.79,0.147,3.82,0.0,99.2,,,,1997.267,2450546.9,4.131
335.29464167,-9.63430833,J222110.7-093803,FITS,22 21 10.714,-09 38 03.51,0.1,1.02,0.7,0.137,2.62,0.0,127.4,,,,1997.257,2450543.2,7.059
1.271125,-9.63437222,J000505.0-093803,FITS,00 05 05.070,-09 38 03.74,0.014,1.58,1.21,0.157,1.07,0.0,100.6,,g,,1997.172,2450512.5,2.636
356.8771125,-9.63443333,J234730.5-093803,FITS,23 47 30.507,-09 38 03.96,0.014,3.3,3.2,0.147,1.87,0.0,135.6,,g,,1997.187,2450517.7,17.083
345.7341,-9.63444444,J230256.1-093804,FITS,23 02 56.184,-09 38 04.00,0.014,1.35,1.09,0.138,0.0,0.0,90.0,,,,1997.264,2450545.9,2.721
23.6739,-9.63450278,J013441.7-093804,FITS,01 34 41.736,-09 38 04.21,0.653,1.41,0.96,0.22,0.0,0.0,121.6,,,,1997.175,2450513.5,2.667
345.790675,-9.63450556,J230309.7-093804,FITS,23 03 09.762,-09 38 04.22,0.014,5.59,5.58,0.139,2.05,0.0,66.8,,,,1997.265,2450546.1,3.049
350.14915417,-9.63463333,J232035.7-093804,FITS,23 20 35.797,-09 38 04.68,0.631,1.1,0.69,0.146,1.51,0.0,62.5,,,,1997.266,2450546.6,3.806
32.303075,-9.63473056,J020912.7-093805,FITS,02 09 12.738,-09 38 05.03,0.736,1.05,0.58,0.142,0.0,0.0,89.1,,,,1997.169,2450511.1,2.383
33.35155833,-9.63479444,J021324.3-093805,FITS,02 13 24.374,-09 38 05.26,0.014,18.81,25.68,0.159,4.7,2.09,132.0,,g,,1997.176,2450513.7,2.638
36.32130833,-9.63480833,J022517.1-093805,FITS,02 25 17.114,-09 38 05.31,0.014,1.85,1.34,0.156,0.0,0.0,75.0,,g,,1997.175,2450513.5,2.668
334.82635417,-9.63495,J221918.3-093805,FITS,22 19 18.325,-09 38 05.82,0.014,1.7,0.91,0.152,0.0,0.0,80.6,,g,,1997.207,2450525.1,14.024
18.45278333,-9.63511667,J011348.6-093806,FITS,01 13 48.668,-09 38 06.42,0.599,1.05,0.47,0.156,0.0,0.0,73.7,,,,1997.175,2450513.3,2.685
343.286175,-9.63541944,J225308.6-093807,FITS,22 53 08.682,-09 38 07.51,0.016,1.46,1.1,0.157,2.07,0.0,85.0,,,,1997.276,2450550.2,5.864
349.95333333,-9.63542778,J231948.8-093807,FITS,23 19 48.800,-09 38 07.54,0.507,1.19,0.72,0.157,0.0,0.0,116.1,,,,1997.283,2450552.7,5.767
33.53565833,-9.63547222,J021408.5-093807,FITS,02 14 08.558,-09 38 07.70,0.014,1.67,1.01,0.16,0.0,0.0,73.6,,,,1997.172,2450512.4,2.583
336.46294167,-9.63550833,J222551.1-093807,FITS,22 25 51.106,-09 38 07.83,0.405,1.08,0.82,0.155,3.44,0.0,44.2,,g,,1997.212,2450527.0,14.585
352.07705417,-9.635525,J232818.4-093807,FITS,23 28 18.493,-09 38 07.89,0.192,1.1,0.94,0.154,5.07,0.0,74.0,,,,1997.263,2450545.5,19.404
358.6017625,-9.63560556,J235424.4-093808,FITS,23 54 24.423,-09 38 08.18,0.65,1.06,1.16,0.145,3.34,0.0,138.0,,g,,1997.182,2450515.8,15.152
336.25070833,-9.63561389,J222500.1-093808,FITS,22 25 00.170,-09 38 08.21,0.014,7.56,7.51,0.157,0.99,0.0,87.8,,,,1997.219,2450529.6,14.928
22.610925,-9.63570833,J013026.6-093808,FITS,01 30 26.622,-09 38 08.55,0.014,17.19,25.43,0.149,5.69,1.23,91.2,,,,1997.169,2450511.0,1.727
9.99745833,-9.63573333,J003959.3-093808,FITS,00 39 59.390,-09 38 08.64,0.014,2.44,2.05,0.162,0.0,0.0,90.1,,,,1997.173,2450512.8,2.677
37.02305,-9.63583333,J022805.5-093809,FITS,02 28 05.532,-09 38 09.00,0.014,2.06,1.76,0.16,2.83,0.0,74.5,,g,,1997.174,2450513.1,2.692
13.68425833,-9.63591111,J005444.2-093809,FITS,00 54 44.222,-09 38 09.28,0.68,1.04,0.51,0.157,0.0,0.0,105.5,,g,,1997.171,2450511.9,2.414
7.81765833,-9.63591389,J003116.2-093809,FITS,00 31 16.238,-09 38 09.29,0.014,1.54,1.11,0.155,0.0,0.0,92.6,,,,1997.175,2450513.4,2.664
35.81920417,-9.63648056,J022316.6-093811,FITS,02 23 16.609,-09 38 11.33,0.014,3.34,2.93,0.159,0.93,0.0,93.5,,,,1997.171,2450511.9,2.39
29.42635833,-9.63653056,J015742.3-093811,FITS,01 57 42.326,-09 38 11.51,0.702,1.05,0.85,0.157,4.28,0.0,150.0,,g,,1997.171,2450511.8,2.358
6.128225,-9.63654167,J002430.7-093811,FITS,00 24 30.774,-09 38 11.55,0.854,1.1,0.75,0.151,3.46,0.0,115.2,,,,1997.169,2450511.2,1.913
35.81745,-9.636575,J022316.1-093811,FITS,02 23 16.188,-09 38 11.67,0.014,3.59,3.42,0.159,2.73,0.0,73.1,,g,,1997.171,2450511.9,2.403
38.51425417,-9.63659444,J023403.4-093811,FITS,02 34 03.421,-09 38 11.74,0.793,1.1,0.76,0.155,0.0,0.0,99.8,,,,2003.943,2452984.7,2188.117
358.03615417,-9.63674167,J235208.6-093812,FITS,23 52 08.677,-09 38 12.27,0.717,1.04,0.55,0.158,0.0,0.0,89.6,,g,,1997.245,2450538.8,23.08
38.565775,-9.636775,J023415.7-093812,FITS,02 34 15.786,-09 38 12.39,0.848,1.1,1.0,0.151,4.75,0.0,91.4,,,,2005.176,2453435.9,2083.506
18.66000833,-9.63754167,J011438.4-093815,FITS,01 14 38.402,-09 38 15.15,0.014,1.87,4.88,0.138,10.59,4.74,155.5,,,,1997.169,2450511.3,2.523
346.3702,-9.63761944,J230528.8-093815,FITS,23 05 28.848,-09 38 15.43,0.014,53.56,54.56,0.148,1.35,0.0,15.6,,s,,1997.268,2450547.4,4.545
15.25796667,-9.63769444,J010101.9-093815,FITS,01 01 01.912,-09 38 15.70,0.85,1.06,0.93,0.159,4.79,0.0,101.1,,s,,1997.174,2450512.9,2.681
14.16741667,-9.637725,J005640.1-093815,FITS,00 56 40.180,-09 38 15.81,0.619,1.1,1.11,0.144,3.97,0.0,50.3,,,,1997.169,2450511.2,2.511
0.68359583,-9.63782778,J000244.0-093816,FITS,00 02 44.063,-09 38 16.18,0.284,1.0,0.72,0.14,4.36,0.0,114.3,,,,1997.171,2450512.1,8.001
338.92484167,-9.63785833,J223541.9-093816,FITS,22 35 41.962,-09 38 16.29,0.543,1.01,0.65,0.143,0.0,0.0,72.7,,,,1997.263,2450545.5,5.009
33.6767875,-9.63807222,J021442.4-093817,FITS,02 14 42.429,-09 38 17.06,0.014,1.78,1.94,0.144,4.41,0.0,80.9,,,,1997.169,2450511.2,2.498
13.46257917,-9.63808889,J005351.0-093817,FITS,00 53 51.019,-09 38 17.12,0.056,1.39,1.84,0.141,7.54,0.0,106.1,,s,,1997.168,2450511.0,2.438
351.09412083,-9.63815556,J232422.5-093817,FITS,23 24 22.589,-09 38 17.36,0.429,1.02,0.5,0.144,0.0,0.0,91.7,,g,,1997.267,2450546.9,4.077
348.27639583,-9.63817222,J231306.3-093817,FITS,23 13 06.335,-09 38 17.42,0.014,8.22,9.13,0.157,2.26,1.56,126.3,,s,,1997.282,2450552.3,5.85
0.71240417,-9.63832222,J000250.9-093817,FITS,00 02 50.977,-09 38 17.96,0.014,1.23,1.74,0.138,5.13,1.54,89.7,,g,,1997.171,2450512.0,8.263
333.06144167,-9.63833333,J221214.7-093818,FITS,22 12 14.746,-09 38 18.00,0.528,1.14,0.53,0.145,0.0,0.0,103.3,,g,,1997.167,2450510.6,1.23
28.35256667,-9.63834722,J015324.6-093818,FITS,01 53 24.616,-09 38 18.05,0.014,9.35,9.59,0.153,1.79,0.0,60.0,,g,,1997.17,2450511.5,2.115
39.70419583,-9.63835556,J023849.0-093818,FITS,02 38 49.007,-09 38 18.08,0.014,1.48,2.02,0.148,3.6,3.46,171.9,,,,1997.167,2450510.5,0.0
359.3227,-9.63843611,J235717.4-093818,FITS,23 57 17.448,-09 38 18.37,0.166,1.01,0.74,0.137,2.2,0.0,124.7,,,,1997.176,2450513.7,11.781
351.05710833,-9.63848056,J232413.7-093818,FITS,23 24 13.706,-09 38 18.53,0.12,1.23,0.74,0.14,0.0,0.0,93.7,,g,,1997.265,2450546.3,3.396
13.1439625,-9.63855,J005234.5-093818,FITS,00 52 34.551,-09 38 18.78,0.014,177.65,182.97,0.156,1.13,0.84,112.4,,g,,1997.176,2450513.7,2.593
15.46449583,-9.63855,J010151.4-093818,FITS,01 01 51.479,-09 38 18.78,0.014,3.51,5.19,0.156,5.9,1.85,141.7,,s,,1997.175,2450513.3,2.672
344.73645833,-9.63863611,J225856.7-093819,FITS,22 58 56.750,-09 38 19.09,0.014,7.86,7.65,0.262,1.61,0.0,104.2,,,,1997.281,2450552.0,5.904
31.93743333,-9.63867778,J020744.9-093819,FITS,02 07 44.984,-09 38 19.24,0.014,6.83,6.48,0.158,1.23,0.0,104.7,,,,1997.175,2450513.5,2.645
33.75975,-9.6388,J021502.3-093819,FITS,02 15 02.340,-09 38 19.68,0.014,4.51,4.33,0.142,0.29,0.0,149.0,,s,,1997.168,2450510.9,2.349
349.82360833,-9.63891667,J231917.6-093820,FITS,23 19 17.666,-09 38 20.10,0.607,1.16,0.74,0.156,1.16,0.0,76.8,,,,1997.285,2450553.4,5.552
332.5738125,-9.63909167,J221017.7-093820,FITS,22 10 17.715,-09 38 20.73,0.014,8.04,8.18,0.154,1.36,0.0,12.3,,g,,1997.175,2450513.5,2.635
12.44997917,-9.63910833,J004947.9-093820,FITS,00 49 47.995,-09 38 20.79,0.014,4.04,4.21,0.19,3.47,0.0,85.7,,g,,1997.175,2450513.4,2.657
334.85439583,-9.63921944,J221925.0-093821,FITS,22 19 25.055,-09 38 21.19,0.014,4.2,4.85,0.152,3.36,0.0,94.4,,g,,1997.203,2450523.7,13.418
352.07810833,-9.63925,J232818.7-093821,FITS,23 28 18.746,-09 38 21.30,0.014,1.87,1.25,0.153,0.0,0.0,89.6,,g,,1997.265,2450546.0,19.065
22.46554167,-9.63932778,J012951.7-093821,FITS,01 29 51.730,-09 38 21.58,0.014,26.75,27.29,0.142,1.23,0.22,24.4,,,,1997.169,2450511.0,2.464
345.609525,-9.63933333,J230226.2-093821,FITS,23 02 26.286,-09 38 21.60,0.014,1.44,0.75,0.15,0.0,0.0,90.5,,,,1997.269,2450547.7,4.812
343.74500417,-9.63938611,J225458.8-093821,FITS,22 54 58.801,-09 38 21.79,0.136,1.31,0.72,0.158,0.0,0.0,92.1,,g,,1997.279,2450551.4,5.95
15.79772083,-9.63941389,J010311.4-093821,FITS,01 03 11.453,-09 38 21.89,0.014,2.0,1.81,0.138,2.48,0.0,96.0,,,,1997.169,2450511.0,2.485
348.36327083,-9.63942222,J231327.1-093821,FITS,23 13 27.185,-09 38 21.92,0.651,1.06,0.75,0.153,3.25,0.0,69.2,,,,1997.285,2450553.6,5.447
341.03485,-9.639425,J224408.3-093821,FITS,22 44 08.364,-09 38 21.93,0.082,1.23,0.82,0.157,0.41,0.0,59.5,,,,1997.276,2450550.3,5.894
337.4728375,-9.63946111,J222953.4-093822,FITS,22 29 53.481,-09 38 22.06,0.014,1.58,1.27,0.175,2.78,0.0,74.1,,,,1997.257,2450543.5,6.552
13.60425417,-9.63951111,J005425.0-093822,FITS,00 54 25.021,-09 38 22.24,0.147,1.48,1.78,0.145,3.5,0.9,90.4,,,,1997.169,2450511.3,2.585
0.00296667,-9.63951389,J000000.7-093822,FITS,00 00 00.712,-09 38 22.25,0.134,1.0,1.01,0.138,3.62,0.0,174.2,,,,1997.171,2450512.0,8.584
13.2375375,-9.63954722,J005257.0-093822,FITS,00 52 57.009,-09 38 22.37,0.29,1.18,1.02,0.158,3.27,0.0,69.6,,,,1997.174,2450513.0,2.675
23.8867625,-9.63988333,J013532.8-093823,FITS,01 35 32.823,-09 38 23.58,0.014,23.79,25.67,0.164,2.41,0.0,77.8,,s,,1997.169,2450511.1,1.777
358.55165417,-9.63995,J235412.3-093823,FITS,23 54 12.397,-09 38 23.82,0.287,1.16,1.01,0.14,3.39,0.0,79.5,,,,1997.178,2450514.4,13.14
332.92000417,-9.63995833,J221140.8-093823,FITS,22 11 40.801,-09 38 23.85,0.014,2.73,3.35,0.147,4.0,1.53,13.4,,g,,1997.168,2450510.8,1.43
358.65300833,-9.64006111,J235436.7-093824,FITS,23 54 36.722,-09 38 24.22,0.793,1.08,0.72,0.152,0.0,0.0,95.1,,,,1997.197,2450521.5,20.067
335.45601667,-9.64010556,J222149.4-093824,FITS,22 21 49.444,-09 38 24.38,0.014,2.54,2.03,0.155,1.68,0.0,92.1,,,,1997.229,2450533.1,14.669
7.62687083,-9.64012222,J003030.4-093824,FITS,00 30 30.449,-09 38 24.44,0.197,1.21,2.03,0.149,6.28,2.84,93.5,,g,,1997.169,2450511.2,1.922
14.27887917,-9.64016667,J005706.9-093824,FITS,00 57 06.931,-09 38 24.60,0.797,1.0,0.51,0.141,0.0,0.0,89.5,,g,,1997.168,2450511.0,2.478
13.46139167,-9.64020278,J005350.7-093824,FITS,00 53 50.734,-09 38 24.73,0.014,5.79,6.31,0.141,3.2,0.0,156.5,,,,1997.169,2450511.0,2.492
350.9048125,-9.64021111,J232337.1-093824,FITS,23 23 37.155,-09 38 24.76,0.417,1.07,0.43,0.144,0.0,0.0,96.2,,,,1997.267,2450546.9,4.139
17.511025,-9.64021944,J011002.6-093824,FITS,01 10 02.646,-09 38 24.79,0.36,1.1,1.02,0.154,6.96,0.0,53.0,,,,1997.174,2450513.0,2.671
15.068075,-9.64033056,J010016.3-093825,FITS,01 00 16.338,-09 38 25.19,0.272,1.14,0.82,0.144,0.6,0.0,78.1,,,,1997.169,2450511.1,2.541
346.87685417,-9.64033889,J230730.4-093825,FITS,23 07 30.445,-09 38 25.22,0.708,1.09,0.57,0.151,0.0,0.0,87.5,,s,,1997.285,2450553.7,5.421
17.66229167,-9.64045556,J011038.9-093825,FITS,01 10 38.950,-09 38 25.64,0.424,1.03,0.62,0.154,0.0,0.0,70.1,,g,,1997.176,2450513.7,2.595
332.70784583,-9.64050278,J221049.8-093825,FITS,22 10 49.883,-09 38 25.81,0.014,2.81,1.91,0.155,0.0,0.0,106.5,,,,1997.175,2450513.3,2.661
17.426,-9.64059444,J010942.2-093826,FITS,01 09 42.240,-09 38 26.14,0.501,1.01,0.62,0.149,0.0,0.0,94.4,,,,1997.171,2450511.8,2.371
31.19030417,-9.64059444,J020445.6-093826,FITS,02 04 45.673,-09 38 26.14,0.014,4.26,4.09,0.158,0.23,0.0,135.0,,g,,1997.176,2450513.6,2.634
334.6801,-9.64063889,J221843.2-093826,FITS,22 18 43.224,-09 38 26.30,0.513,1.02,0.68,0.153,0.0,0.0,75.4,,,,1997.236,2450535.6,13.976
17.72323333,-9.64069167,J011053.5-093826,FITS,01 10 53.576,-09 38 26.49,0.014,4.51,4.39,0.155,2.5,0.0,109.9,,g,,1997.175,2450513.2,2.664
23.60771667,-9.64069167,J013425.8-093826,FITS,01 34 25.852,-09 38 26.49,0.639,1.47,1.17,0.22,4.38,0.0,51.5,,,,1997.176,2450513.8,2.57
21.0382875,-9.64082778,J012409.1-093826,FITS,01 24 09.189,-09 38 26.98,0.014,1.89,1.81,0.132,1.4,0.0,60.3,,g,,1997.169,2450511.0,2.506
347.46153333,-9.64089444,J230950.7-093827,FITS,23 09 50.768,-09 38 27.22,0.437,1.22,0.73,0.158,0.0,0.0,150.9,,,,1997.276,2450550.3,5.882
36.28727917,-9.64093056,J022508.9-093827,FITS,02 25 08.947,-09 38 27.35,0.014,20.6,22.9,0.157,2.25,1.5,75.3,,,,1997.175,2450513.4,2.657
11.26856667,-9.64093889,J004504.4-093827,FITS,00 45 04.456,-09 38 27.38,0.266,1.25,0.6,0.139,0.0,0.0,99.3,,s,,1997.168,2450511.0,2.485
355.67348333,-9.64095,J234241.6-093827,FITS,23 42 41.636,-09 38 27.42,0.504,1.04,0.49,0.151,0.0,0.0,85.7,,,,1997.205,2450524.4,21.577
7.62229583,-9.64115,J003029.3-093828,FITS,00 30 29.351,-09 38 28.14,0.359,1.16,2.65,0.148,10.19,2.33,89.7,,,,1997.169,2450511.1,1.881
339.07635,-9.64135,J223618.3-093828,FITS,22 36 18.324,-09 38 28.86,0.014,1.2,1.12,0.143,2.26,0.0,75.1,,,,1997.263,2450545.5,5.179
23.85919583,-9.64149722,J013526.2-093829,FITS,01 35 26.207,-09 38 29.39,0.348,1.3,1.29,0.174,2.31,0.0,79.0,,,,1997.17,2450511.4,2.07
32.02293333,-9.64155556,J020805.5-093829,FITS,02 08 05.504,-09 38 29.60,0.308,1.43,0.79,0.161,0.0,0.0,61.4,,g,,1997.173,2450512.7,2.629
3.39179583,-9.64166667,J001334.0-093830,FITS,00 13 34.031,-09 38 30.00,0.014,122.37,242.66,0.247,10.32,1.63,176.4,,,,1997.176,2450513.7,2.585
22.52329167,-9.64175278,J013005.5-093830,FITS,01 30 05.590,-09 38 30.31,0.272,1.25,1.35,0.142,4.75,0.0,85.2,,,,1997.169,2450511.0,2.511
12.917025,-9.64185833,J005140.0-093830,FITS,00 51 40.086,-09 38 30.69,0.632,1.15,0.89,0.156,4.33,0.0,104.5,,,,1997.17,2450511.7,2.309
12.68135,-9.64193889,J005043.5-093830,FITS,00 50 43.524,-09 38 30.98,0.406,1.15,0.61,0.148,0.0,0.0,49.6,,,,1997.169,2450511.2,2.579
342.367975,-9.64223889,J224928.3-093832,FITS,22 49 28.314,-09 38 32.06,0.727,1.09,0.78,0.153,3.87,0.0,86.9,,,,1997.286,2450553.7,5.385
36.28235417,-9.64225,J022507.7-093832,FITS,02 25 07.765,-09 38 32.10,0.014,2.38,6.11,0.157,14.18,0.0,75.5,,,,1997.175,2450513.4,2.653
12.9083,-9.64227222,J005137.9-093832,FITS,00 51 37.992,-09 38 32.18,0.512,1.04,0.96,0.155,6.7,0.0,120.2,,,,1997.17,2450511.6,2.237
32.8443875,-9.64231944,J021122.6-093832,FITS,02 11 22.653,-09 38 32.35,0.522,1.07,0.52,0.156,0.0,0.0,84.5,,g,,1997.17,2450511.6,2.213
352.30963333,-9.64233889,J232914.3-093832,FITS,23 29 14.312,-09 38 32.42,0.014,2.36,1.8,0.156,0.0,0.0,66.1,,,,1997.265,2450546.1,13.182
15.80134583,-9.64256944,J010312.3-093833,FITS,01 03 12.323,-09 38 33.25,0.014,1.3,1.09,0.139,3.06,0.0,115.9,,,,1997.169,2450511.1,2.568
342.602675,-9.64258889,J225024.6-093833,FITS,22 50 24.642,-09 38 33.32,0.69,1.02,0.72,0.153,2.77,0.0,111.8,,,,1997.27,2450548.0,5.007
343.99144583,-9.64260556,J225557.9-093833,FITS,22 55 57.947,-09 38 33.38,0.014,1.73,1.47,0.162,3.41,0.0,102.3,,,,1997.281,2450552.0,5.901
36.28033333,-9.64265278,J022507.2-093833,FITS,02 25 07.280,-09 38 33.55,0.014,18.68,23.62,0.157,3.87,1.62,70.4,,g,,1997.175,2450513.4,2.652
3.229,-9.64281389,J001254.9-093834,FITS,00 12 54.960,-09 38 34.13,0.014,4.55,5.5,0.227,4.25,0.0,131.1,,,,1997.173,2450512.6,2.634
30.3183,-9.64284444,J020116.3-093834,FITS,02 01 16.392,-09 38 34.24,0.014,4.17,3.77,0.157,0.0,0.0,49.5,,s,,1997.176,2450513.7,2.602
336.62851667,-9.64311389,J222630.8-093835,FITS,22 26 30.844,-09 38 35.21,0.282,1.03,1.06,0.147,5.07,0.0,76.7,,g,,1997.249,2450540.2,11.163
19.96287917,-9.64346944,J011951.0-093836,FITS,01 19 51.091,-09 38 36.49,0.109,1.28,0.91,0.155,1.14,0.0,104.3,,g,,1997.175,2450513.4,2.64
334.66892917,-9.64386389,J221840.5-093837,FITS,22 18 40.543,-09 38 37.91,0.521,1.06,0.51,0.152,0.0,0.0,91.2,,g,,1997.238,2450536.4,13.646
0.8021875,-9.64391667,J000312.5-093838,FITS,00 03 12.525,-09 38 38.10,0.424,1.0,0.41,0.139,0.0,0.0,93.8,,s,,1997.172,2450512.3,8.678
18.29915,-9.64395,J011311.7-093838,FITS,01 13 11.796,-09 38 38.22,0.014,2.22,2.48,0.155,2.63,0.71,109.3,,g,,1997.175,2450513.5,2.619
330.656775,-9.6441,J220237.6-093838,FITS,22 02 37.626,-09 38 38.76,0.304,1.13,0.69,0.156,0.0,0.0,49.3,,s,,1997.167,2450510.3,0.0
345.63022917,-9.644475,J230231.2-093840,FITS,23 02 31.255,-09 38 40.11,0.725,1.04,0.55,0.146,0.0,0.0,69.8,,g,,1997.268,2450547.5,4.656
330.85160833,-9.64473333,J220324.3-093841,FITS,22 03 24.386,-09 38 41.04,0.123,1.28,0.8,0.159,0.94,0.0,61.5,,g,,1997.167,2450510.3,0.0
27.9507,-9.64474444,J015148.1-093841,FITS,01 51 48.168,-09 38 41.08,0.429,1.08,0.66,0.16,0.0,0.0,92.8,,,,1997.172,2450512.3,2.539
343.17300417,-9.64474722,J225241.5-093841,FITS,22 52 41.521,-09 38 41.09,0.307,1.04,0.79,0.153,3.71,0.0,107.5,,s,,1997.285,2450553.6,5.424
333.03572083,-9.64476111,J221208.5-093841,FITS,22 12 08.573,-09 38 41.14,0.014,94.48,103.12,0.144,2.21,1.29,150.9,,s,,1997.167,2450510.5,1.016
7.80600833,-9.64483056,J003113.4-093841,FITS,00 31 13.442,-09 38 41.39,0.69,1.05,0.37,0.154,0.0,0.0,89.6,,,,1997.175,2450513.5,2.604
28.8831375,-9.64493611,J015531.9-093841,FITS,01 55 31.953,-09 38 41.77,0.014,4.59,4.62,0.154,2.03,0.0,104.6,,,,1997.176,2450513.8,2.547
334.63538333,-9.64511389,J221832.4-093842,FITS,22 18 32.492,-09 38 42.41,0.014,7.85,8.05,0.149,1.29,0.53,1.0,,s,,1997.245,2450539.1,12.042
37.5960875,-9.64516389,J023023.0-093842,FITS,02 30 23.061,-09 38 42.59,0.257,1.02,0.61,0.145,0.0,0.0,93.5,,g,,1997.558,2450653.2,780.624
31.88535,-9.64516944,J020732.4-093842,FITS,02 07 32.484,-09 38 42.61,0.492,1.03,0.42,0.155,0.0,0.0,88.9,,g,,1997.176,2450513.8,2.544
32.0274,-9.64552222,J020806.5-093843,FITS,02 08 06.576,-09 38 43.88,0.014,5.79,7.91,0.161,6.03,0.0,20.9,,g,,1997.173,2450512.7,2.617
356.2227375,-9.64557778,J234453.4-093844,FITS,23 44 53.457,-09 38 44.08,0.673,1.04,1.62,0.139,8.51,0.0,67.2,,,,1997.176,2450513.8,12.261
345.35991667,-9.64581667,J230126.3-093844,FITS,23 01 26.380,-09 38 44.94,0.014,1.73,2.63,0.152,9.43,0.0,98.5,,g,,1997.286,2450553.9,5.323
335.4219375,-9.64592222,J222141.2-093845,FITS,22 21 41.265,-09 38 45.32,0.058,1.23,0.77,0.153,0.0,0.0,89.4,,,,1997.237,2450535.9,13.829
13.5964875,-9.64593889,J005423.1-093845,FITS,00 54 23.157,-09 38 45.38,0.131,1.37,1.21,0.147,4.17,0.0,126.7,,s,,1997.17,2450511.4,2.721
6.1551625,-9.64595,J002437.2-093845,FITS,00 24 37.239,-09 38 45.42,0.014,1.37,1.26,0.155,4.32,0.0,99.2,,,,1997.17,2450511.6,2.23
22.22222917,-9.64602222,J012853.3-093845,FITS,01 28 53.335,-09 38 45.68,0.014,2.65,2.13,0.156,0.0,0.0,53.1,,s,,1997.175,2450513.4,2.635
9.5226125,-9.64624722,J003805.4-093846,FITS,00 38 05.427,-09 38 46.49,0.561,1.07,0.51,0.158,0.0,0.0,64.1,,s,,1997.173,2450512.7,2.628
339.48350417,-9.64664167,J223756.0-093847,FITS,22 37 56.041,-09 38 47.91,0.27,1.23,0.8,0.157,0.0,0.0,101.9,,,,1997.282,2450552.4,5.832
28.8094625,-9.64671667,J015514.2-093848,FITS,01 55 14.271,-09 38 48.18,0.014,3.59,3.13,0.156,0.0,0.0,97.8,,,,1997.176,2450513.7,2.581
35.6955875,-9.64693611,J022246.9-093848,FITS,02 22 46.941,-09 38 48.97,0.014,55.32,57.38,0.156,1.46,0.81,6.0,,g,,1997.176,2450513.7,2.586
358.595825,-9.64695278,J235422.9-093849,FITS,23 54 22.998,-09 38 49.03,0.537,1.1,1.33,0.145,7.05,0.0,99.7,,,,1997.186,2450517.5,16.878
22.73762917,-9.64718889,J013057.0-093849,FITS,01 30 57.031,-09 38 49.88,0.585,1.11,0.68,0.159,0.84,0.0,70.5,,,,1997.174,2450512.9,2.641
358.87247917,-9.64719167,J235529.3-093849,FITS,23 55 29.395,-09 38 49.89,0.399,1.19,0.71,0.152,0.0,0.0,16.3,,,,1997.26,2450544.5,21.032
4.69043333,-9.64731389,J001845.7-093850,FITS,00 18 45.704,-09 38 50.33,0.112,2.13,1.65,0.292,0.0,0.0,100.2,,,,1997.172,2450512.1,2.493
348.91705833,-9.64739444,J231540.0-093850,FITS,23 15 40.094,-09 38 50.62,0.014,2.38,1.82,0.153,0.0,0.0,79.4,,,,1997.272,2450548.8,5.443
22.50265417,-9.64741111,J013000.6-093850,FITS,01 30 00.637,-09 38 50.68,0.014,2.5,3.92,0.144,6.33,2.58,13.3,,g,,1997.168,2450510.9,2.585
16.00849583,-9.647875,J010402.0-093852,FITS,01 04 02.039,-09 38 52.35,0.014,4.21,6.58,0.156,6.71,2.16,168.8,,,,1997.174,2450513.2,2.641
32.02622083,-9.64802778,J020806.2-093852,FITS,02 08 06.293,-09 38 52.90,0.014,4.79,7.1,0.161,6.76,0.0,31.4,,s,,1997.173,2450512.7,2.618
339.78067083,-9.64825833,J223907.3-093853,FITS,22 39 07.361,-09 38 53.73,0.014,16.39,16.54,0.139,1.17,0.0,33.1,,,,1997.261,2450544.8,4.979
3.06449167,-9.64832222,J001215.4-093853,FITS,00 12 15.478,-09 38 53.96,0.014,1.57,2.44,0.142,8.92,0.0,84.5,,,,1997.173,2450512.5,8.981
355.99467083,-9.64841944,J234358.7-093854,FITS,23 43 58.721,-09 38 54.31,0.014,10.01,11.79,0.156,3.02,1.87,36.3,,,,1997.241,2450537.3,23.294
14.080825,-9.64845278,J005619.3-093854,FITS,00 56 19.398,-09 38 54.43,0.014,4.12,3.68,0.157,2.4,0.0,79.6,,g,,1997.171,2450511.8,2.356
35.69585,-9.64849444,J022247.0-093854,FITS,02 22 47.004,-09 38 54.58,0.386,1.04,1.75,0.156,7.42,0.5,106.1,,,,1997.176,2450513.7,2.573
25.6391625,-9.64865278,J014233.3-093855,FITS,01 42 33.399,-09 38 55.15,0.014,9.09,9.07,0.183,0.53,0.0,65.3,,,,1997.17,2450511.5,2.097
3.04576667,-9.64870556,J001210.9-093855,FITS,00 12 10.984,-09 38 55.34,0.849,1.01,0.52,0.141,0.0,0.0,91.6,,,,1997.172,2450512.5,9.185
33.57421667,-9.64872778,J021417.8-093855,FITS,02 14 17.812,-09 38 55.42,0.101,2.07,1.41,0.158,2.44,0.0,133.0,,,,1997.171,2450512.0,2.404
332.1406375,-9.648775,J220833.7-093855,FITS,22 08 33.753,-09 38 55.59,0.361,1.2,0.73,0.183,0.0,0.0,136.2,,,,1997.167,2450510.3,0.181
6.15664167,-9.64883889,J002437.5-093855,FITS,00 24 37.594,-09 38 55.82,0.804,1.12,0.54,0.155,0.0,0.0,67.1,,,,1997.17,2450511.6,2.258
11.67652083,-9.64921944,J004642.3-093857,FITS,00 46 42.365,-09 38 57.19,0.014,2.11,1.84,0.154,2.33,0.0,88.8,,g,,1997.176,2450513.8,2.531
6.573275,-9.64929444,J002617.5-093857,FITS,00 26 17.586,-09 38 57.46,0.245,1.46,0.8,0.153,0.0,0.0,89.6,,s,,1997.171,2450511.9,2.414
336.39397917,-9.64937222,J222534.5-093857,FITS,22 25 34.555,-09 38 57.74,0.014,2.46,1.84,0.152,0.0,0.0,110.4,,g,,1997.2,2450522.6,12.826
342.1127625,-9.64947222,J224827.0-093858,FITS,22 48 27.063,-09 38 58.10,0.014,8.37,8.72,0.145,2.33,0.0,72.6,,g,,1997.267,2450546.9,5.373
11.09495,-9.64963333,J004422.7-093858,FITS,00 44 22.788,-09 38 58.68,0.016,1.44,1.33,0.154,2.7,0.0,66.5,,g,,1997.17,2450511.6,2.247
349.49665833,-9.64969722,J231759.1-093858,FITS,23 17 59.198,-09 38 58.91,0.014,4.78,4.26,0.14,0.0,0.0,164.2,,g,,1997.264,2450545.8,2.446
349.5962875,-9.64998611,J231823.1-093859,FITS,23 18 23.109,-09 38 59.95,0.714,1.01,0.57,0.144,0.0,0.0,96.3,,,,1997.268,2450547.1,4.357
22.50002917,-9.6504,J013000.0-093901,FITS,01 30 00.007,-09 39 01.44,0.014,44.26,45.88,0.144,1.22,0.98,61.6,,,,1997.168,2450511.0,2.67
36.13162917,-9.65042778,J022431.5-093901,FITS,02 24 31.591,-09 39 01.54,0.272,1.18,1.38,0.151,6.45,0.0,99.9,,,,1997.53,2450643.1,752.113
352.49600833,-9.65054444,J232959.0-093901,FITS,23 29 59.042,-09 39 01.96,0.319,1.07,0.55,0.141,0.0,0.0,103.5,,,,1997.264,2450545.8,2.468
2.94169167,-9.65061944,J001146.0-093902,FITS,00 11 46.006,-09 39 02.23,0.731,1.06,0.63,0.141,0.0,0.0,50.2,,s,,1997.173,2450512.6,9.261
341.655925,-9.65099167,J224637.4-093903,FITS,22 46 37.422,-09 39 03.57,0.014,19.75,22.7,0.153,3.5,0.0,98.2,,,,1997.287,2450554.1,5.17
331.55924167,-9.6511,J220614.2-093903,FITS,22 06 14.218,-09 39 03.96,0.014,4.61,4.85,0.15,2.39,0.0,140.7,,,,1997.167,2450510.3,0.0
332.99119167,-9.65118889,J221157.8-093904,FITS,22 11 57.886,-09 39 04.28,0.474,1.14,0.58,0.145,0.0,0.0,107.9,,g,,1997.167,2450510.4,0.809
348.73331667,-9.65127222,J231455.9-093904,FITS,23 14 55.996,-09 39 04.58,0.014,2.08,1.38,0.14,0.0,0.0,97.9,,s,,1997.265,2450546.1,3.129
355.16622083,-9.65135278,J234039.8-093904,FITS,23 40 39.893,-09 39 04.87,0.359,1.02,0.46,0.152,0.0,0.0,85.1,,,,1997.261,2450544.8,20.86
354.95630417,-9.65141944,J233949.5-093905,FITS,23 39 49.513,-09 39 05.11,0.014,9.18,9.15,0.157,0.22,0.0,102.2,,,,1997.223,2450530.8,23.331
338.0127625,-9.65143889,J223203.0-093905,FITS,22 32 03.063,-09 39 05.18,0.014,1.72,1.44,0.156,2.45,0.0,47.2,,g,,1997.28,2450551.6,5.936
15.405975,-9.65153889,J010137.4-093905,FITS,01 01 37.434,-09 39 05.54,0.627,1.04,0.59,0.153,0.0,0.0,83.5,,,,1997.177,2450513.9,2.463
34.6371375,-9.65170556,J021832.9-093906,FITS,02 18 32.913,-09 39 06.14,0.014,1.88,2.02,0.191,2.24,0.8,29.0,,,,1997.171,2450511.8,2.885
340.9537125,-9.65171389,J224348.8-093906,FITS,22 43 48.891,-09 39 06.17,0.484,1.02,0.57,0.154,0.0,0.0,69.4,,s,,1997.285,2450553.3,5.546
7.8528625,-9.65174167,J003124.6-093906,FITS,00 31 24.687,-09 39 06.27,0.782,1.11,0.68,0.153,0.0,0.0,103.1,,,,1997.177,2450514.0,2.447
15.073325,-9.65188611,J010017.5-093906,FITS,01 00 17.598,-09 39 06.79,0.014,4.59,4.3,0.145,1.05,0.0,81.2,,,,1997.169,2450511.3,2.825
6.16002083,-9.65195,J002438.4-093907,FITS,00 24 38.405,-09 39 07.02,0.014,4.65,4.94,0.156,3.45,0.0,99.2,,,,1997.17,2450511.7,2.301
341.65620833,-9.65221667,J224637.4-093907,FITS,22 46 37.490,-09 39 07.98,0.014,3.15,7.0,0.153,11.89,0.0,63.6,,,,1997.287,2450554.2,5.144
355.5649875,-9.65237778,J234215.5-093908,FITS,23 42 15.597,-09 39 08.56,0.639,1.01,0.69,0.137,2.87,0.0,72.0,,,,1997.182,2450515.8,15.103
350.337325,-9.65262778,J232120.9-093909,FITS,23 21 20.958,-09 39 09.46,0.467,1.11,0.72,0.145,0.49,0.0,79.9,,g,,1997.267,2450547.0,4.242
7.54034583,-9.65274167,J003009.6-093909,FITS,00 30 09.683,-09 39 09.87,0.547,1.01,0.49,0.139,0.0,0.0,90.0,,s,,1997.171,2450511.9,7.129
23.13507917,-9.65274444,J013232.4-093909,FITS,01 32 32.419,-09 39 09.88,0.641,1.04,0.57,0.149,0.0,0.0,112.8,,,,1997.17,2450511.6,2.879
6.72728333,-9.65286944,J002654.5-093910,FITS,00 26 54.548,-09 39 10.33,0.014,1.21,0.95,0.138,3.55,0.0,110.7,,g,,1997.173,2450512.6,9.747
332.3504375,-9.65297222,J220924.1-093910,FITS,22 09 24.105,-09 39 10.70,0.014,1.33,1.13,0.15,2.53,0.0,106.5,,s,,1997.168,2450511.0,1.731
340.85787083,-9.65335833,J224325.8-093912,FITS,22 43 25.889,-09 39 12.09,0.014,3.79,6.56,0.153,8.31,0.0,127.2,,,,1997.287,2450554.4,5.019
34.47826667,-9.653375,J021754.7-093912,FITS,02 17 54.784,-09 39 12.15,0.014,2.0,1.42,0.189,0.0,0.0,63.9,,s,,1997.169,2450511.2,2.817
345.69464583,-9.65339722,J230246.7-093912,FITS,23 02 46.715,-09 39 12.23,0.014,22.97,28.42,0.141,4.35,1.11,10.8,,g,,1997.266,2450546.5,3.704
34.642575,-9.65346111,J021834.2-093912,FITS,02 18 34.218,-09 39 12.46,0.014,4.46,4.28,0.191,1.99,0.0,77.0,,,,1997.171,2450511.9,2.921
30.01049167,-9.65360556,J020002.5-093912,FITS,02 00 02.518,-09 39 12.98,0.014,1.94,2.24,0.142,3.75,0.0,78.3,,,,1997.169,2450511.2,2.814
38.52864167,-9.65374722,J023406.8-093913,FITS,02 34 06.874,-09 39 13.49,0.808,1.08,1.37,0.148,6.99,0.0,84.1,,,,2005.06,2453393.5,2097.624
344.369425,-9.65391389,J225728.6-093914,FITS,22 57 28.662,-09 39 14.09,0.132,1.41,1.34,0.191,4.01,0.0,3.1,,,,1997.269,2450547.7,4.827
2.55572083,-9.65436111,J001013.3-093915,FITS,00 10 13.373,-09 39 15.70,0.221,1.12,0.67,0.151,1.61,0.0,93.3,,,,1997.176,2450513.7,2.517
19.98242917,-9.65436389,J011955.7-093915,FITS,01 19 55.783,-09 39 15.71,0.137,1.19,0.89,0.155,2.5,0.0,76.2,,,,1997.175,2450513.4,2.597
0.9708875,-9.654375,J000353.0-093915,FITS,00 03 53.013,-09 39 15.75,0.014,5.65,5.79,0.156,1.2,0.44,146.0,,s,,1997.173,2450512.7,2.609
354.77718333,-9.65446667,J233906.5-093916,FITS,23 39 06.524,-09 39 16.08,0.014,1.92,1.78,0.14,2.8,0.0,85.6,,s,,1997.178,2450514.3,13.101
344.36657083,-9.65491944,J225727.9-093917,FITS,22 57 27.977,-09 39 17.71,0.186,1.35,1.95,0.19,7.63,0.0,75.9,,,,1997.269,2450547.7,4.793
341.64884167,-9.65495556,J224635.7-093917,FITS,22 46 35.722,-09 39 17.84,0.014,8.52,8.06,0.152,0.0,0.0,25.9,,,,1997.287,2450554.4,5.026
16.00731667,-9.65538889,J010401.7-093919,FITS,01 04 01.756,-09 39 19.40,0.014,1.77,4.19,0.155,8.95,4.75,128.5,,,,1997.175,2450513.3,2.606
349.41429583,-9.65579167,J231739.4-093920,FITS,23 17 39.431,-09 39 20.85,0.014,2.49,2.16,0.143,1.94,0.0,71.2,,g,,1997.267,2450547.1,4.278
30.9451875,-9.65623056,J020346.8-093922,FITS,02 03 46.845,-09 39 22.43,0.014,3.14,3.47,0.162,2.15,1.59,28.3,,g,,1997.172,2450512.4,2.535
22.50025417,-9.65625278,J013000.0-093922,FITS,01 30 00.061,-09 39 22.51,0.7,1.09,2.48,0.145,9.27,3.74,66.9,,s,,1997.169,2450511.1,2.84
338.82384583,-9.65635556,J223517.7-093922,FITS,22 35 17.723,-09 39 22.88,0.014,1.78,1.81,0.156,4.71,0.0,108.0,,g,,1997.274,2450549.4,5.674
344.55814167,-9.656425,J225813.9-093923,FITS,22 58 13.954,-09 39 23.13,0.448,1.75,1.48,0.27,3.16,0.0,88.1,,,,1997.286,2450553.8,5.358
37.3746375,-9.65646111,J022929.9-093923,FITS,02 29 29.913,-09 39 23.26,0.258,1.08,0.55,0.148,0.0,0.0,46.6,,s,,1997.598,2450667.8,817.378
20.791525,-9.65655,J012309.9-093923,FITS,01 23 09.966,-09 39 23.58,0.155,1.18,1.56,0.153,5.44,0.0,81.2,,,,1997.173,2450512.6,2.58
16.00662083,-9.65667222,J010401.5-093924,FITS,01 04 01.589,-09 39 24.02,0.014,3.9,4.84,0.155,3.92,1.11,60.8,,,,1997.175,2450513.3,2.6
20.7938875,-9.65679167,J012310.5-093924,FITS,01 23 10.533,-09 39 24.45,0.08,1.18,2.79,0.153,9.17,4.67,34.4,,,,1997.173,2450512.6,2.574
344.55625,-9.65681667,J225813.5-093924,FITS,22 58 13.500,-09 39 24.54,0.032,2.1,2.1,0.27,4.4,0.0,101.1,,,,1997.286,2450553.8,5.369
16.12242917,-9.65683333,J010429.3-093924,FITS,01 04 29.383,-09 39 24.60,0.565,1.0,0.69,0.149,1.71,0.0,63.2,,,,1997.177,2450514.0,2.409
20.79552083,-9.65691111,J012310.9-093924,FITS,01 23 10.925,-09 39 24.88,0.014,8.81,7.41,0.153,1.24,0.0,8.0,,g,,1997.173,2450512.5,2.569
20.79764167,-9.65698889,J012311.4-093925,FITS,01 23 11.434,-09 39 25.16,0.014,10.42,17.03,0.152,6.55,1.87,100.3,,,,1997.173,2450512.5,2.562
11.9526375,-9.65699722,J004748.6-093925,FITS,00 47 48.633,-09 39 25.19,0.495,1.01,0.76,0.143,1.78,0.0,119.3,,,,1997.169,2450511.3,2.933
17.3957375,-9.65704167,J010934.9-093925,FITS,01 09 34.977,-09 39 25.35,0.014,8.67,12.74,0.144,5.22,2.46,57.6,,g,,1997.171,2450512.0,2.983
343.97908333,-9.65705556,J225554.9-093925,FITS,22 55 54.980,-09 39 25.40,0.137,1.25,0.88,0.158,1.67,0.0,99.9,,g,,1997.283,2450552.9,5.692
17.3777125,-9.65707778,J010930.6-093925,FITS,01 09 30.651,-09 39 25.48,0.033,1.12,0.94,0.141,3.66,0.0,25.9,,,,1997.171,2450511.8,2.976
38.41592083,-9.65723056,J023339.8-093926,FITS,02 33 39.821,-09 39 26.03,0.014,5.33,5.41,0.156,3.09,0.0,26.4,,,,2001.008,2451913.4,2053.678
10.40235417,-9.65734444,J004136.5-093926,FITS,00 41 36.565,-09 39 26.44,0.014,4.91,4.64,0.226,0.0,0.0,90.7,,,,1997.17,2450511.6,2.979
357.85945417,-9.65779444,J235126.2-093928,FITS,23 51 26.269,-09 39 28.06,0.014,4.44,4.18,0.149,1.31,0.0,99.9,,,,1997.192,2450519.7,18.744
341.642925,-9.65788611,J224634.3-093928,FITS,22 46 34.302,-09 39 28.39,0.014,5.14,11.14,0.152,9.62,2.48,70.3,,s,,1997.288,2450554.5,4.912
345.51109583,-9.65811667,J230202.6-093929,FITS,23 02 02.663,-09 39 29.22,0.09,1.5,0.77,0.157,0.0,0.0,95.3,,g,,1997.281,2450551.9,5.903
33.17134583,-9.65844722,J021241.1-093930,FITS,02 12 41.123,-09 39 30.41,0.576,1.07,0.74,0.159,2.73,0.0,114.5,,,,1997.171,2450512.1,2.412
9.00241667,-9.65853333,J003600.5-093930,FITS,00 36 00.580,-09 39 30.72,0.415,1.12,0.66,0.146,0.79,0.0,92.4,,,,1997.169,2450511.0,2.907
23.59632083,-9.65877222,J013423.1-093931,FITS,01 34 23.117,-09 39 31.58,0.324,1.67,1.06,0.212,0.0,0.0,118.4,,g,,1997.177,2450514.1,2.374
1.5018,-9.65888333,J000600.4-093931,FITS,00 06 00.432,-09 39 31.98,0.014,4.82,4.58,0.141,0.51,0.0,42.3,,,,1997.174,2450512.9,10.571
11.6515125,-9.65889167,J004636.3-093932,FITS,00 46 36.363,-09 39 32.01,0.014,2.12,1.7,0.152,0.0,0.0,25.3,,g,,1997.177,2450514.1,2.367
20.7086,-9.65890278,J012250.0-093932,FITS,01 22 50.064,-09 39 32.05,0.275,1.36,1.76,0.15,7.29,0.0,95.1,,s,,1997.176,2450513.7,2.511
38.55200833,-9.65893889,J023412.4-093932,FITS,02 34 12.482,-09 39 32.18,0.241,1.18,0.95,0.144,0.0,0.0,4.4,,,,2005.821,2453671.1,1986.507
359.535525,-9.65911944,J235808.5-093932,FITS,23 58 08.526,-09 39 32.83,0.081,4.46,3.98,0.119,0.0,0.0,120.3,,g,,1997.215,2450528.0,21.217
344.94025,-9.65919444,J225945.6-093933,FITS,22 59 45.660,-09 39 33.10,0.572,1.04,0.45,0.157,0.0,0.0,77.2,,,,1997.266,2450546.7,3.909
349.48068333,-9.65922222,J231755.3-093933,FITS,23 17 55.364,-09 39 33.20,0.14,1.05,0.59,0.139,0.0,0.0,86.8,,,,1997.265,2450546.3,3.358
359.1927625,-9.65932222,J235646.2-093933,FITS,23 56 46.263,-09 39 33.56,0.014,3.42,3.15,0.141,2.21,0.0,90.1,,g,,1997.182,2450516.0,15.232
342.25184583,-9.65935556,J224900.4-093933,FITS,22 49 00.443,-09 39 33.68,0.2,1.42,2.09,0.156,6.54,0.0,107.4,,,,1997.282,2450552.4,5.82
36.21450833,-9.65944167,J022451.4-093933,FITS,02 24 51.482,-09 39 33.99,0.85,1.11,1.12,0.16,6.03,0.0,145.1,,,,1997.173,2450512.8,2.593
347.674375,-9.65946111,J231041.8-093934,FITS,23 10 41.850,-09 39 34.06,0.666,1.09,0.82,0.151,3.45,0.0,59.0,,,,1997.287,2450554.2,5.132
352.21940833,-9.65946389,J232852.6-093934,FITS,23 28 52.658,-09 39 34.07,0.014,2.42,1.83,0.152,0.0,0.0,114.3,,g,,1997.271,2450548.6,15.996
350.01005833,-9.65972778,J232002.4-093935,FITS,23 20 02.414,-09 39 35.02,0.78,1.16,0.68,0.158,0.0,0.0,171.7,,g,,1997.281,2450552.1,5.889
39.84860833,-9.66023889,J023923.6-093936,FITS,02 39 23.666,-09 39 36.86,0.014,15.13,14.95,0.165,0.7,0.0,113.6,,,,1997.167,2450510.5,0.0
343.62820833,-9.66032778,J225430.7-093937,FITS,22 54 30.770,-09 39 37.18,0.219,1.08,0.57,0.149,0.0,0.0,102.8,,,,1997.27,2450548.1,5.097
6.15892083,-9.66043056,J002438.1-093937,FITS,00 24 38.141,-09 39 37.55,0.865,1.12,0.99,0.154,3.6,0.0,114.1,,,,1997.175,2450513.2,8.19
29.27254583,-9.66055833,J015705.4-093938,FITS,01 57 05.411,-09 39 38.01,0.014,8.61,8.53,0.143,0.3,0.0,157.6,,s,,1997.169,2450511.3,3.017
6.13974583,-9.66058333,J002433.5-093938,FITS,00 24 33.539,-09 39 38.10,0.014,102.65,138.19,0.151,3.5,3.36,104.7,,g,,1997.174,2450513.2,8.729
349.78651667,-9.66072778,J231908.7-093938,FITS,23 19 08.764,-09 39 38.62,0.744,1.07,0.84,0.154,2.8,0.0,95.4,,,,1997.285,2450553.5,5.495
333.32048333,-9.66088889,J221316.9-093939,FITS,22 13 16.916,-09 39 39.20,0.483,1.03,0.67,0.146,0.0,0.0,169.9,,s,,1997.184,2450516.5,8.244
11.66445417,-9.66095556,J004639.4-093939,FITS,00 46 39.469,-09 39 39.44,0.433,1.12,0.67,0.152,0.0,0.0,98.7,,,,1997.177,2450514.1,2.372
344.40209583,-9.66106667,J225736.5-093939,FITS,22 57 36.503,-09 39 39.84,0.443,1.33,2.03,0.211,5.48,2.69,117.0,,,,1997.272,2450548.9,5.487
35.65195833,-9.66121944,J022236.4-093940,FITS,02 22 36.470,-09 39 40.39,0.797,1.06,0.48,0.152,0.0,0.0,90.3,,,,1997.177,2450514.2,2.338
353.27936667,-9.66130278,J233307.0-093940,FITS,23 33 07.048,-09 39 40.69,0.431,1.07,1.02,0.156,3.63,0.0,68.2,,,,1997.179,2450514.9,13.874
38.20542917,-9.66188611,J023249.3-093942,FITS,02 32 49.303,-09 39 42.79,0.014,2.39,2.23,0.146,2.7,0.0,95.7,,,,1997.813,2450746.1,993.411
30.60867083,-9.66211389,J020226.0-093943,FITS,02 02 26.081,-09 39 43.61,0.014,16.71,80.39,0.155,17.33,6.8,126.7,,,,1997.171,2450512.1,3.074
0.64245,-9.66212222,J000234.1-093943,FITS,00 02 34.188,-09 39 43.64,0.436,1.07,0.89,0.146,4.23,0.0,105.0,,,,1997.175,2450513.2,9.688
342.15379583,-9.66223056,J224836.9-093944,FITS,22 48 36.911,-09 39 44.03,0.054,1.35,0.99,0.151,3.33,0.0,82.2,,,,1997.271,2450548.4,6.332
10.991675,-9.66226944,J004358.0-093944,FITS,00 43 58.002,-09 39 44.17,0.014,1.62,0.85,0.156,0.0,0.0,65.3,,g,,1997.175,2450513.4,2.566
29.40827083,-9.66228611,J015737.9-093944,FITS,01 57 37.985,-09 39 44.23,0.014,16.4,18.73,0.155,3.22,0.0,90.0,,,,1997.172,2450512.3,3.065
0.29344583,-9.66258333,J000110.4-093945,FITS,00 01 10.427,-09 39 45.30,0.014,3.49,4.58,0.152,5.01,0.0,63.9,,s,,1997.176,2450513.7,2.473
18.695275,-9.66283611,J011446.8-093946,FITS,01 14 46.866,-09 39 46.21,0.116,1.11,0.79,0.137,0.0,0.0,50.7,,,,1997.17,2450511.4,3.092
26.5139875,-9.66301667,J014603.3-093946,FITS,01 46 03.357,-09 39 46.86,0.014,2.28,2.12,0.159,1.3,0.0,79.7,,g,,1997.175,2450513.5,2.549
11.72147083,-9.66305556,J004653.1-093947,FITS,00 46 53.153,-09 39 47.00,0.014,1.69,1.44,0.155,2.87,0.0,95.0,,g,,1997.176,2450513.6,2.511
337.379775,-9.66308889,J222931.1-093947,FITS,22 29 31.146,-09 39 47.12,0.014,3.89,4.0,0.281,1.62,0.0,89.0,,,,1997.244,2450538.5,12.175
31.82711667,-9.66316667,J020718.5-093947,FITS,02 07 18.508,-09 39 47.40,0.014,6.13,8.15,0.154,4.17,2.39,48.0,,g,,1997.177,2450514.1,2.367
346.75003333,-9.66319167,J230700.0-093947,FITS,23 07 00.008,-09 39 47.49,0.014,5.91,6.23,0.154,2.23,0.0,66.0,,g,,1997.282,2450552.5,5.801
22.260175,-9.66321389,J012902.4-093947,FITS,01 29 02.442,-09 39 47.57,0.359,1.22,0.91,0.157,2.26,0.0,109.4,,g,,1997.175,2450513.2,2.59
28.8976375,-9.66334722,J015535.4-093948,FITS,01 55 35.433,-09 39 48.05,0.24,1.06,1.09,0.153,4.63,0.0,87.9,,,,1997.177,2450514.2,2.302
357.6060625,-9.66345278,J235025.4-093948,FITS,23 50 25.455,-09 39 48.43,0.069,1.33,1.23,0.151,4.71,0.0,78.5,,s,,1997.204,2450523.9,21.285
6.01943333,-9.66348333,J002404.6-093948,FITS,00 24 04.664,-09 39 48.54,0.278,1.1,1.98,0.143,9.46,0.0,82.9,,,,1997.175,2450513.2,10.864
344.39861667,-9.66351667,J225735.6-093948,FITS,22 57 35.668,-09 39 48.66,0.014,9.3,17.04,0.21,8.12,1.69,62.5,,g,,1997.272,2450548.8,5.47
7.21930833,-9.66363889,J002852.6-093949,FITS,00 28 52.634,-09 39 49.10,0.014,4.42,4.07,0.152,1.16,0.0,111.6,,,,1997.176,2450513.7,2.5
21.10905417,-9.66363889,J012426.1-093949,FITS,01 24 26.173,-09 39 49.10,0.014,12.04,15.98,0.141,4.61,2.15,11.0,,s,,1997.171,2450511.8,3.126
23.59989167,-9.66370278,J013423.9-093949,FITS,01 34 23.974,-09 39 49.33,0.324,1.49,1.0,0.21,2.12,0.0,56.2,,,,1997.177,2450514.2,2.303
9.08899583,-9.66372778,J003621.3-093949,FITS,00 36 21.359,-09 39 49.42,0.726,1.0,1.21,0.149,6.22,0.0,134.1,,,,1997.17,2450511.6,3.127
346.12075833,-9.66380833,J230428.9-093949,FITS,23 04 28.982,-09 39 49.71,0.639,1.02,0.62,0.147,0.0,0.0,64.0,,,,1997.288,2450554.6,4.898
30.611,-9.66399444,J020226.6-093950,FITS,02 02 26.640,-09 39 50.38,0.014,68.63,96.07,0.154,4.67,2.65,141.0,,,,1997.172,2450512.1,3.11
350.51692917,-9.6641,J232204.0-093950,FITS,23 22 04.063,-09 39 50.76,0.865,1.11,0.79,0.154,2.0,0.0,69.9,,,,1997.284,2450553.1,5.643
351.3190875,-9.664125,J232516.5-093950,FITS,23 25 16.581,-09 39 50.85,0.429,1.01,0.57,0.145,0.0,0.0,119.9,,g,,1997.28,2450551.8,12.333
0.37366667,-9.66452778,J000129.6-093952,FITS,00 01 29.680,-09 39 52.30,0.285,1.08,0.99,0.149,3.75,0.0,69.8,,,,1997.177,2450514.1,2.316
347.672625,-9.66476389,J231041.4-093953,FITS,23 10 41.430,-09 39 53.15,0.681,1.04,0.54,0.15,0.0,0.0,104.6,,,,1997.287,2450554.4,4.997
345.94809583,-9.66501944,J230347.5-093954,FITS,23 03 47.543,-09 39 54.07,0.014,3.15,2.87,0.157,1.99,0.0,114.2,,,,1997.277,2450550.6,5.92
22.91347917,-9.66509167,J013139.2-093954,FITS,01 31 39.235,-09 39 54.33,0.139,1.14,1.47,0.151,7.15,0.0,100.0,,g,,1997.177,2450514.2,2.32
19.16437917,-9.66528333,J011639.4-093955,FITS,01 16 39.451,-09 39 55.02,0.22,1.04,0.67,0.15,1.57,0.0,64.6,,,,1997.177,2450514.2,2.317
35.98257917,-9.66539167,J022355.8-093955,FITS,02 23 55.819,-09 39 55.41,0.649,1.0,0.51,0.143,0.0,0.0,85.0,,,,1997.888,2450773.6,1046.673
342.26237083,-9.66546667,J224902.9-093955,FITS,22 49 02.969,-09 39 55.68,0.014,2.82,3.23,0.155,3.67,0.0,21.9,,,,1997.284,2450553.0,5.67
0.288025,-9.66591111,J000109.1-093957,FITS,00 01 09.126,-09 39 57.28,0.014,2.73,1.74,0.152,0.0,0.0,78.4,,,,1997.176,2450513.8,2.459
332.2330625,-9.66603611,J220855.9-093957,FITS,22 08 55.935,-09 39 57.73,0.014,1.66,1.32,0.15,0.0,0.0,78.4,,,,1997.167,2450510.3,0.0
23.86328333,-9.66605556,J013527.1-093957,FITS,01 35 27.188,-09 39 57.80,0.558,1.12,0.79,0.171,0.0,0.0,102.0,,,,1997.172,2450512.1,3.151
6.99802083,-9.66613611,J002759.5-093958,FITS,00 27 59.525,-09 39 58.09,0.561,1.02,0.53,0.154,0.0,0.0,75.3,,,,1997.175,2450513.3,2.566
358.51177083,-9.66613889,J235402.8-093958,FITS,23 54 02.825,-09 39 58.10,0.014,2.59,3.35,0.141,4.41,1.99,176.5,,g,,1997.178,2450514.7,13.583
345.46324167,-9.66620278,J230151.1-093958,FITS,23 01 51.178,-09 39 58.33,0.014,1.53,1.35,0.153,2.83,0.0,36.9,,,,1997.285,2450553.7,5.402
349.08305,-9.66620556,J231619.9-093958,FITS,23 16 19.932,-09 39 58.34,0.528,1.03,0.59,0.147,0.0,0.0,82.1,,,,1997.288,2450554.6,4.909
28.90520417,-9.66629167,J015537.2-093958,FITS,01 55 37.249,-09 39 58.65,0.258,1.09,1.08,0.152,8.06,0.0,87.6,,,,1997.177,2450514.3,2.283
20.4556,-9.66637778,J012149.3-093958,FITS,01 21 49.344,-09 39 58.96,0.785,1.03,1.07,0.153,4.7,0.0,82.4,,g,,1997.173,2450512.7,2.573
7.21973333,-9.66641111,J002852.7-093959,FITS,00 28 52.736,-09 39 59.08,0.014,3.09,3.08,0.152,2.64,0.0,135.5,,,,1997.176,2450513.7,2.478
27.34048333,-9.66688333,J014921.7-094000,FITS,01 49 21.716,-09 40 00.78,0.495,1.02,0.46,0.153,0.0,0.0,87.0,,,,1997.177,2450514.2,2.287
22.49962083,-9.66688611,J012959.9-094000,FITS,01 29 59.909,-09 40 00.79,0.014,53.16,60.67,0.146,2.78,1.49,138.6,,,,1997.169,2450511.2,3.161
6.19390833,-9.66694167,J002446.5-094000,FITS,00 24 46.538,-09 40 00.99,0.014,27.04,28.24,0.158,1.43,0.89,80.2,,,,1997.172,2450512.5,2.544
31.82554167,-9.66699444,J020718.1-094001,FITS,02 07 18.130,-09 40 01.18,0.014,5.01,9.56,0.154,9.95,0.41,27.4,,,,1997.177,2450514.2,2.327
345.46492083,-9.66715556,J230151.5-094001,FITS,23 01 51.581,-09 40 01.76,0.452,1.14,0.7,0.153,0.0,0.0,128.4,,,,1997.285,2450553.7,5.405
355.7407,-9.667325,J234257.7-094002,FITS,23 42 57.768,-09 40 02.37,0.215,1.48,0.81,0.154,0.0,0.0,78.8,,,,1997.243,2450538.3,23.08
334.31455833,-9.66763333,J221715.4-094003,FITS,22 17 15.494,-09 40 03.48,0.016,1.36,1.29,0.155,3.26,0.0,152.9,,g,,1997.228,2450532.9,14.721
24.56649167,-9.66763611,J013815.9-094003,FITS,01 38 15.958,-09 40 03.49,0.661,1.06,0.48,0.157,0.0,0.0,97.2,,g,,1997.172,2450512.4,2.504
355.35831667,-9.66769722,J234125.9-094003,FITS,23 41 25.996,-09 40 03.71,0.494,1.07,0.72,0.147,0.0,0.0,61.1,,,,1997.204,2450524.1,21.388
17.77823333,-9.66776389,J011106.7-094003,FITS,01 11 06.776,-09 40 03.95,0.268,1.19,1.14,0.154,3.87,0.0,88.2,,g,,1997.174,2450513.0,2.583
35.91954583,-9.66790833,J022340.6-094004,FITS,02 23 40.691,-09 40 04.47,0.014,1.46,1.23,0.147,0.79,0.0,51.0,,,,1997.841,2450756.5,1013.303
16.60874167,-9.66796111,J010626.0-094004,FITS,01 06 26.098,-09 40 04.66,0.539,1.04,0.46,0.149,0.0,0.0,82.6,,,,1997.171,2450511.9,3.225
350.60235,-9.66807222,J232224.5-094005,FITS,23 22 24.564,-09 40 05.06,0.365,1.04,0.54,0.15,0.0,0.0,90.1,,s,,1997.289,2450554.9,4.689
33.36847917,-9.66810556,J021328.4-094005,FITS,02 13 28.435,-09 40 05.18,0.284,1.06,0.96,0.151,1.22,0.0,89.8,,s,,1997.177,2450514.3,2.272
8.87699167,-9.668175,J003530.4-094005,FITS,00 35 30.478,-09 40 05.43,0.014,3.34,3.35,0.153,2.41,0.0,89.8,,,,1997.171,2450512.0,3.22
7.63641667,-9.66820833,J003032.7-094005,FITS,00 30 32.740,-09 40 05.55,0.175,1.25,0.76,0.149,1.48,0.0,80.5,,s,,1997.173,2450512.8,7.117
337.93677917,-9.66825833,J223144.8-094005,FITS,22 31 44.827,-09 40 05.73,0.065,1.15,0.86,0.15,0.0,0.0,121.3,,,,1997.287,2450554.3,5.067
343.97419167,-9.66840833,J225553.8-094006,FITS,22 55 53.806,-09 40 06.27,0.014,1.9,1.89,0.156,2.82,0.0,89.2,,,,1997.285,2450553.5,5.488
338.88268333,-9.66860278,J223531.8-094006,FITS,22 35 31.844,-09 40 06.97,0.014,1.32,1.23,0.151,3.66,0.0,119.9,,g,,1997.266,2450546.4,7.026
32.5568375,-9.66874444,J021013.6-094007,FITS,02 10 13.641,-09 40 07.48,0.429,1.09,0.57,0.154,0.0,0.0,108.9,,s,,1997.177,2450514.1,2.368
29.3264,-9.66878056,J015718.3-094007,FITS,01 57 18.336,-09 40 07.61,0.466,1.1,0.92,0.147,2.22,0.0,77.1,,g,,1997.17,2450511.7,3.254
333.08497083,-9.668925,J221220.3-094008,FITS,22 12 20.393,-09 40 08.13,0.692,1.15,0.66,0.151,0.0,0.0,94.9,,,,1997.168,2450510.9,1.667
330.84309167,-9.66896389,J220322.3-094008,FITS,22 03 22.342,-09 40 08.27,0.014,6.83,6.17,0.162,0.0,0.0,66.4,,s,,1997.167,2450510.3,0.0
30.91775417,-9.66907222,J020340.2-094008,FITS,02 03 40.261,-09 40 08.66,0.014,13.94,13.88,0.158,1.12,0.0,108.3,,g,,1997.173,2450512.5,3.146
25.21517083,-9.66958056,J014051.6-094010,FITS,01 40 51.641,-09 40 10.49,0.573,1.46,1.21,0.235,3.53,0.0,86.5,,,,1997.176,2450513.9,2.436
34.17058333,-9.66968056,J021640.9-094010,FITS,02 16 40.940,-09 40 10.85,0.293,1.17,0.72,0.157,0.6,0.0,108.4,,g,,1997.177,2450514.2,2.283
31.64352917,-9.66993056,J020634.4-094011,FITS,02 06 34.447,-09 40 11.75,0.357,1.04,1.01,0.154,6.54,0.0,95.6,,,,1997.172,2450512.3,3.214
32.25390833,-9.66993889,J020900.9-094011,FITS,02 09 00.938,-09 40 11.78,0.294,1.13,0.59,0.143,0.0,0.0,116.1,,g,,1997.17,2450511.4,3.281
10.1268875,-9.66998611,J004030.4-094011,FITS,00 40 30.453,-09 40 11.95,0.131,1.39,1.63,0.157,6.81,0.0,68.9,,g,,1997.177,2450514.2,2.248
21.107275,-9.67004167,J012425.7-094012,FITS,01 24 25.746,-09 40 12.15,0.014,5.8,12.39,0.142,9.35,3.65,5.1,,,,1997.171,2450511.9,3.272
356.35687917,-9.67009444,J234525.6-094012,FITS,23 45 25.651,-09 40 12.34,0.014,4.47,7.71,0.148,8.05,0.0,103.1,,g,,1997.195,2450520.7,19.457
341.91795833,-9.67023056,J224740.3-094012,FITS,22 47 40.310,-09 40 12.83,0.098,1.2,1.11,0.143,3.65,0.0,10.5,,g,,1997.265,2450546.3,5.775
0.28105417,-9.670275,J000107.4-094012,FITS,00 01 07.453,-09 40 12.99,0.014,2.01,2.75,0.152,6.88,0.0,80.7,,,,1997.176,2450513.8,2.443
358.82292917,-9.67035278,J235517.5-094013,FITS,23 55 17.503,-09 40 13.27,0.306,1.2,1.15,0.15,4.66,0.0,67.5,,g,,1997.267,2450546.9,19.545
356.081025,-9.67041667,J234419.4-094013,FITS,23 44 19.446,-09 40 13.50,0.791,1.05,0.87,0.153,2.66,0.0,89.0,,,,1997.216,2450528.3,22.823
13.2114375,-9.67042222,J005250.7-094013,FITS,00 52 50.745,-09 40 13.52,0.877,1.09,1.09,0.153,5.76,0.0,74.6,,,,1997.176,2450513.9,2.414
35.88107083,-9.67049444,J022331.4-094013,FITS,02 23 31.457,-09 40 13.78,0.6,1.03,0.4,0.152,0.0,0.0,91.0,,,,1997.784,2450735.8,970.993
8.68915833,-9.67050556,J003445.3-094013,FITS,00 34 45.398,-09 40 13.82,0.184,1.23,0.85,0.149,0.0,0.0,115.2,,,,1997.177,2450514.1,2.336
341.88572083,-9.67056389,J224732.5-094014,FITS,22 47 32.573,-09 40 14.03,0.433,1.07,0.55,0.147,0.0,0.0,103.8,,,,1997.268,2450547.2,6.227
20.40128333,-9.67059722,J012136.3-094014,FITS,01 21 36.308,-09 40 14.15,0.849,1.01,0.64,0.146,0.0,0.0,133.4,,g,,1997.172,2450512.3,3.21
350.10959583,-9.67068056,J232026.3-094014,FITS,23 20 26.303,-09 40 14.45,0.339,1.32,1.37,0.152,5.36,0.0,83.5,,,,1997.272,2450548.8,5.451
337.68013333,-9.67085,J223043.2-094015,FITS,22 30 43.232,-09 40 15.06,0.014,1.61,1.16,0.161,0.52,0.0,92.4,,g,,1997.273,2450549.1,7.42
20.81956667,-9.67090833,J012316.6-094015,FITS,01 23 16.696,-09 40 15.27,0.014,2.42,1.9,0.149,0.0,0.0,177.8,,g,,1997.173,2450512.7,3.126
1.7472125,-9.671,J000659.3-094015,FITS,00 06 59.331,-09 40 15.60,0.417,1.22,0.6,0.154,0.0,0.0,88.1,,,,1997.175,2450513.4,2.541
27.47232917,-9.67102778,J014953.3-094015,FITS,01 49 53.359,-09 40 15.70,0.014,1.65,0.95,0.156,0.0,0.0,113.2,,,,1997.176,2450513.8,2.448
334.96890417,-9.6711,J221952.5-094015,FITS,22 19 52.537,-09 40 15.96,0.612,1.02,0.53,0.149,0.0,0.0,70.5,,s,,1997.204,2450523.8,13.508
4.14481667,-9.67124722,J001634.7-094016,FITS,00 16 34.756,-09 40 16.49,0.132,1.2,1.0,0.15,3.69,0.0,116.4,,g,,1997.177,2450514.3,2.192
347.626175,-9.67160556,J231030.2-094017,FITS,23 10 30.282,-09 40 17.78,0.014,23.46,25.37,0.147,1.94,1.35,42.5,,,,1997.289,2450554.8,4.703
358.5270875,-9.67166944,J235406.5-094018,FITS,23 54 06.501,-09 40 18.01,0.014,5.7,9.85,0.141,7.11,2.38,121.7,,g,,1997.181,2450515.6,14.805
348.0915125,-9.67172222,J231221.9-094018,FITS,23 12 21.963,-09 40 18.20,0.505,1.24,0.74,0.148,1.24,0.0,59.7,,g,,1997.269,2450547.6,4.711
19.72616667,-9.67175556,J011854.2-094018,FITS,01 18 54.280,-09 40 18.32,0.014,4.1,3.67,0.156,0.0,0.0,84.7,,,,1997.174,2450513.1,2.573
340.14145417,-9.67178056,J224033.9-094018,FITS,22 40 33.949,-09 40 18.41,0.014,2.05,1.57,0.149,0.0,0.0,70.9,,g,,1997.289,2450555.0,4.54
19.21064583,-9.67193889,J011650.5-094018,FITS,01 16 50.555,-09 40 18.98,0.331,1.06,0.62,0.151,0.0,0.0,80.2,,,,1997.177,2450513.9,2.395
12.06722917,-9.67204722,J004816.1-094019,FITS,00 48 16.135,-09 40 19.37,0.014,2.11,1.83,0.15,1.52,0.0,118.4,,,,1997.17,2450511.6,3.343
16.96103333,-9.6723,J010750.6-094020,FITS,01 07 50.648,-09 40 20.28,0.014,5.24,4.88,0.149,0.0,0.0,34.3,,,,1997.177,2450513.9,2.393
39.70997083,-9.67235556,J023850.3-094020,FITS,02 38 50.393,-09 40 20.48,0.435,1.12,0.8,0.155,1.45,0.0,73.7,,,,1997.167,2450510.5,0.0
335.61972083,-9.67236111,J222228.7-094020,FITS,22 22 28.733,-09 40 20.50,0.453,1.12,0.54,0.146,0.0,0.0,109.5,,,,1997.196,2450521.0,11.736
354.50155833,-9.67260278,J233800.3-094021,FITS,23 38 00.374,-09 40 21.37,0.671,1.09,0.61,0.156,0.0,0.0,106.9,,,,1997.248,2450540.1,22.64
33.96431667,-9.67260556,J021551.4-094021,FITS,02 15 51.436,-09 40 21.38,0.319,1.18,0.63,0.16,0.0,0.0,108.2,,g,,1997.174,2450513.0,2.575
7.13524583,-9.67263611,J002832.4-094021,FITS,00 28 32.459,-09 40 21.49,0.136,1.1,0.88,0.146,4.1,0.0,109.3,,,,1997.177,2450514.3,2.217
12.31645,-9.67276667,J004915.9-094021,FITS,00 49 15.948,-09 40 21.96,0.034,2.96,2.62,0.186,0.0,0.0,81.8,,,,1997.177,2450514.1,2.291
358.55432083,-9.67296111,J235413.0-094022,FITS,23 54 13.037,-09 40 22.66,0.014,168.38,177.91,0.142,1.84,0.65,51.9,,,,1997.185,2450517.0,16.33
36.5489,-9.67301944,J022611.7-094022,FITS,02 26 11.736,-09 40 22.87,0.104,1.51,0.7,0.16,0.0,0.0,97.8,,,,1997.173,2450512.8,2.562
36.25189583,-9.67306111,J022500.4-094023,FITS,02 25 00.455,-09 40 23.02,0.865,1.1,0.62,0.157,0.0,0.0,102.1,,,,1997.176,2450513.6,2.516
358.51704583,-9.67308611,J235404.0-094023,FITS,23 54 04.091,-09 40 23.11,0.391,1.34,1.12,0.141,5.67,0.0,48.9,,,,1997.18,2450515.4,14.516
14.86434583,-9.67315278,J005927.4-094023,FITS,00 59 27.443,-09 40 23.35,0.014,4.18,3.65,0.155,0.0,0.0,146.3,,g,,1997.172,2450512.3,3.302
18.31815833,-9.67322222,J011316.3-094023,FITS,01 13 16.358,-09 40 23.60,0.711,1.04,0.97,0.15,4.11,0.0,110.3,,,,1997.177,2450514.2,2.277
39.0844375,-9.67324444,J023620.2-094023,FITS,02 36 20.265,-09 40 23.68,0.014,2.49,1.76,0.154,0.0,0.0,113.2,,,,1998.013,2450819.4,1128.209
343.03005,-9.67336389,J225207.2-094024,FITS,22 52 07.212,-09 40 24.11,0.717,1.08,0.47,0.152,0.0,0.0,97.1,,,,1997.286,2450553.8,5.36
26.22660417,-9.67345556,J014454.3-094024,FITS,01 44 54.385,-09 40 24.44,0.033,1.16,1.1,0.144,3.82,0.0,65.1,,,,1997.17,2450511.5,3.389
347.62448333,-9.67351944,J231029.8-094024,FITS,23 10 29.876,-09 40 24.67,0.014,6.69,7.81,0.147,3.66,0.0,50.7,,,,1997.289,2450554.9,4.655
20.809925,-9.67382778,J012314.3-094025,FITS,01 23 14.382,-09 40 25.78,0.014,4.3,4.16,0.15,0.88,0.0,80.1,,g,,1997.174,2450512.9,3.114
7.78831667,-9.67383889,J003109.1-094025,FITS,00 31 09.196,-09 40 25.82,0.014,6.31,6.28,0.151,0.64,0.0,103.3,,s,,1997.177,2450513.9,2.384
4.0250125,-9.673925,J001606.0-094026,FITS,00 16 06.003,-09 40 26.13,0.014,3.17,3.89,0.153,5.0,0.0,85.9,,,,1997.176,2450513.8,2.434
4.91227083,-9.67394722,J001938.9-094026,FITS,00 19 38.945,-09 40 26.21,0.034,3.11,2.68,0.373,0.0,0.0,69.0,,g,,1997.177,2450514.3,2.206
38.56210833,-9.67405,J023414.9-094026,FITS,02 34 14.906,-09 40 26.58,0.364,1.55,1.25,0.138,0.0,0.0,158.1,,,,2006.558,2453940.2,1832.794
17.37694167,-9.67435278,J010930.4-094027,FITS,01 09 30.466,-09 40 27.67,0.014,6.91,7.35,0.144,2.25,0.0,129.2,,,,1997.172,2450512.2,3.341
34.5002625,-9.67444167,J021800.0-094027,FITS,02 18 00.063,-09 40 27.99,0.014,1.75,1.33,0.192,0.0,0.0,59.6,,g,,1997.17,2450511.5,3.415
32.40759583,-9.67447222,J020937.8-094028,FITS,02 09 37.823,-09 40 28.10,0.014,1.73,1.75,0.156,2.37,0.0,116.0,,,,1997.173,2450512.5,3.257
335.87806667,-9.674475,J222330.7-094028,FITS,22 23 30.736,-09 40 28.11,0.332,1.11,0.75,0.151,1.94,0.0,62.0,,,,1997.241,2450537.6,12.636
18.59365,-9.67460556,J011422.4-094028,FITS,01 14 22.476,-09 40 28.58,0.014,1.39,0.9,0.15,0.0,0.0,103.2,,,,1997.172,2450512.5,3.26
355.25312083,-9.67464167,J234100.7-094028,FITS,23 41 00.749,-09 40 28.71,0.014,1.84,1.38,0.153,0.0,0.0,91.5,,g,,1997.248,2450540.2,22.612
334.24895833,-9.67466667,J221659.7-094028,FITS,22 16 59.750,-09 40 28.80,0.014,3.51,2.84,0.152,0.0,0.0,130.9,,g,,1997.209,2450525.7,14.248
357.73341667,-9.6748,J235056.0-094029,FITS,23 50 56.020,-09 40 29.28,0.531,1.09,0.88,0.143,5.26,0.0,138.3,,,,1997.181,2450515.5,14.676
12.06761667,-9.67492222,J004816.2-094029,FITS,00 48 16.228,-09 40 29.72,0.014,2.23,1.76,0.151,0.0,0.0,80.3,,,,1997.17,2450511.7,3.42
354.4296125,-9.67497778,J233743.1-094029,FITS,23 37 43.107,-09 40 29.92,0.601,1.12,0.66,0.15,0.0,0.0,103.3,,g,,1997.268,2450547.3,19.227
335.5146,-9.67523889,J222203.5-094030,FITS,22 22 03.504,-09 40 30.86,0.585,1.03,0.57,0.152,0.0,0.0,73.9,,,,1997.206,2450524.6,13.846
34.25820417,-9.67556111,J021701.9-094032,FITS,02 17 01.969,-09 40 32.02,0.014,4.24,4.06,0.175,2.31,0.0,67.2,,,,1997.175,2450513.5,2.528
6.4907,-9.67558333,J002557.7-094032,FITS,00 25 57.768,-09 40 32.10,0.014,2.63,2.28,0.152,0.64,0.0,109.7,,g,,1997.176,2450513.6,2.476
36.261375,-9.67564167,J022502.7-094032,FITS,02 25 02.730,-09 40 32.31,0.014,1.65,1.51,0.155,2.85,0.0,73.9,,,,1997.176,2450513.7,2.468
336.74712917,-9.67570278,J222659.3-094032,FITS,22 26 59.311,-09 40 32.53,0.014,6.03,5.87,0.141,0.0,0.0,106.8,,g,,1997.255,2450542.7,7.441
349.96055833,-9.67584167,J231950.5-094033,FITS,23 19 50.534,-09 40 33.03,0.797,1.03,0.59,0.153,0.0,0.0,55.8,,,,1997.287,2450554.1,5.197
26.96057083,-9.676025,J014750.5-094033,FITS,01 47 50.537,-09 40 33.69,0.014,1.84,1.61,0.143,2.73,0.0,140.6,,g,,1997.17,2450511.6,3.462
332.69218333,-9.67605556,J221046.1-094033,FITS,22 10 46.124,-09 40 33.80,0.797,1.0,0.64,0.149,0.0,0.0,57.7,,s,,1997.177,2450514.1,2.29
30.06014167,-9.67631111,J020014.4-094034,FITS,02 00 14.434,-09 40 34.72,0.769,1.04,0.49,0.145,0.0,0.0,73.1,,g,,1997.171,2450511.8,3.462
343.29581667,-9.67644722,J225310.9-094035,FITS,22 53 10.996,-09 40 35.21,0.182,1.08,0.79,0.158,2.9,0.0,42.5,,,,1997.279,2450551.2,5.948
26.26461667,-9.67653056,J014503.5-094035,FITS,01 45 03.508,-09 40 35.51,0.014,14.27,17.08,0.144,3.59,1.58,9.7,,g,,1997.17,2450511.6,3.481
17.4993375,-9.67670833,J010959.8-094036,FITS,01 09 59.841,-09 40 36.15,0.504,1.02,0.49,0.152,0.0,0.0,80.6,,,,1997.175,2450513.5,2.499
34.27397917,-9.67676389,J021705.7-094036,FITS,02 17 05.755,-09 40 36.35,0.014,4.04,3.88,0.18,1.93,0.0,111.0,,,,1997.175,2450513.3,2.555
5.64325833,-9.67679722,J002234.3-094036,FITS,00 22 34.382,-09 40 36.47,0.797,1.0,0.49,0.147,0.0,0.0,104.4,,,,1997.178,2450514.4,2.113
34.1985375,-9.67683889,J021647.6-094036,FITS,02 16 47.649,-09 40 36.62,0.367,1.14,1.34,0.16,7.11,0.0,91.1,,g,,1997.177,2450514.2,2.301
342.0489125,-9.67688611,J224811.7-094036,FITS,22 48 11.739,-09 40 36.79,0.112,1.05,0.83,0.141,4.18,0.0,74.6,,,,1997.264,2450545.7,5.674
10.88760833,-9.676925,J004333.0-094036,FITS,00 43 33.026,-09 40 36.93,0.014,3.51,2.97,0.149,0.0,0.0,86.3,,g,,1997.178,2450514.4,2.096
34.2561125,-9.67697222,J021701.4-094037,FITS,02 17 01.467,-09 40 37.10,0.014,3.45,3.82,0.175,3.05,0.0,112.0,,,,1997.175,2450513.5,2.515
343.29759583,-9.67699167,J225311.4-094037,FITS,22 53 11.423,-09 40 37.17,0.081,1.7,2.45,0.158,6.44,0.0,92.2,,,,1997.279,2450551.2,5.948
22.835525,-9.67714722,J013120.5-094037,FITS,01 31 20.526,-09 40 37.73,0.014,1.89,1.65,0.149,2.17,0.0,152.9,,s,,1997.178,2450514.4,2.173
12.31625417,-9.67722778,J004915.9-094038,FITS,00 49 15.901,-09 40 38.02,0.06,1.75,1.34,0.185,0.61,0.0,146.8,,,,1997.177,2450514.2,2.24
351.831175,-9.67745556,J232719.4-094038,FITS,23 27 19.482,-09 40 38.84,0.014,1.25,2.09,0.144,9.5,0.0,81.6,,,,1997.269,2450547.5,4.662
345.37596667,-9.67756667,J230130.2-094039,FITS,23 01 30.232,-09 40 39.24,0.625,1.1,0.88,0.147,2.18,0.0,88.5,,g,,1997.289,2450555.0,4.553
342.63820833,-9.6777,J225033.1-094039,FITS,22 50 33.170,-09 40 39.72,0.728,1.04,0.72,0.151,0.0,0.0,107.2,,g,,1997.271,2450548.2,5.16
0.12014583,-9.67771389,J000028.8-094039,FITS,00 00 28.835,-09 40 39.77,0.014,2.88,2.73,0.149,0.0,0.0,126.8,,g,,1997.177,2450514.1,10.914
351.8280875,-9.67778056,J232718.7-094040,FITS,23 27 18.741,-09 40 40.01,0.273,1.04,0.75,0.144,0.0,0.0,118.5,,,,1997.268,2450547.5,4.62
23.6202875,-9.67783056,J013428.8-094040,FITS,01 34 28.869,-09 40 40.19,0.589,1.31,1.2,0.202,4.27,0.0,71.6,,g,,1997.178,2450514.4,2.148
22.49683333,-9.67815556,J012959.2-094041,FITS,01 29 59.240,-09 40 41.36,0.631,1.12,0.61,0.145,0.0,0.0,125.6,,,,1997.17,2450511.6,3.529
24.15153333,-9.67815556,J013636.3-094041,FITS,01 36 36.368,-09 40 41.36,0.143,1.21,0.97,0.155,0.0,0.0,89.9,,g,,1997.173,2450512.5,3.338
356.69212917,-9.67851944,J234646.1-094042,FITS,23 46 46.111,-09 40 42.67,0.014,7.17,6.9,0.151,0.0,0.0,118.1,,,,1997.267,2450546.9,19.489
37.21000417,-9.67853056,J022850.4-094042,FITS,02 28 50.401,-09 40 42.71,0.014,2.59,2.15,0.154,0.0,0.0,107.3,,s,,1997.177,2450514.1,2.33
339.63510833,-9.67865278,J223832.4-094043,FITS,22 38 32.426,-09 40 43.15,0.014,6.71,7.78,0.15,3.12,0.53,87.7,,g,,1997.265,2450546.3,7.51
5.31710833,-9.67867778,J002116.1-094043,FITS,00 21 16.106,-09 40 43.24,0.014,1.83,1.6,0.145,0.6,0.0,103.7,,,,1997.177,2450514.2,12.036
359.70670833,-9.67874722,J235849.6-094043,FITS,23 58 49.610,-09 40 43.49,0.014,4.2,4.06,0.112,1.38,0.0,107.5,,g,,1997.22,2450529.9,21.434
335.36025417,-9.679175,J222126.4-094045,FITS,22 21 26.461,-09 40 45.03,0.014,43.25,48.25,0.147,2.96,0.8,166.2,,g,,1997.243,2450538.2,12.224
26.26532083,-9.67927222,J014503.6-094045,FITS,01 45 03.677,-09 40 45.38,0.014,2.12,6.59,0.144,10.86,6.43,144.6,,,,1997.17,2450511.6,3.563
349.437625,-9.67938611,J231745.0-094045,FITS,23 17 45.030,-09 40 45.79,0.411,1.01,0.37,0.143,0.0,0.0,89.8,,,,1997.268,2450547.2,4.42
349.91699583,-9.67946389,J231940.0-094046,FITS,23 19 40.079,-09 40 46.07,0.704,1.14,1.13,0.15,5.72,0.0,75.7,,g,,1997.289,2450555.0,4.588
347.90369167,-9.67946944,J231136.8-094046,FITS,23 11 36.886,-09 40 46.09,0.658,1.0,0.8,0.149,3.48,0.0,95.4,,s,,1997.27,2450547.9,4.944
340.48800833,-9.67952778,J224157.1-094046,FITS,22 41 57.122,-09 40 46.30,0.014,9.66,9.05,0.16,0.0,0.0,123.5,,g,,1997.259,2450543.9,6.451
351.88904167,-9.67961389,J232733.3-094046,FITS,23 27 33.370,-09 40 46.61,0.014,7.35,7.37,0.152,0.72,0.0,111.7,,g,,1997.273,2450549.2,5.591
346.69744583,-9.67971111,J230647.3-094046,FITS,23 06 47.387,-09 40 46.96,0.014,17.34,30.35,0.154,7.53,1.52,72.8,,,,1997.279,2450551.3,5.95
7.13999167,-9.67980278,J002833.5-094047,FITS,00 28 33.598,-09 40 47.29,0.014,20.14,20.3,0.147,1.18,0.0,160.2,,,,1997.178,2450514.5,2.063
2.35892083,-9.67993333,J000926.1-094047,FITS,00 09 26.141,-09 40 47.76,0.321,1.03,1.18,0.147,6.88,0.0,60.4,,,,1997.177,2450514.3,11.402
355.4319,-9.680175,J234143.6-094048,FITS,23 41 43.656,-09 40 48.63,0.082,1.09,1.17,0.14,3.29,0.0,113.2,,g,,1997.189,2450518.5,17.787
358.53079583,-9.68033611,J235407.3-094049,FITS,23 54 07.391,-09 40 49.21,0.64,1.08,1.04,0.142,5.17,0.0,156.3,,,,1997.184,2450516.5,15.855
8.14500417,-9.68040556,J003234.8-094049,FITS,00 32 34.801,-09 40 49.46,0.143,1.13,1.23,0.148,4.63,0.0,79.4,,,,1997.172,2450512.1,3.519
346.988525,-9.68043889,J230757.2-094049,FITS,23 07 57.246,-09 40 49.58,0.556,1.07,0.86,0.152,2.5,0.0,109.2,,,,1997.285,2450553.5,5.479
334.45584167,-9.68091944,J221749.4-094051,FITS,22 17 49.402,-09 40 51.31,0.055,1.07,1.29,0.142,5.74,0.0,61.4,,g,,1997.252,2450541.5,9.176
346.55945833,-9.68095833,J230614.2-094051,FITS,23 06 14.270,-09 40 51.45,0.014,3.19,2.88,0.144,1.75,0.0,77.8,,s,,1997.268,2450547.2,4.415
10.21354583,-9.68100556,J004051.2-094051,FITS,00 40 51.251,-09 40 51.62,0.014,44.83,46.83,0.173,1.55,0.79,51.0,,,,1997.177,2450514.0,2.321
34.87594167,-9.68100556,J021930.2-094051,FITS,02 19 30.226,-09 40 51.62,0.326,1.02,0.79,0.149,4.23,0.0,128.9,,g,,1997.178,2450514.5,2.105
10.11851667,-9.68103889,J004028.4-094051,FITS,00 40 28.444,-09 40 51.74,0.63,1.13,0.69,0.154,0.0,0.0,104.5,,g,,1997.178,2450514.4,2.107
335.40970417,-9.68107222,J222138.3-094051,FITS,22 21 38.329,-09 40 51.86,0.014,24.54,34.1,0.151,5.81,0.76,27.4,,s,,1997.232,2450534.0,14.176
339.63506667,-9.68139167,J223832.4-094053,FITS,22 38 32.416,-09 40 53.01,0.014,5.07,5.44,0.15,2.13,0.0,103.6,,,,1997.265,2450546.2,7.656
355.6138875,-9.68140556,J234227.3-094053,FITS,23 42 27.333,-09 40 53.06,0.492,1.03,0.44,0.145,0.0,0.0,90.8,,,,1997.201,2450522.7,20.684
6.18959167,-9.68143333,J002445.5-094053,FITS,00 24 45.502,-09 40 53.16,0.276,1.2,0.59,0.155,0.0,0.0,90.4,,,,1997.177,2450514.2,8.684
330.0147375,-9.68152778,J220003.5-094053,FITS,22 00 03.537,-09 40 53.50,0.396,1.11,1.08,0.153,7.62,0.0,132.8,,,,1997.167,2450510.3,0.0
335.94015833,-9.68155,J222345.6-094053,FITS,22 23 45.638,-09 40 53.58,0.285,1.03,0.95,0.145,1.2,0.0,66.5,,,,1997.25,2450540.9,9.889
3.79919167,-9.68163611,J001511.8-094053,FITS,00 15 11.806,-09 40 53.89,0.014,4.27,6.09,0.145,6.76,0.0,44.5,,g,,1997.178,2450514.4,12.589
358.861425,-9.68198611,J235526.7-094055,FITS,23 55 26.742,-09 40 55.15,0.42,1.07,0.76,0.148,2.76,0.0,70.1,,,,1997.276,2450550.1,16.902
11.05927083,-9.68215556,J004414.2-094055,FITS,00 44 14.225,-09 40 55.76,0.471,1.07,0.57,0.155,0.0,0.0,113.2,,g,,1997.174,2450513.1,3.189
13.08862917,-9.68221389,J005221.2-094055,FITS,00 52 21.271,-09 40 55.97,0.228,1.11,0.56,0.148,0.0,0.0,85.2,,,,1997.178,2450514.4,2.096
342.42180417,-9.68226944,J224941.2-094056,FITS,22 49 41.233,-09 40 56.17,0.014,4.36,4.0,0.149,2.13,0.0,75.2,,g,,1997.289,2450555.0,4.574
10.53824583,-9.68234722,J004209.1-094056,FITS,00 42 09.179,-09 40 56.45,0.014,41.15,43.16,0.224,1.44,1.12,133.3,,g,,1997.17,2450511.7,3.648
334.1780625,-9.68234722,J221642.7-094056,FITS,22 16 42.735,-09 40 56.45,0.014,2.44,2.51,0.146,2.07,0.0,90.0,,g,,1997.196,2450520.9,11.645
34.1283125,-9.68236667,J021630.7-094056,FITS,02 16 30.795,-09 40 56.52,0.014,2.58,2.69,0.15,2.56,0.0,90.5,,,,1997.178,2450514.5,2.088
22.074825,-9.682475,J012817.9-094056,FITS,01 28 17.958,-09 40 56.91,0.014,1.73,1.24,0.147,0.0,0.0,100.8,,g,,1997.178,2450514.4,2.145
38.56923333,-9.68252778,J023416.6-094057,FITS,02 34 16.616,-09 40 57.10,0.249,1.09,1.34,0.135,4.53,0.0,147.7,,,,2006.947,2454082.2,1729.457
348.15027083,-9.68255556,J231236.0-094057,FITS,23 12 36.065,-09 40 57.20,0.544,1.02,0.78,0.154,4.07,0.0,105.0,,s,,1997.274,2450549.5,5.718
38.54183333,-9.68280556,J023410.0-094058,FITS,02 34 10.040,-09 40 58.10,0.582,1.05,1.21,0.138,4.77,0.0,93.5,,,,2006.436,2453895.5,1861.891
34.13085833,-9.68285833,J021631.4-094058,FITS,02 16 31.406,-09 40 58.29,0.014,4.27,4.69,0.15,2.19,1.27,100.0,,,,1997.178,2450514.5,2.082
32.2343625,-9.68309167,J020856.2-094059,FITS,02 08 56.247,-09 40 59.13,0.014,1.2,1.1,0.145,4.59,0.0,57.8,,g,,1997.171,2450511.7,3.679
26.266025,-9.683325,J014503.8-094059,FITS,01 45 03.846,-09 40 59.97,0.014,1.87,7.12,0.145,12.48,7.42,127.1,,s,,1997.17,2450511.7,3.686
349.94732917,-9.68336944,J231947.3-094100,FITS,23 19 47.359,-09 41 00.13,0.721,1.1,0.87,0.151,0.0,0.0,88.7,,s,,1997.288,2450554.6,4.871
9.7095875,-9.68343056,J003850.3-094100,FITS,00 38 50.301,-09 41 00.35,0.797,1.0,0.67,0.143,2.46,0.0,80.1,,g,,1997.171,2450511.8,3.678
333.91364583,-9.68348333,J221539.2-094100,FITS,22 15 39.275,-09 41 00.54,0.125,1.03,0.71,0.132,0.0,0.0,61.4,,,,1997.203,2450523.7,15.228
34.61142917,-9.68352222,J021826.7-094100,FITS,02 18 26.743,-09 41 00.68,0.014,6.47,6.77,0.193,2.06,0.0,27.9,,,,1997.172,2450512.3,3.579
0.11814167,-9.68355278,J000028.3-094100,FITS,00 00 28.354,-09 41 00.79,0.014,2.06,1.93,0.149,0.0,0.0,43.9,,g,,1997.178,2450514.5,11.538
342.10528333,-9.68368889,J224825.2-094101,FITS,22 48 25.268,-09 41 01.28,0.014,3.08,2.81,0.147,2.31,0.0,71.0,,,,1997.267,2450547.0,6.644
20.094775,-9.68380556,J012022.7-094101,FITS,01 20 22.746,-09 41 01.70,0.014,2.59,2.04,0.149,0.0,0.0,84.7,,,,1997.173,2450512.7,3.415
332.38615833,-9.68384722,J220932.6-094101,FITS,22 09 32.678,-09 41 01.85,0.063,1.16,0.66,0.159,0.0,0.0,114.7,,,,1997.171,2450511.7,2.261
34.48314583,-9.68423611,J021755.9-094103,FITS,02 17 55.955,-09 41 03.25,0.094,1.49,1.49,0.191,3.55,0.0,81.0,,g,,1997.171,2450511.8,3.714
37.90234167,-9.68424167,J023136.5-094103,FITS,02 31 36.562,-09 41 03.27,0.212,1.27,1.08,0.148,2.16,0.0,34.6,,g,,1997.178,2450514.6,2.039
34.00291667,-9.68441944,J021600.7-094103,FITS,02 16 00.700,-09 41 03.91,0.429,1.1,0.7,0.156,1.89,0.0,108.6,,,,1997.176,2450513.8,2.437
5.58125833,-9.68444444,J002219.5-094104,FITS,00 22 19.502,-09 41 04.00,0.304,1.01,0.94,0.146,4.51,0.0,96.0,,g,,1997.178,2450514.4,2.096
341.1311375,-9.68469444,J224431.4-094104,FITS,22 44 31.473,-09 41 04.90,0.029,1.22,1.03,0.151,2.35,0.0,82.9,,g,,1997.265,2450546.4,7.875
31.46359167,-9.68474722,J020551.2-094105,FITS,02 05 51.262,-09 41 05.09,0.014,3.52,3.88,0.146,2.73,0.0,110.2,,g,,1997.171,2450511.8,3.719
19.16985417,-9.68490556,J011640.7-094105,FITS,01 16 40.765,-09 41 05.66,0.353,1.01,0.82,0.148,0.0,0.0,119.8,,,,1997.178,2450514.4,2.092
332.62038333,-9.68491111,J221028.8-094105,FITS,22 10 28.892,-09 41 05.68,0.014,1.34,1.04,0.144,0.0,0.0,111.9,,,,1997.178,2450514.4,2.061
358.8600875,-9.684975,J235526.4-094105,FITS,23 55 26.421,-09 41 05.91,0.014,67.09,67.76,0.147,1.14,0.0,172.2,,g,,1997.276,2450550.4,16.623
19.351125,-9.68524444,J011724.2-094106,FITS,01 17 24.270,-09 41 06.88,0.014,14.11,33.56,0.152,10.73,3.16,46.7,,,,1997.173,2450512.7,3.474
343.33859167,-9.68525556,J225321.2-094106,FITS,22 53 21.262,-09 41 06.92,0.081,1.37,1.3,0.154,4.05,0.0,111.5,,,,1997.275,2450550.0,5.84
20.98765417,-9.68540278,J012357.0-094107,FITS,01 23 57.037,-09 41 07.45,0.014,14.59,14.82,0.137,1.13,0.0,36.8,,g,,1997.171,2450511.7,3.749
354.76254583,-9.68544444,J233903.0-094107,FITS,23 39 03.011,-09 41 07.60,0.014,3.6,3.99,0.143,2.71,1.06,18.6,,,,1997.183,2450516.3,15.645
350.0480125,-9.68547222,J232011.5-094107,FITS,23 20 11.523,-09 41 07.70,0.797,1.11,0.54,0.157,0.0,0.0,83.3,,s,,1997.28,2450551.7,5.931
36.25712917,-9.68563056,J022501.7-094108,FITS,02 25 01.711,-09 41 08.27,0.347,1.25,1.15,0.155,3.13,0.0,25.2,,g,,1997.176,2450513.8,2.41
19.34476667,-9.68565278,J011722.7-094108,FITS,01 17 22.744,-09 41 08.35,0.014,5.85,6.45,0.15,2.59,0.0,66.3,,,,1997.173,2450512.7,3.444
34.2175625,-9.68576667,J021652.2-094108,FITS,02 16 52.215,-09 41 08.76,0.014,19.78,19.9,0.162,0.66,0.17,12.7,,g,,1997.177,2450514.1,2.292
30.34773333,-9.68578611,J020123.4-094108,FITS,02 01 23.456,-09 41 08.83,0.014,2.12,1.86,0.15,0.92,0.0,68.9,,,,1997.178,2450514.6,2.02
6.394725,-9.68580278,J002534.7-094108,FITS,00 25 34.734,-09 41 08.89,0.014,2.19,1.47,0.145,0.0,0.0,128.0,,,,1997.178,2450514.5,1.996
39.73325,-9.68592778,J023855.9-094109,FITS,02 38 55.980,-09 41 09.34,0.014,2.17,2.12,0.158,1.38,0.0,131.6,,,,1997.167,2450510.5,0.0
339.94755,-9.68596111,J223947.4-094109,FITS,22 39 47.412,-09 41 09.46,0.76,1.03,0.44,0.155,0.0,0.0,84.2,,g,,1997.276,2450550.3,7.829
14.22359167,-9.68627778,J005653.6-094110,FITS,00 56 53.662,-09 41 10.60,0.014,7.25,8.89,0.145,4.55,0.0,150.0,,,,1997.171,2450511.8,3.772
36.23820417,-9.68638056,J022457.1-094110,FITS,02 24 57.169,-09 41 10.97,0.877,1.07,1.21,0.157,7.79,0.0,112.5,,,,1997.176,2450513.6,2.48
349.10682083,-9.68642778,J231625.6-094111,FITS,23 16 25.637,-09 41 11.14,0.284,1.09,0.61,0.144,0.0,0.0,80.7,,g,,1997.29,2450555.4,4.163
334.85453333,-9.68663611,J221925.0-094111,FITS,22 19 25.088,-09 41 11.89,0.567,1.01,0.61,0.144,0.0,0.0,98.1,,,,1997.192,2450519.6,10.461
15.58832917,-9.686825,J010221.1-094112,FITS,01 02 21.199,-09 41 12.57,0.717,1.06,0.63,0.153,0.0,0.0,66.3,,,,1997.173,2450512.8,3.429
0.31751667,-9.68710833,J000116.2-094113,FITS,00 01 16.204,-09 41 13.59,0.014,2.49,1.69,0.147,0.0,0.0,119.5,,s,,1997.178,2450514.3,2.118
28.5708375,-9.68722222,J015417.0-094114,FITS,01 54 17.001,-09 41 14.00,0.257,1.15,0.49,0.147,0.0,0.0,74.6,,g,,1997.171,2450512.1,3.753
339.37849583,-9.68738333,J223730.8-094114,FITS,22 37 30.839,-09 41 14.58,0.357,1.1,0.63,0.146,0.0,0.0,32.1,,,,1997.29,2450555.3,4.301
33.78571667,-9.68745278,J021508.5-094114,FITS,02 15 08.572,-09 41 14.83,0.014,1.54,1.43,0.145,0.99,0.0,52.0,,g,,1997.171,2450511.9,3.8
348.4508,-9.687575,J231348.1-094115,FITS,23 13 48.192,-09 41 15.27,0.014,30.0,30.54,0.149,0.85,0.72,41.7,,s,,1997.288,2450554.7,4.829
335.91155,-9.68775,J222338.7-094115,FITS,22 23 38.772,-09 41 15.90,0.014,16.82,33.81,0.148,9.14,1.67,109.1,,g,,1997.245,2450539.1,11.481
1.88893333,-9.68793889,J000733.3-094116,FITS,00 07 33.344,-09 41 16.58,0.212,1.26,0.82,0.145,0.0,0.0,72.7,,,,1997.178,2450514.5,1.949
341.2413375,-9.68801944,J224457.9-094116,FITS,22 44 57.921,-09 41 16.87,0.014,1.49,1.26,0.144,2.04,0.0,45.6,,g,,1997.258,2450543.6,6.905
340.9248,-9.68804722,J224341.9-094116,FITS,22 43 41.952,-09 41 16.97,0.06,1.11,0.99,0.147,3.78,0.0,113.5,,,,1997.289,2450555.1,4.469
349.98140417,-9.68805,J231955.5-094116,FITS,23 19 55.537,-09 41 16.98,0.203,1.62,0.93,0.153,0.0,0.0,97.2,,g,,1997.286,2450554.0,5.262
35.33969167,-9.68847222,J022121.5-094118,FITS,02 21 21.526,-09 41 18.50,0.098,1.22,1.04,0.147,5.38,0.0,75.4,,,,1997.172,2450512.2,3.751
13.88279167,-9.68854444,J005531.8-094118,FITS,00 55 31.870,-09 41 18.76,0.211,1.16,0.75,0.148,0.0,0.0,132.8,,,,1997.178,2450514.6,1.922
349.9858375,-9.68861944,J231956.6-094119,FITS,23 19 56.601,-09 41 19.03,0.528,1.57,0.88,0.154,0.0,0.0,53.5,,,,1997.286,2450553.9,5.316
8.85765417,-9.68888889,J003525.8-094120,FITS,00 35 25.837,-09 41 20.00,0.662,1.1,0.57,0.156,0.0,0.0,71.2,,,,1997.173,2450512.7,3.575
337.57404167,-9.68896667,J223017.7-094120,FITS,22 30 17.770,-09 41 20.28,0.014,11.63,12.27,0.156,2.0,0.0,77.6,,,,1997.261,2450544.7,7.598
350.56390417,-9.68900556,J232215.3-094120,FITS,23 22 15.337,-09 41 20.42,0.257,1.05,0.72,0.147,2.06,0.0,87.2,,,,1997.289,2450555.0,4.594
16.13124167,-9.68904722,J010431.4-094120,FITS,01 04 31.498,-09 41 20.57,0.102,1.17,1.0,0.146,2.82,0.0,100.8,,,,1997.178,2450514.6,1.91
354.75223333,-9.68951389,J233900.5-094122,FITS,23 39 00.536,-09 41 22.25,0.014,1.89,2.54,0.144,4.49,1.73,77.8,,,,1997.183,2450516.4,15.738
352.791175,-9.68967778,J233109.8-094122,FITS,23 31 09.882,-09 41 22.84,0.58,1.31,0.79,0.197,0.0,0.0,74.8,,g,,1997.28,2450551.7,13.154
0.0144875,-9.68972778,J000003.4-094123,FITS,00 00 03.477,-09 41 23.02,0.366,1.02,0.64,0.145,0.0,0.0,22.2,,,,1997.18,2450515.1,14.112
23.17142917,-9.69019444,J013241.1-094124,FITS,01 32 41.143,-09 41 24.70,0.014,2.68,2.32,0.15,0.0,0.0,77.6,,g,,1997.172,2450512.2,3.819
336.7642125,-9.690575,J222703.4-094126,FITS,22 27 03.411,-09 41 26.07,0.014,1.72,1.77,0.177,3.69,0.0,42.8,,,,1997.253,2450541.8,8.535
29.3221375,-9.69061389,J015717.3-094126,FITS,01 57 17.313,-09 41 26.21,0.381,1.0,1.03,0.149,6.19,0.0,136.9,,,,1997.172,2450512.2,3.844
19.838275,-9.69064444,J011921.1-094126,FITS,01 19 21.186,-09 41 26.32,0.509,1.06,0.77,0.148,1.68,0.0,93.6,,,,1997.178,2450514.5,1.99
28.8462875,-9.6907,J015523.1-094126,FITS,01 55 23.109,-09 41 26.52,0.016,1.22,1.16,0.149,4.99,0.0,87.4,,g,,1997.178,2450514.6,1.96
332.71050833,-9.69087222,J221050.5-094127,FITS,22 10 50.522,-09 41 27.14,0.014,2.61,1.95,0.148,0.0,0.0,90.0,,g,,1997.177,2450514.1,2.212
2.115725,-9.69092778,J000827.7-094127,FITS,00 08 27.774,-09 41 27.34,0.014,1.73,1.23,0.151,0.0,0.0,101.6,,g,,1997.179,2450515.0,11.785
30.34485,-9.69150556,J020122.7-094129,FITS,02 01 22.764,-09 41 29.42,0.838,1.02,0.81,0.149,3.01,0.0,94.0,,,,1997.178,2450514.6,1.954
23.2084,-9.69151667,J013250.0-094129,FITS,01 32 50.016,-09 41 29.46,0.506,1.06,0.82,0.148,4.89,0.0,111.3,,s,,1997.171,2450512.0,3.915
334.83890417,-9.69174167,J221921.3-094130,FITS,22 19 21.337,-09 41 30.27,0.014,4.29,3.92,0.143,0.0,0.0,99.6,,g,,1997.192,2450519.7,10.549
33.27764167,-9.69185556,J021306.6-094130,FITS,02 13 06.634,-09 41 30.68,0.13,1.14,0.76,0.154,0.0,0.0,107.0,,g,,1997.177,2450514.2,2.258
6.17042083,-9.69191389,J002440.9-094130,FITS,00 24 40.901,-09 41 30.89,0.877,1.07,0.82,0.155,0.0,0.0,0.4,,g,,1997.179,2450514.8,10.362
332.9722875,-9.69195,J221153.3-094131,FITS,22 11 53.349,-09 41 31.02,0.793,1.09,0.8,0.155,3.82,0.0,133.6,,,,1997.167,2450510.6,1.191
339.59362083,-9.69200833,J223822.4-094131,FITS,22 38 22.469,-09 41 31.23,0.014,2.96,2.93,0.156,2.38,0.0,116.8,,,,1997.27,2450548.1,8.479
35.73134167,-9.69236111,J022255.5-094132,FITS,02 22 55.522,-09 41 32.50,0.528,1.15,0.77,0.153,0.0,0.0,113.0,,g,,1997.177,2450514.1,2.299
337.454725,-9.69244167,J222949.1-094132,FITS,22 29 49.134,-09 41 32.79,0.014,5.14,5.16,0.209,1.85,0.0,70.9,,g,,1997.25,2450540.8,9.753
353.928125,-9.69252778,J233542.7-094133,FITS,23 35 42.750,-09 41 33.10,0.014,1.95,1.26,0.147,0.0,0.0,90.9,,g,,1997.193,2450520.1,19.077
16.62739583,-9.69253333,J010630.5-094133,FITS,01 06 30.575,-09 41 33.12,0.014,1.84,1.92,0.153,4.69,0.0,94.4,,,,1997.173,2450512.6,3.721
22.65236667,-9.69256944,J013036.5-094133,FITS,01 30 36.568,-09 41 33.25,0.744,1.04,0.61,0.158,0.0,0.0,88.7,,s,,1997.174,2450512.9,3.58
336.07044167,-9.69271111,J222416.9-094133,FITS,22 24 16.906,-09 41 33.76,0.5,1.01,0.57,0.147,0.0,0.0,113.4,,,,1997.247,2450539.7,10.842
15.880625,-9.69286389,J010331.3-094134,FITS,01 03 31.350,-09 41 34.31,0.693,1.03,0.65,0.152,3.04,0.0,108.5,,,,1997.173,2450512.7,3.712
337.86370417,-9.69288333,J223127.2-094134,FITS,22 31 27.289,-09 41 34.38,0.014,1.85,1.42,0.146,0.67,0.0,127.8,,,,1997.291,2450555.6,3.924
350.01541667,-9.692925,J232003.7-094134,FITS,23 20 03.700,-09 41 34.53,0.014,239.09,247.79,0.157,1.35,0.89,22.5,,g,,1997.284,2450553.0,5.653
24.63978333,-9.69314722,J013833.5-094135,FITS,01 38 33.548,-09 41 35.33,0.135,1.63,1.06,0.163,0.0,0.0,9.4,,g,,1997.173,2450512.5,3.805
11.290175,-9.69321111,J004509.6-094135,FITS,00 45 09.642,-09 41 35.56,0.18,1.12,0.88,0.144,3.3,0.0,89.7,,g,,1997.171,2450512.0,3.967
351.30934167,-9.69324722,J232514.2-094135,FITS,23 25 14.242,-09 41 35.69,0.014,31.5,32.4,0.144,1.2,0.71,133.3,,g,,1997.285,2450553.6,9.858
15.90199167,-9.69350278,J010336.4-094136,FITS,01 03 36.478,-09 41 36.61,0.523,1.05,0.81,0.154,3.32,0.0,77.1,,,,1997.174,2450512.9,3.598
351.7073875,-9.69355556,J232649.7-094136,FITS,23 26 49.773,-09 41 36.80,0.014,1.99,1.8,0.144,2.36,0.0,27.7,,g,,1997.268,2450547.3,4.506
34.94808333,-9.69358056,J021947.5-094136,FITS,02 19 47.540,-09 41 36.89,0.014,1.51,0.91,0.149,0.0,0.0,61.5,,,,1997.178,2450514.4,2.115
357.66259167,-9.69364722,J235039.0-094137,FITS,23 50 39.022,-09 41 37.13,0.436,1.05,0.43,0.149,0.0,0.0,76.8,,,,1997.197,2450521.6,20.011
4.81911667,-9.69368056,J001916.5-094137,FITS,00 19 16.588,-09 41 37.25,0.034,2.93,4.5,0.372,6.04,1.79,63.6,,,,1997.178,2450514.4,2.033
0.4565,-9.6938,J000149.5-094137,FITS,00 01 49.560,-09 41 37.68,0.014,2.74,2.33,0.148,2.38,0.0,69.2,,g,,1997.177,2450514.2,2.156
26.26378333,-9.69403889,J014503.3-094138,FITS,01 45 03.308,-09 41 38.54,0.014,2.18,12.31,0.149,22.1,6.53,172.3,,g,,1997.171,2450511.8,4.039
14.02571667,-9.69411944,J005606.1-094138,FITS,00 56 06.172,-09 41 38.83,0.014,2.1,2.17,0.155,3.12,0.0,84.2,,,,1997.176,2450513.7,2.969
37.36200833,-9.69423056,J022926.8-094139,FITS,02 29 26.882,-09 41 39.23,0.014,5.18,6.9,0.154,4.99,1.75,0.7,,,,1998.053,2450833.7,1149.185
339.20759583,-9.69434444,J223649.8-094139,FITS,22 36 49.823,-09 41 39.64,0.713,1.09,0.67,0.156,0.3,0.0,79.2,,,,1997.278,2450550.9,7.941
16.50656667,-9.69439444,J010601.5-094139,FITS,01 06 01.576,-09 41 39.82,0.102,1.15,1.14,0.146,2.64,0.0,139.7,,g,,1997.171,2450511.9,4.032
34.04467917,-9.69465556,J021610.7-094140,FITS,02 16 10.723,-09 41 40.76,0.058,1.26,0.84,0.151,0.0,0.0,99.2,,,,1997.178,2450514.4,2.141
345.38045833,-9.69474167,J230131.3-094141,FITS,23 01 31.310,-09 41 41.07,0.014,9.29,12.17,0.146,3.74,2.79,153.1,,,,1997.291,2450555.7,3.822
25.0725125,-9.69492778,J014017.4-094141,FITS,01 40 17.403,-09 41 41.74,0.501,1.43,1.07,0.23,1.45,0.0,71.5,,,,1997.178,2450514.5,2.002
336.45902083,-9.69498889,J222550.1-094141,FITS,22 25 50.165,-09 41 41.96,0.094,1.19,0.76,0.147,1.07,0.0,105.2,,,,1997.197,2450521.4,12.028
330.02702917,-9.69518333,J220006.4-094142,FITS,22 00 06.487,-09 41 42.66,0.016,5.02,5.83,0.159,2.63,1.94,77.8,,,,1997.167,2450510.3,0.0
347.00966667,-9.69518333,J230802.3-094142,FITS,23 08 02.320,-09 41 42.66,0.565,1.04,0.57,0.154,0.0,0.0,111.4,,g,,1997.284,2450553.3,5.555
352.70989167,-9.69519722,J233050.3-094142,FITS,23 30 50.374,-09 41 42.71,0.06,2.48,2.48,0.192,1.69,0.0,38.8,,s,,1997.277,2450550.7,10.653
14.02804167,-9.69521667,J005606.7-094142,FITS,00 56 06.730,-09 41 42.78,0.014,2.9,5.0,0.155,8.78,0.0,104.6,,s,,1997.176,2450513.7,2.997
347.99915833,-9.69523611,J231159.7-094142,FITS,23 11 59.798,-09 41 42.85,0.709,1.04,0.58,0.147,0.0,0.0,56.6,,,,1997.267,2450546.9,4.143
350.53200417,-9.69541944,J232207.6-094143,FITS,23 22 07.681,-09 41 43.51,0.014,25.4,31.6,0.149,3.41,2.4,27.6,,,,1997.288,2450554.5,4.926
31.84339167,-9.69565,J020722.4-094144,FITS,02 07 22.414,-09 41 44.34,0.272,1.04,0.87,0.149,1.9,0.0,84.3,,g,,1997.179,2450514.7,1.905
11.71399167,-9.695675,J004651.3-094144,FITS,00 46 51.358,-09 41 44.43,0.666,1.02,0.78,0.15,2.58,0.0,22.3,,,,1997.177,2450514.2,2.176
340.131325,-9.69593889,J224031.5-094145,FITS,22 40 31.518,-09 41 45.38,0.436,1.0,0.63,0.145,0.0,0.0,62.7,,,,1997.291,2450555.7,3.796
3.36699167,-9.69597222,J001328.0-094145,FITS,00 13 28.078,-09 41 45.50,0.195,1.9,8.16,0.193,22.48,3.1,21.2,,,,1997.179,2450514.7,1.821
19.34165,-9.69605833,J011721.9-094145,FITS,01 17 21.996,-09 41 45.81,0.014,18.03,38.38,0.153,8.46,3.94,49.7,,,,1997.174,2450513.1,3.589
336.47395417,-9.69615,J222553.7-094146,FITS,22 25 53.749,-09 41 46.14,0.094,1.19,0.81,0.149,0.0,0.0,60.5,,g,,1997.199,2450522.2,12.563
31.46210833,-9.6962,J020550.9-094146,FITS,02 05 50.906,-09 41 46.32,0.176,1.07,1.04,0.148,6.81,0.0,46.8,,g,,1997.172,2450512.1,4.059
355.39030833,-9.69641667,J234133.6-094147,FITS,23 41 33.674,-09 41 47.10,0.014,1.97,1.72,0.146,0.91,0.0,116.1,,,,1997.205,2450524.2,21.386
350.5340875,-9.69659722,J232208.1-094147,FITS,23 22 08.181,-09 41 47.75,0.014,24.86,26.93,0.149,2.25,0.51,114.5,,s,,1997.288,2450554.6,4.87
23.73782917,-9.69663333,J013457.0-094147,FITS,01 34 57.079,-09 41 47.88,0.204,1.81,1.87,0.201,6.81,0.0,114.4,,,,1997.177,2450514.0,2.297
345.8502875,-9.69671389,J230324.0-094148,FITS,23 03 24.069,-09 41 48.17,0.014,1.2,0.87,0.149,2.95,0.0,98.3,,,,1997.271,2450548.5,5.317
11.80619583,-9.69673889,J004713.4-094148,FITS,00 47 13.487,-09 41 48.26,0.014,19.27,24.03,0.156,4.24,0.0,96.6,,g,,1997.175,2450513.4,3.294
356.067025,-9.696875,J234416.0-094148,FITS,23 44 16.086,-09 41 48.75,0.014,18.47,25.24,0.154,5.61,1.11,163.8,,,,1997.232,2450534.3,23.453
333.81922917,-9.69695556,J221516.6-094149,FITS,22 15 16.615,-09 41 49.04,0.014,26.95,28.09,0.116,1.44,0.85,59.0,,,,1997.21,2450526.1,16.809
6.193475,-9.69704167,J002446.4-094149,FITS,00 24 46.434,-09 41 49.35,0.014,42.28,45.4,0.155,1.71,1.47,23.2,,s,,1997.179,2450515.0,9.654
334.91232083,-9.69710556,J221938.9-094149,FITS,22 19 38.957,-09 41 49.58,0.014,2.77,2.79,0.142,3.41,0.0,109.0,,,,1997.191,2450519.4,10.244
5.72861667,-9.69713056,J002254.8-094149,FITS,00 22 54.868,-09 41 49.67,0.18,1.27,0.72,0.15,0.0,0.0,109.7,,,,1997.177,2450514.1,2.242
343.617875,-9.69733611,J225428.2-094150,FITS,22 54 28.290,-09 41 50.41,0.372,1.02,0.46,0.152,0.0,0.0,84.6,,,,1997.273,2450549.0,5.55
15.11335,-9.69750556,J010027.2-094151,FITS,01 00 27.204,-09 41 51.02,0.014,2.4,2.4,0.153,3.07,0.0,83.7,,g,,1997.173,2450512.6,3.893
333.394625,-9.69751667,J221334.7-094151,FITS,22 13 34.710,-09 41 51.06,0.084,1.04,0.8,0.14,3.81,0.0,132.1,,,,1997.184,2450516.7,7.31
33.5987125,-9.697525,J021423.6-094151,FITS,02 14 23.691,-09 41 51.09,0.014,3.11,2.87,0.158,1.9,0.0,28.1,,g,,1997.174,2450513.1,3.67
26.26387917,-9.69762222,J014503.3-094151,FITS,01 45 03.331,-09 41 51.44,0.014,5.94,18.57,0.147,11.05,6.47,18.2,,,,1997.172,2450512.1,4.128
35.63322917,-9.69766667,J022231.9-094151,FITS,02 22 31.975,-09 41 51.60,0.73,1.01,0.82,0.147,5.55,0.0,73.8,,,,1997.179,2450514.8,1.798
350.049275,-9.69780278,J232011.8-094152,FITS,23 20 11.826,-09 41 52.09,0.721,1.1,1.06,0.156,2.21,0.0,91.2,,,,1997.281,2450552.1,5.885
346.82482083,-9.69790278,J230717.9-094152,FITS,23 07 17.957,-09 41 52.45,0.094,1.16,1.15,0.144,5.02,0.0,90.4,,,,1997.29,2450555.4,4.234
332.18898333,-9.69804167,J220845.3-094152,FITS,22 08 45.356,-09 41 52.95,0.479,1.14,0.97,0.166,4.43,0.0,83.4,,,,1997.167,2450510.3,0.0
339.00880833,-9.69805556,J223602.1-094153,FITS,22 36 02.114,-09 41 53.00,0.714,1.0,0.79,0.148,3.38,0.0,60.1,,,,1997.256,2450543.0,7.364
17.07338333,-9.69809167,J010817.6-094153,FITS,01 08 17.612,-09 41 53.13,0.014,1.28,1.03,0.149,0.0,0.0,120.6,,g,,1997.175,2450513.3,3.469
34.19962083,-9.69823889,J021647.9-094153,FITS,02 16 47.909,-09 41 53.66,0.014,1.52,2.43,0.156,9.84,0.0,80.6,,g,,1997.178,2450514.4,2.071
18.566275,-9.69851389,J011415.9-094154,FITS,01 14 15.906,-09 41 54.65,0.014,12.24,12.79,0.153,1.94,0.0,147.4,,g,,1997.175,2450513.4,3.407
3.84645833,-9.6986,J001523.1-094154,FITS,00 15 23.150,-09 41 54.96,0.585,1.03,0.63,0.151,0.0,0.0,55.8,,g,,1997.181,2450515.7,13.626
332.20316667,-9.69872778,J220848.7-094155,FITS,22 08 48.760,-09 41 55.42,0.014,2.37,2.12,0.164,1.9,0.0,86.6,,,,1997.167,2450510.3,0.0
15.13490417,-9.69896389,J010032.3-094156,FITS,01 00 32.377,-09 41 56.27,0.877,1.06,1.16,0.156,3.94,0.0,88.5,,,,1997.174,2450512.9,3.809
332.278275,-9.698975,J220906.7-094156,FITS,22 09 06.786,-09 41 56.31,0.492,1.04,0.61,0.156,0.0,0.0,56.1,,,,1997.167,2450510.6,1.237
329.938475,-9.69899722,J215945.2-094156,FITS,21 59 45.234,-09 41 56.39,0.319,1.15,0.54,0.165,0.0,0.0,64.8,,,,1997.167,2450510.3,0.0
351.53968333,-9.69916111,J232609.5-094156,FITS,23 26 09.524,-09 41 56.98,0.365,1.08,0.74,0.152,3.76,0.0,65.8,,,,1997.28,2450551.7,8.45
337.96672083,-9.69926389,J223152.0-094157,FITS,22 31 52.013,-09 41 57.35,0.359,1.03,0.58,0.148,0.0,0.0,37.1,,g,,1997.288,2450554.6,4.828
333.98537917,-9.69946667,J221556.4-094158,FITS,22 15 56.491,-09 41 58.08,0.014,1.68,3.02,0.142,7.28,2.87,53.4,,,,1997.194,2450520.2,12.119
29.20385417,-9.69952222,J015648.9-094158,FITS,01 56 48.925,-09 41 58.28,0.46,1.0,1.08,0.148,2.96,0.0,89.5,,s,,1997.172,2450512.3,4.144
350.53436667,-9.69962222,J232208.2-094158,FITS,23 22 08.248,-09 41 58.64,0.014,38.77,44.46,0.149,3.09,1.18,147.4,,g,,1997.288,2450554.7,4.804
11.211475,-9.69966944,J004450.7-094158,FITS,00 44 50.754,-09 41 58.81,0.014,5.43,5.94,0.145,2.71,0.69,178.3,,g,,1997.172,2450512.2,4.161
30.18455833,-9.69988611,J020044.2-094159,FITS,02 00 44.294,-09 41 59.59,0.563,1.06,0.82,0.157,3.85,0.0,64.2,,,,1997.175,2450513.4,3.416
332.985225,-9.70016111,J221156.4-094200,FITS,22 11 56.454,-09 42 00.58,0.877,1.15,0.84,0.158,3.76,0.0,101.3,,,,1997.167,2450510.6,1.102
6.3094625,-9.70024444,J002514.2-094200,FITS,00 25 14.271,-09 42 00.88,0.014,17.52,18.24,0.145,1.64,0.0,111.3,,,,1997.178,2450514.5,2.002
16.93306667,-9.70025,J010743.9-094200,FITS,01 07 43.936,-09 42 00.90,0.504,1.07,0.64,0.144,0.0,0.0,66.1,,s,,1997.178,2450514.5,1.962
11.53158333,-9.700275,J004607.5-094200,FITS,00 46 07.580,-09 42 00.99,0.586,1.03,3.42,0.15,13.26,4.93,102.7,,g,,1997.177,2450514.2,2.155
342.33838333,-9.70031944,J224921.2-094201,FITS,22 49 21.212,-09 42 01.15,0.2,1.43,1.73,0.146,4.52,0.0,63.9,,,,1997.291,2450555.6,3.999
334.91485,-9.70035,J221939.5-094201,FITS,22 19 39.564,-09 42 01.26,0.134,1.07,1.29,0.142,6.82,0.0,142.7,,g,,1997.191,2450519.2,10.118
37.8803375,-9.70050833,J023131.2-094201,FITS,02 31 31.281,-09 42 01.83,0.014,1.42,1.7,0.146,6.15,0.0,115.6,,,,1997.179,2450514.8,1.75
358.29452917,-9.70058889,J235310.6-094202,FITS,23 53 10.687,-09 42 02.12,0.802,1.07,0.86,0.155,2.99,0.0,100.9,,g,,1997.243,2450538.3,23.021
337.6682875,-9.70070833,J223040.3-094202,FITS,22 30 40.389,-09 42 02.55,0.132,1.21,0.86,0.163,0.76,0.0,63.5,,g,,1997.272,2450548.8,8.855
339.7147375,-9.70075278,J223851.5-094202,FITS,22 38 51.537,-09 42 02.71,0.014,10.93,10.9,0.145,0.88,0.0,42.7,,,,1997.258,2450543.5,7.868
31.26289583,-9.70080556,J020503.0-094202,FITS,02 05 03.095,-09 42 02.90,0.197,1.38,4.92,0.158,15.94,3.62,74.2,,,,1997.176,2450513.8,2.396
31.27287083,-9.70086389,J020505.4-094203,FITS,02 05 05.489,-09 42 03.11,0.014,5.05,15.7,0.157,11.66,5.42,73.8,,,,1997.177,2450514.0,2.955
31.26827917,-9.70103056,J020504.3-094203,FITS,02 05 04.387,-09 42 03.71,0.014,4.83,4.62,0.156,1.35,0.0,88.6,,,,1997.177,2450514.0,2.903
358.48742083,-9.70127778,J235356.9-094204,FITS,23 53 56.981,-09 42 04.60,0.865,1.0,0.63,0.145,0.0,0.0,64.4,,,,1997.188,2450518.0,17.338
335.10437083,-9.70130278,J222025.0-094204,FITS,22 20 25.049,-09 42 04.69,0.259,1.23,0.68,0.152,0.0,0.0,149.3,,s,,1997.23,2450533.5,14.117
31.265475,-9.70130556,J020503.7-094204,FITS,02 05 03.714,-09 42 04.70,0.434,1.1,0.92,0.156,0.0,0.0,80.2,,,,1997.177,2450514.0,2.871
358.58049583,-9.70138611,J235419.3-094204,FITS,23 54 19.319,-09 42 04.99,0.793,1.02,0.5,0.148,0.0,0.0,135.0,,,,1997.198,2450521.9,20.241
334.91642083,-9.70148056,J221939.9-094205,FITS,22 19 39.941,-09 42 05.33,0.129,1.15,0.69,0.142,0.0,0.0,21.2,,s,,1997.191,2450519.2,10.097
351.87334167,-9.70157222,J232729.6-094205,FITS,23 27 29.602,-09 42 05.66,0.428,1.07,0.56,0.151,0.0,0.0,94.2,,,,1997.274,2450549.4,5.664
18.42057083,-9.70185,J011340.9-094206,FITS,01 13 40.937,-09 42 06.66,0.719,1.01,0.78,0.146,4.29,0.0,54.1,,,,1997.178,2450514.6,1.883
355.17079583,-9.70195278,J234040.9-094207,FITS,23 40 40.991,-09 42 07.03,0.014,1.52,1.18,0.145,3.05,0.0,32.1,,g,,1997.277,2450550.8,16.189
354.543775,-9.70195556,J233810.5-094207,FITS,23 38 10.506,-09 42 07.04,0.014,23.56,24.23,0.155,1.43,0.45,173.7,,s,,1997.244,2450538.6,22.957
26.53532083,-9.70198333,J014608.4-094207,FITS,01 46 08.477,-09 42 07.14,0.014,7.25,7.42,0.153,1.99,0.0,84.2,,,,1997.178,2450514.3,2.116
30.32914167,-9.70200278,J020118.9-094207,FITS,02 01 18.994,-09 42 07.21,0.272,1.23,0.93,0.148,3.47,0.0,86.3,,,,1997.179,2450514.7,1.885
358.975275,-9.70204444,J235554.0-094207,FITS,23 55 54.066,-09 42 07.36,0.014,6.19,5.93,0.149,0.0,0.0,74.5,,,,1997.267,2450546.9,19.447
350.53604583,-9.70212222,J232208.6-094207,FITS,23 22 08.651,-09 42 07.64,0.014,4.48,10.25,0.148,10.66,2.94,144.8,,,,1997.289,2450554.8,4.726
356.5981875,-9.702125,J234623.5-094207,FITS,23 46 23.565,-09 42 07.65,0.014,6.93,7.53,0.146,2.57,0.0,134.3,,,,1997.28,2450551.6,15.263
22.04662917,-9.70236389,J012811.1-094208,FITS,01 28 11.191,-09 42 08.51,0.014,6.73,6.68,0.146,0.99,0.0,14.3,,g,,1997.178,2450514.4,2.047
3.58535417,-9.70237222,J001420.4-094208,FITS,00 14 20.485,-09 42 08.54,0.132,1.49,1.26,0.163,2.43,0.0,97.8,,,,1997.181,2450515.6,11.627
28.80785833,-9.7024,J015513.8-094208,FITS,01 55 13.886,-09 42 08.64,0.237,1.06,0.59,0.149,0.0,0.0,85.7,,,,1997.178,2450514.5,1.985
345.38747083,-9.70246944,J230132.9-094208,FITS,23 01 32.993,-09 42 08.89,0.014,2.3,3.2,0.145,6.38,0.0,78.0,,,,1997.291,2450555.9,3.676
11.21088333,-9.70248889,J004450.6-094208,FITS,00 44 50.612,-09 42 08.96,0.55,1.06,0.92,0.145,2.33,0.0,90.8,,,,1997.172,2450512.3,4.244
28.83066667,-9.70255,J015519.3-094209,FITS,01 55 19.360,-09 42 09.18,0.381,1.0,1.09,0.147,6.84,0.0,89.8,,,,1997.179,2450514.7,1.871
344.39426667,-9.70261944,J225734.6-094209,FITS,22 57 34.624,-09 42 09.43,0.014,3.68,4.21,0.217,4.01,0.0,79.6,,g,,1997.276,2450550.1,5.858
351.37898333,-9.70264722,J232530.9-094209,FITS,23 25 30.956,-09 42 09.53,0.014,1.8,2.07,0.142,4.77,0.0,59.7,,,,1997.288,2450554.7,9.222
6.55350417,-9.70276111,J002612.8-094209,FITS,00 26 12.841,-09 42 09.94,0.014,13.67,13.79,0.152,0.83,0.0,114.8,,,,1997.18,2450515.3,9.919
9.80947917,-9.70278333,J003914.2-094210,FITS,00 39 14.275,-09 42 10.02,0.455,1.14,0.44,0.147,0.0,0.0,90.0,,,,1997.172,2450512.4,4.21
333.982675,-9.70282222,J221555.8-094210,FITS,22 15 55.842,-09 42 10.16,0.014,4.02,5.66,0.142,5.05,2.27,141.3,,g,,1997.194,2450520.2,12.064
349.84139167,-9.70291667,J231921.9-094210,FITS,23 19 21.934,-09 42 10.50,0.516,1.2,0.64,0.146,0.0,0.0,84.8,,g,,1997.291,2450555.7,3.896
11.7228375,-9.70293056,J004653.4-094210,FITS,00 46 53.481,-09 42 10.55,0.441,1.08,0.6,0.15,0.0,0.0,90.1,,,,1997.177,2450514.2,2.154
345.2412375,-9.70303611,J230057.8-094210,FITS,23 00 57.897,-09 42 10.93,0.793,1.04,0.8,0.155,0.0,0.0,71.7,,,,1997.285,2450553.6,5.44
27.711725,-9.70307778,J015050.8-094211,FITS,01 50 50.814,-09 42 11.08,0.495,1.01,0.77,0.15,3.58,0.0,63.7,,,,1997.172,2450512.3,4.263
31.51864167,-9.70311389,J020604.4-094211,FITS,02 06 04.474,-09 42 11.21,0.014,4.3,4.0,0.149,0.0,0.0,95.1,,,,1997.172,2450512.3,4.293
27.76489167,-9.703175,J015103.5-094211,FITS,01 51 03.574,-09 42 11.43,0.016,1.71,6.91,0.154,12.96,7.76,54.4,,g,,1997.172,2450512.1,4.345
5.79145833,-9.70348056,J002309.9-094212,FITS,00 23 09.950,-09 42 12.53,0.785,1.04,0.65,0.154,0.0,0.0,97.4,,g,,1997.18,2450515.2,9.3
29.2260625,-9.70354722,J015654.2-094212,FITS,01 56 54.255,-09 42 12.77,0.318,1.05,0.72,0.148,1.76,0.0,87.7,,,,1997.172,2450512.3,4.299
13.20275833,-9.70356667,J005248.6-094212,FITS,00 52 48.662,-09 42 12.84,0.725,1.07,0.39,0.148,0.0,0.0,86.2,,,,1997.178,2450514.4,2.029
337.2469,-9.70364444,J222859.2-094213,FITS,22 28 59.256,-09 42 13.12,0.032,6.44,6.85,0.481,2.61,0.0,170.2,,,,1997.202,2450523.2,13.174
11.6886625,-9.70376667,J004645.2-094213,FITS,00 46 45.279,-09 42 13.56,0.014,13.82,14.13,0.147,1.54,0.0,139.7,,s,,1997.178,2450514.5,1.951
31.18561667,-9.70392778,J020444.5-094214,FITS,02 04 44.548,-09 42 14.14,0.67,1.03,2.43,0.149,9.82,3.47,85.2,,g,,1997.178,2450514.6,1.933
27.44645417,-9.7041,J014947.1-094214,FITS,01 49 47.149,-09 42 14.76,0.014,3.77,3.36,0.15,0.0,0.0,53.7,,,,1997.178,2450514.5,1.989
37.84856667,-9.7042,J023123.6-094215,FITS,02 31 23.656,-09 42 15.12,0.014,10.93,11.54,0.145,1.62,1.0,67.2,,,,1997.179,2450514.8,1.773
15.11099167,-9.70435278,J010026.6-094215,FITS,01 00 26.638,-09 42 15.67,0.349,1.23,0.73,0.154,0.0,0.0,70.4,,,,1997.173,2450512.8,4.061
14.28234167,-9.70444444,J005707.7-094216,FITS,00 57 07.762,-09 42 16.00,0.014,1.88,1.91,0.148,3.6,0.0,89.6,,g,,1997.172,2450512.3,4.314
32.95820417,-9.70471944,J021149.9-094216,FITS,02 11 49.969,-09 42 16.99,0.014,1.6,1.26,0.15,0.0,0.0,120.5,,,,1997.172,2450512.4,4.305
338.20853333,-9.70475556,J223250.0-094217,FITS,22 32 50.048,-09 42 17.12,0.014,1.85,1.54,0.145,0.0,0.0,89.0,,g,,1997.257,2450543.5,8.166
347.82048333,-9.70491389,J231116.9-094217,FITS,23 11 16.916,-09 42 17.69,0.572,1.15,0.65,0.158,0.0,0.0,70.8,,,,1997.28,2450551.7,5.929
23.7282,-9.7052,J013454.7-094218,FITS,01 34 54.768,-09 42 18.72,0.67,1.31,0.93,0.199,3.46,0.0,59.7,,g,,1997.177,2450514.3,2.164
337.30099583,-9.70525278,J222912.2-094218,FITS,22 29 12.239,-09 42 18.91,0.014,6.91,8.75,0.429,3.6,2.35,42.7,,,,1997.215,2450527.9,14.471
335.57380833,-9.70537778,J222217.7-094219,FITS,22 22 17.714,-09 42 19.36,0.014,1.24,0.71,0.144,0.0,0.0,88.4,,g,,1997.191,2450519.3,10.193
17.16223333,-9.70540278,J010838.9-094219,FITS,01 08 38.936,-09 42 19.45,0.014,4.8,4.24,0.141,0.0,0.0,151.6,,g,,1997.173,2450512.6,4.189
13.316,-9.70550556,J005315.8-094219,FITS,00 53 15.840,-09 42 19.82,0.263,1.11,1.61,0.158,6.99,0.0,82.0,,g,,1997.176,2450513.6,3.456
28.34281667,-9.70569444,J015322.2-094220,FITS,01 53 22.276,-09 42 20.50,0.014,3.87,3.76,0.157,1.54,0.0,79.3,,g,,1997.175,2450513.4,3.75
9.47182917,-9.70577222,J003753.2-094220,FITS,00 37 53.239,-09 42 20.78,0.014,1.56,1.54,0.15,4.97,0.0,100.5,,g,,1997.177,2450514.3,2.12
35.97455833,-9.70577222,J022353.8-094220,FITS,02 23 53.894,-09 42 20.78,0.728,1.02,0.73,0.146,2.16,0.0,85.2,,g,,1998.715,2451075.6,1477.237
330.72807917,-9.70588333,J220254.7-094221,FITS,22 02 54.739,-09 42 21.18,0.014,3.58,3.49,0.163,2.75,0.0,87.7,,g,,1997.167,2450510.3,0.0
23.75154583,-9.70668611,J013500.3-094224,FITS,01 35 00.371,-09 42 24.07,0.55,1.4,1.13,0.2,4.31,0.0,42.1,,,,1997.177,2450514.0,2.293
350.9688625,-9.7067,J232352.5-094224,FITS,23 23 52.527,-09 42 24.12,0.014,2.23,1.93,0.146,1.02,0.0,75.1,,,,1997.269,2450547.6,4.716
13.3588875,-9.70671667,J005326.1-094224,FITS,00 53 26.133,-09 42 24.18,0.301,1.15,0.77,0.156,1.93,0.0,71.5,,,,1997.174,2450513.1,3.909
4.96079167,-9.70686667,J001950.5-094224,FITS,00 19 50.590,-09 42 24.72,0.014,9.73,12.59,0.372,4.47,1.89,172.1,,s,,1997.178,2450514.4,2.042
346.33085417,-9.70733889,J230519.4-094226,FITS,23 05 19.405,-09 42 26.42,0.701,1.09,0.48,0.156,0.0,0.0,105.3,,s,,1997.279,2450551.3,5.948
336.25513333,-9.70739167,J222501.2-094226,FITS,22 25 01.232,-09 42 26.61,0.014,8.58,9.46,0.151,3.48,0.0,30.7,,,,1997.201,2450522.8,12.936
347.32465833,-9.70739722,J230917.9-094226,FITS,23 09 17.918,-09 42 26.63,0.014,4.94,4.92,0.149,1.63,0.0,102.2,,g,,1997.271,2450548.3,5.194
26.06104167,-9.70760833,J014414.6-094227,FITS,01 44 14.650,-09 42 27.39,0.413,1.07,0.85,0.16,4.25,0.0,84.7,,,,1997.176,2450513.8,3.415
337.29699583,-9.70774722,J222911.2-094227,FITS,22 29 11.279,-09 42 27.89,0.014,7.71,13.99,0.435,5.84,4.61,83.8,,,,1997.213,2450527.3,14.361
13.26412917,-9.70779722,J005303.3-094228,FITS,00 53 03.391,-09 42 28.07,0.865,1.09,0.86,0.153,2.74,0.0,57.7,,,,1997.177,2450514.1,2.861
22.05670417,-9.70798333,J012813.6-094228,FITS,01 28 13.609,-09 42 28.74,0.014,8.02,7.97,0.144,0.88,0.0,98.5,,,,1997.178,2450514.6,1.928
37.19093333,-9.70806111,J022845.8-094229,FITS,02 28 45.824,-09 42 29.02,0.304,1.03,0.95,0.149,5.58,0.0,76.3,,g,,1997.178,2450514.6,1.913
15.9636625,-9.70826111,J010351.2-094229,FITS,01 03 51.279,-09 42 29.74,0.054,1.2,0.78,0.153,0.0,0.0,91.7,,g,,1997.177,2450513.9,3.145
36.2776125,-9.70838611,J022506.6-094230,FITS,02 25 06.627,-09 42 30.19,0.719,1.12,0.89,0.15,2.93,0.0,16.5,,,,1997.178,2450514.4,2.098
34.36522083,-9.70869167,J021727.6-094231,FITS,02 17 27.653,-09 42 31.29,0.014,3.09,3.43,0.192,2.94,0.0,108.2,,g,,1997.175,2450513.2,3.996
36.58547083,-9.70871111,J022620.5-094231,FITS,02 26 20.513,-09 42 31.36,0.163,1.34,0.81,0.155,0.0,0.0,72.0,,,,1998.114,2450856.2,1184.287
7.2314125,-9.70904722,J002855.5-094232,FITS,00 28 55.539,-09 42 32.57,0.014,3.71,8.44,0.149,12.11,0.0,41.4,,,,1997.177,2450514.2,2.149
21.97412917,-9.70916389,J012753.7-094232,FITS,01 27 53.791,-09 42 32.99,0.222,1.09,0.97,0.15,1.36,0.0,128.8,,g,,1997.177,2450514.1,3.014
357.64367083,-9.70959444,J235034.4-094234,FITS,23 50 34.481,-09 42 34.54,0.014,2.29,1.84,0.152,0.0,0.0,76.6,,,,1997.209,2450525.6,21.981
348.58025417,-9.70966944,J231419.2-094234,FITS,23 14 19.261,-09 42 34.81,0.352,1.18,0.55,0.157,0.0,0.0,106.2,,,,1997.279,2450551.4,5.945
358.9674375,-9.70973056,J235552.1-094235,FITS,23 55 52.185,-09 42 35.03,0.466,1.13,0.59,0.148,0.0,0.0,89.1,,s,,1997.271,2450548.4,18.318
36.2497,-9.70980556,J022459.9-094235,FITS,02 24 59.928,-09 42 35.30,0.014,152.06,202.66,0.154,4.05,2.59,132.4,,g,,1997.177,2450514.1,2.262
346.28694167,-9.71005556,J230508.8-094236,FITS,23 05 08.866,-09 42 36.20,0.797,1.12,1.02,0.152,3.48,0.0,60.6,,g,,1997.283,2450553.0,5.678
39.79176667,-9.71006389,J023910.0-094236,FITS,02 39 10.024,-09 42 36.23,0.014,2.97,2.95,0.17,1.94,0.0,144.7,,,,1997.167,2450510.5,0.0
355.1689375,-9.71006944,J234040.5-094236,FITS,23 40 40.545,-09 42 36.25,0.431,1.03,0.77,0.144,0.0,0.0,100.9,,s,,1997.28,2450551.6,15.29
356.45537083,-9.71016667,J234549.2-094236,FITS,23 45 49.289,-09 42 36.60,0.639,1.11,0.45,0.155,0.0,0.0,91.2,,g,,1997.247,2450539.6,22.715
38.93573333,-9.71019722,J023544.5-094236,FITS,02 35 44.576,-09 42 36.71,0.296,1.28,0.71,0.143,0.0,0.0,73.4,,,,2000.144,2451597.3,1903.13
17.63696667,-9.71023611,J011032.8-094236,FITS,01 10 32.872,-09 42 36.85,0.233,1.11,0.66,0.144,1.39,0.0,67.4,,s,,1997.179,2450514.8,1.64
10.66342083,-9.71043889,J004239.2-094237,FITS,00 42 39.221,-09 42 37.58,0.014,2.58,2.08,0.212,0.0,0.0,98.3,,,,1997.175,2450513.5,3.755
34.36129583,-9.710625,J021726.7-094238,FITS,02 17 26.711,-09 42 38.25,0.014,2.34,1.53,0.191,0.0,0.0,75.1,,g,,1997.175,2450513.3,4.0
5.64721667,-9.71078889,J002235.3-094238,FITS,00 22 35.332,-09 42 38.84,0.717,1.04,0.61,0.142,0.0,0.0,64.5,,,,1997.179,2450514.8,1.672
348.18115,-9.71115,J231243.4-094240,FITS,23 12 43.476,-09 42 40.14,0.721,1.05,1.26,0.158,5.11,0.0,74.6,,,,1997.281,2450552.0,5.901
333.97358333,-9.71136667,J221553.6-094240,FITS,22 15 53.660,-09 42 40.92,0.081,1.38,4.01,0.142,11.21,4.94,95.1,,,,1997.193,2450520.1,12.04
36.84851667,-9.71195,J022723.6-094243,FITS,02 27 23.644,-09 42 43.02,0.014,1.99,1.76,0.149,0.0,0.0,92.0,,,,1998.62,2451040.8,1436.394
35.2562,-9.71198889,J022101.4-094243,FITS,02 21 01.488,-09 42 43.16,0.014,10.41,10.11,0.147,0.0,0.0,49.5,,g,,1997.173,2450512.5,4.582
16.22684583,-9.71214722,J010454.4-094243,FITS,01 04 54.443,-09 42 43.73,0.014,1.23,0.77,0.149,0.0,0.0,98.8,,,,1997.178,2450514.3,2.089
335.81367917,-9.71218889,J222315.2-094243,FITS,22 23 15.283,-09 42 43.88,0.269,1.13,1.16,0.156,5.17,0.0,89.0,,,,1997.216,2450528.2,14.418
33.20932917,-9.71250833,J021250.2-094245,FITS,02 12 50.239,-09 42 45.03,0.014,48.02,49.73,0.158,1.43,0.78,172.3,,g,,1997.177,2450514.0,3.224
37.86105833,-9.71257778,J023126.6-094245,FITS,02 31 26.654,-09 42 45.28,0.065,1.08,1.01,0.144,2.11,0.0,35.8,,,,1997.179,2450514.9,1.617
27.4125875,-9.71265556,J014939.0-094245,FITS,01 49 39.021,-09 42 45.56,0.666,1.07,0.72,0.147,3.38,0.0,59.9,,s,,1997.179,2450514.8,1.714
37.17307083,-9.71274722,J022841.5-094245,FITS,02 28 41.537,-09 42 45.89,0.381,1.02,0.97,0.147,4.83,0.0,76.3,,,,1997.179,2450514.8,1.763
345.27872917,-9.71284444,J230106.8-094246,FITS,23 01 06.895,-09 42 46.24,0.014,97.9,101.08,0.149,1.48,0.58,175.4,,s,,1997.289,2450554.9,4.634
15.74143333,-9.71289722,J010257.9-094246,FITS,01 02 57.944,-09 42 46.43,0.014,1.77,1.01,0.146,0.0,0.0,119.3,,g,,1997.173,2450512.5,4.607
2.52074167,-9.71291667,J001004.9-094246,FITS,00 10 04.978,-09 42 46.50,0.061,1.12,0.85,0.147,3.05,0.0,87.2,,g,,1997.177,2450514.3,2.099
31.51304583,-9.71296944,J020603.1-094246,FITS,02 06 03.131,-09 42 46.69,0.378,1.07,0.68,0.154,3.06,0.0,111.6,,,,1997.172,2450512.4,4.672
343.81392917,-9.71298333,J225515.3-094246,FITS,22 55 15.343,-09 42 46.74,0.492,1.01,0.6,0.144,0.0,0.0,75.7,,,,1997.291,2450555.6,4.033
9.77619583,-9.71300556,J003906.2-094246,FITS,00 39 06.287,-09 42 46.82,0.014,183.19,188.2,0.147,1.21,0.72,158.8,,s,,1997.173,2450512.5,4.581
350.45135,-9.71316389,J232148.3-094247,FITS,23 21 48.324,-09 42 47.39,0.014,26.72,26.85,0.157,0.95,0.0,109.9,,s,,1997.283,2450552.9,5.71
346.42729583,-9.71316944,J230542.5-094247,FITS,23 05 42.551,-09 42 47.41,0.014,2.25,1.96,0.149,1.93,0.0,37.3,,,,1997.271,2450548.4,5.283
29.09617083,-9.71325833,J015623.0-094247,FITS,01 56 23.081,-09 42 47.73,0.014,2.32,1.74,0.159,0.0,0.0,17.7,,,,1997.175,2450513.5,3.899
352.36325833,-9.71331111,J232927.1-094247,FITS,23 29 27.182,-09 42 47.92,0.014,4.33,4.04,0.153,0.0,0.0,100.0,,g,,1997.276,2450550.3,5.878
37.72569167,-9.71333611,J023054.1-094248,FITS,02 30 54.166,-09 42 48.01,0.253,1.09,0.57,0.152,0.0,0.0,118.7,,,,1997.673,2450695.2,877.428
28.57529583,-9.71358611,J015418.0-094248,FITS,01 54 18.071,-09 42 48.91,0.014,2.35,1.81,0.151,0.0,0.0,80.8,,g,,1997.174,2450512.8,4.454
0.4737,-9.71372778,J000153.6-094249,FITS,00 01 53.688,-09 42 49.42,0.567,1.02,0.69,0.148,0.0,0.0,118.5,,,,1997.178,2450514.3,2.054
3.36144583,-9.71374444,J001326.7-094249,FITS,00 13 26.747,-09 42 49.48,0.801,1.16,2.23,0.18,8.55,3.13,9.4,,s,,1997.179,2450514.8,1.602
27.67519583,-9.71378889,J015042.0-094249,FITS,01 50 42.047,-09 42 49.64,0.163,1.15,1.03,0.153,0.68,0.0,81.9,,,,1997.174,2450512.8,4.461
357.81002917,-9.71381667,J235114.4-094249,FITS,23 51 14.407,-09 42 49.74,0.612,1.12,0.59,0.149,0.0,0.0,115.9,,g,,1997.199,2450522.1,20.306
342.31140417,-9.71391944,J224914.7-094250,FITS,22 49 14.737,-09 42 50.11,0.014,3.23,5.76,0.146,10.87,0.0,24.0,,g,,1997.291,2450555.5,4.051
359.89092083,-9.71395833,J235933.8-094250,FITS,23 59 33.821,-09 42 50.25,0.014,40.18,41.68,0.14,1.7,0.32,167.5,,g,,1997.198,2450521.8,19.558
345.680425,-9.71403889,J230243.3-094250,FITS,23 02 43.302,-09 42 50.54,0.66,1.06,0.56,0.149,0.0,0.0,62.6,,g,,1997.271,2450548.4,5.267
351.72480417,-9.71437222,J232653.9-094251,FITS,23 26 53.953,-09 42 51.74,0.014,7.45,7.2,0.147,0.0,0.0,84.4,,g,,1997.269,2450547.8,4.857
34.02646667,-9.71455278,J021606.3-094252,FITS,02 16 06.352,-09 42 52.39,0.014,4.9,4.51,0.151,1.41,0.0,128.9,,,,1997.178,2450514.4,2.045
22.095,-9.71466389,J012822.8-094252,FITS,01 28 22.800,-09 42 52.79,0.014,2.06,2.97,0.142,6.38,0.0,74.4,,,,1997.179,2450514.8,1.655
27.34270417,-9.71478056,J014922.2-094253,FITS,01 49 22.249,-09 42 53.21,0.014,1.95,1.34,0.147,0.0,0.0,73.6,,s,,1997.179,2450514.8,1.664
29.83510417,-9.71483611,J015920.4-094253,FITS,01 59 20.425,-09 42 53.41,0.014,13.49,14.51,0.159,2.37,0.0,141.1,,s,,1997.176,2450513.7,3.798
15.5022375,-9.71508056,J010200.5-094254,FITS,01 02 00.537,-09 42 54.29,0.861,1.01,0.89,0.15,4.38,0.0,133.7,,,,1997.178,2450514.4,2.709
38.4122875,-9.71537222,J023338.9-094255,FITS,02 33 38.949,-09 42 55.34,0.233,1.21,0.88,0.147,0.0,0.0,113.2,,,,2003.335,2452762.7,2205.747
333.08442083,-9.71551389,J221220.2-094255,FITS,22 12 20.261,-09 42 55.85,0.014,2.21,2.07,0.164,2.26,0.0,124.6,,g,,1997.169,2450511.3,1.956
356.7963875,-9.71561389,J234711.1-094256,FITS,23 47 11.133,-09 42 56.21,0.709,1.09,0.52,0.157,0.0,0.0,70.8,,g,,1997.251,2450541.0,22.281
336.70839167,-9.715775,J222650.0-094256,FITS,22 26 50.014,-09 42 56.79,0.014,1.42,1.03,0.146,0.42,0.0,64.4,,g,,1997.246,2450539.5,10.627
17.29205417,-9.71609722,J010910.0-094257,FITS,01 09 10.093,-09 42 57.95,0.092,1.04,0.92,0.14,0.78,0.0,116.3,,,,1997.173,2450512.7,4.633
15.55826667,-9.71619722,J010213.9-094258,FITS,01 02 13.984,-09 42 58.31,0.538,1.16,1.57,0.156,8.9,0.0,91.0,,g,,1997.177,2450514.0,3.455
340.74675833,-9.71624167,J224259.2-094258,FITS,22 42 59.222,-09 42 58.47,0.361,1.06,0.39,0.157,0.0,0.0,85.9,,,,1997.284,2450553.2,7.39
0.2408,-9.71641111,J000057.7-094259,FITS,00 00 57.792,-09 42 59.08,0.014,2.43,2.17,0.15,1.62,0.0,90.1,,s,,1997.181,2450515.4,8.208
36.15739583,-9.716625,J022437.7-094259,FITS,02 24 37.775,-09 42 59.85,0.877,1.1,1.29,0.155,4.89,0.0,86.8,,,,1998.306,2450926.3,1288.352
332.85960417,-9.71668056,J221126.3-094300,FITS,22 11 26.305,-09 43 00.05,0.701,1.11,0.4,0.166,0.0,0.0,92.8,,g,,1997.172,2450512.2,2.417
32.72668333,-9.716775,J021054.4-094300,FITS,02 10 54.404,-09 43 00.39,0.431,1.05,0.93,0.152,3.22,0.0,90.9,,,,1997.178,2450514.4,2.044
346.33206667,-9.71678056,J230519.6-094300,FITS,23 05 19.696,-09 43 00.41,0.014,1.82,1.32,0.156,0.0,0.0,51.7,,s,,1997.28,2450551.6,5.936
35.71918333,-9.71691944,J022252.6-094300,FITS,02 22 52.604,-09 43 00.91,0.014,21.01,33.64,0.15,7.7,1.17,1.5,,g,,1997.178,2450514.5,1.992
5.49359583,-9.71696944,J002158.4-094301,FITS,00 21 58.463,-09 43 01.09,0.325,1.0,1.0,0.149,7.86,0.0,46.5,,,,1997.181,2450515.5,8.07
26.01223333,-9.717,J014402.9-094301,FITS,01 44 02.936,-09 43 01.20,0.35,1.04,1.25,0.154,7.9,0.0,103.2,,,,1997.178,2450514.3,2.846
347.02689583,-9.71705278,J230806.4-094301,FITS,23 08 06.455,-09 43 01.39,0.368,1.08,1.47,0.151,8.98,0.0,80.0,,,,1997.285,2450553.5,5.462
352.83094583,-9.71711111,J233119.4-094301,FITS,23 31 19.427,-09 43 01.60,0.014,39.52,69.96,0.195,8.82,1.52,175.3,,s,,1997.286,2450554.1,10.688
347.78950417,-9.71734722,J231109.4-094302,FITS,23 11 09.481,-09 43 02.45,0.014,10.56,10.83,0.156,1.57,0.0,130.3,,s,,1997.285,2450553.4,5.541
19.72424167,-9.71737222,J011853.8-094302,FITS,01 18 53.818,-09 43 02.54,0.014,2.74,3.17,0.152,2.93,1.29,112.6,,g,,1997.177,2450514.2,3.037
332.6941,-9.71745278,J221046.5-094302,FITS,22 10 46.584,-09 43 02.83,0.014,1.71,1.0,0.144,0.0,0.0,98.6,,g,,1997.178,2450514.6,1.829
356.44430833,-9.71748889,J234546.6-094302,FITS,23 45 46.634,-09 43 02.96,0.866,1.08,0.95,0.157,3.84,0.0,77.2,,,,1997.247,2450539.7,22.653
337.35709583,-9.71760278,J222925.7-094303,FITS,22 29 25.703,-09 43 03.37,0.032,3.33,3.44,0.362,2.39,0.0,91.9,,,,1997.227,2450532.5,14.154
358.86248333,-9.71770833,J235526.9-094303,FITS,23 55 26.996,-09 43 03.75,0.446,1.31,0.67,0.143,0.0,0.0,139.3,,,,1997.284,2450553.3,13.041
342.61225833,-9.71773611,J225026.9-094303,FITS,22 50 26.942,-09 43 03.85,0.865,1.12,0.84,0.156,2.29,0.0,71.0,,,,1997.277,2450550.5,5.906
344.787275,-9.71791111,J225908.9-094304,FITS,22 59 08.946,-09 43 04.48,0.195,2.14,1.49,0.25,0.0,0.0,59.1,,,,1997.285,2450553.4,5.499
18.46183333,-9.71793611,J011350.8-094304,FITS,01 13 50.840,-09 43 04.57,0.347,1.16,0.73,0.147,0.0,0.0,66.8,,,,1997.178,2450514.5,1.931
12.8037,-9.71795556,J005112.8-094304,FITS,00 51 12.888,-09 43 04.64,0.214,1.3,0.67,0.161,0.0,0.0,99.9,,s,,1997.173,2450512.8,4.652
38.26434167,-9.71837222,J023303.4-094306,FITS,02 33 03.442,-09 43 06.14,0.736,1.0,0.52,0.148,0.0,0.0,88.2,,,,1999.735,2451447.8,1807.84
358.8701,-9.71855,J235528.8-094306,FITS,23 55 28.824,-09 43 06.78,0.368,1.23,0.62,0.143,0.0,0.0,94.1,,,,1997.285,2450553.5,12.659
27.79301667,-9.71855556,J015110.3-094306,FITS,01 51 10.324,-09 43 06.80,0.014,7.72,9.53,0.152,4.61,0.0,44.0,,g,,1997.174,2450512.9,4.702
36.50680833,-9.71863333,J022601.6-094307,FITS,02 26 01.634,-09 43 07.08,0.014,19.27,19.55,0.15,0.78,0.63,37.9,,g,,1997.595,2450666.8,807.554
36.1301375,-9.71863889,J022431.2-094307,FITS,02 24 31.233,-09 43 07.10,0.306,1.19,1.76,0.153,6.43,0.0,56.6,,,,1998.572,2451023.2,1414.698
356.63720417,-9.71879167,J234632.9-094307,FITS,23 46 32.929,-09 43 07.65,0.014,1.94,1.6,0.144,0.0,0.0,89.8,,,,1997.285,2450553.3,12.918
3.71235417,-9.71885278,J001450.9-094307,FITS,00 14 50.965,-09 43 07.87,0.094,1.69,1.28,0.151,0.0,0.0,101.6,,,,1997.188,2450518.1,16.925
11.52640417,-9.71898611,J004606.3-094308,FITS,00 46 06.337,-09 43 08.35,0.504,1.03,0.42,0.149,0.0,0.0,90.1,,,,1997.178,2450514.4,2.003
16.62590417,-9.71899167,J010630.2-094308,FITS,01 06 30.217,-09 43 08.37,0.784,1.1,3.17,0.154,9.56,6.39,98.3,,s,,1997.175,2450513.4,4.268
357.80627083,-9.71901111,J235113.5-094308,FITS,23 51 13.505,-09 43 08.44,0.809,1.06,0.52,0.15,0.0,0.0,88.7,,g,,1997.2,2450522.5,20.583
7.81018333,-9.71908611,J003114.4-094308,FITS,00 31 14.444,-09 43 08.71,0.444,1.09,0.53,0.144,0.0,0.0,99.3,,s,,1997.178,2450514.7,1.782
342.25328333,-9.71937222,J224900.7-094309,FITS,22 49 00.788,-09 43 09.74,0.855,1.07,0.94,0.149,5.2,0.0,70.5,,,,1997.286,2450554.0,6.198
1.93414167,-9.71948333,J000744.1-094310,FITS,00 07 44.194,-09 43 10.14,0.014,4.53,4.33,0.143,0.79,0.0,88.2,,g,,1997.179,2450514.7,1.744
335.2584375,-9.71953333,J222102.0-094310,FITS,22 21 02.025,-09 43 10.32,0.488,1.05,0.54,0.146,0.0,0.0,70.2,,,,1997.249,2450540.2,9.778
355.54209583,-9.71968056,J234210.1-094310,FITS,23 42 10.103,-09 43 10.85,0.014,51.94,54.32,0.144,1.69,0.8,174.8,,s,,1997.198,2450521.8,20.136
2.60181667,-9.71984167,J001024.4-094311,FITS,00 10 24.436,-09 43 11.43,0.363,1.0,0.8,0.14,3.09,0.0,72.5,,,,1997.179,2450514.8,1.561
3.60778333,-9.72001389,J001425.8-094312,FITS,00 14 25.868,-09 43 12.05,0.3,1.08,1.63,0.161,9.16,0.0,79.7,,,,1997.186,2450517.2,14.235
333.0742125,-9.72011389,J221217.8-094312,FITS,22 12 17.811,-09 43 12.41,0.501,1.12,0.59,0.165,0.0,0.0,112.1,,,,1997.169,2450511.2,1.876
354.08558333,-9.72019444,J233620.5-094312,FITS,23 36 20.540,-09 43 12.70,0.014,1.79,2.82,0.151,5.21,3.37,91.8,,g,,1997.207,2450525.1,21.766
38.41454583,-9.72054167,J023339.4-094313,FITS,02 33 39.491,-09 43 13.95,0.014,3.01,2.65,0.146,0.0,0.0,130.8,,,,2003.617,2452865.8,2201.214
354.95184167,-9.720575,J233948.4-094314,FITS,23 39 48.442,-09 43 14.07,0.772,1.17,0.83,0.155,2.0,0.0,171.0,,,,1997.251,2450541.3,22.178
21.507725,-9.72061667,J012601.8-094314,FITS,01 26 01.854,-09 43 14.22,0.708,1.06,0.62,0.146,0.0,0.0,65.5,,s,,1997.178,2450514.4,2.785
22.2079,-9.72091111,J012849.8-094315,FITS,01 28 49.896,-09 43 15.28,0.014,1.43,0.81,0.146,0.0,0.0,82.1,,,,1997.178,2450514.6,1.876
27.53984583,-9.72100556,J015009.5-094315,FITS,01 50 09.563,-09 43 15.62,0.13,1.27,1.2,0.159,4.03,0.0,102.6,,,,1997.178,2450514.3,3.205
356.5261125,-9.72130556,J234606.2-094316,FITS,23 46 06.267,-09 43 16.70,0.014,2.55,3.34,0.149,4.49,1.52,48.1,,g,,1997.273,2450549.0,17.849
19.7226125,-9.72135278,J011853.4-094316,FITS,01 18 53.427,-09 43 16.87,0.671,1.06,0.75,0.152,0.0,0.0,74.0,,s,,1997.177,2450514.3,3.074
354.142,-9.72185833,J233634.0-094318,FITS,23 36 34.080,-09 43 18.69,0.014,96.41,99.11,0.156,1.22,0.75,167.0,,s,,1997.226,2450532.1,23.371
32.0111125,-9.72193056,J020802.6-094318,FITS,02 08 02.667,-09 43 18.95,0.338,1.08,1.01,0.154,7.27,0.0,116.8,,g,,1997.178,2450514.5,2.836
8.53297083,-9.72195556,J003407.9-094319,FITS,00 34 07.913,-09 43 19.04,0.014,3.47,3.88,0.145,2.73,0.47,113.1,,,,1997.178,2450514.5,1.928
8.53467083,-9.72199444,J003408.3-094319,FITS,00 34 08.321,-09 43 19.18,0.014,2.64,3.32,0.145,5.04,0.0,6.9,,g,,1997.178,2450514.5,1.916
334.99509167,-9.72203333,J221958.8-094319,FITS,22 19 58.822,-09 43 19.32,0.422,1.05,0.55,0.145,0.0,0.0,94.4,,,,1997.198,2450521.8,12.136
334.82462083,-9.72206667,J221917.9-094319,FITS,22 19 17.909,-09 43 19.44,0.186,1.07,1.29,0.14,5.06,0.0,125.4,,s,,1997.189,2450518.4,9.165
343.446525,-9.72219167,J225347.1-094319,FITS,22 53 47.166,-09 43 19.89,0.336,1.01,0.49,0.15,0.0,0.0,106.2,,,,1997.271,2450548.4,5.276
26.616425,-9.72231944,J014627.9-094320,FITS,01 46 27.942,-09 43 20.35,0.16,1.18,1.94,0.147,7.54,1.69,23.1,,,,1997.179,2450515.0,1.474
354.08720833,-9.72232222,J233620.9-094320,FITS,23 36 20.930,-09 43 20.36,0.877,1.03,0.75,0.152,4.0,0.0,49.5,,,,1997.208,2450525.5,21.952
332.81943333,-9.72258889,J221116.6-094321,FITS,22 11 16.664,-09 43 21.32,0.701,1.16,0.56,0.164,0.0,0.0,124.4,,s,,1997.174,2450513.1,2.477
6.89076667,-9.72273333,J002733.7-094321,FITS,00 27 33.784,-09 43 21.84,0.014,4.26,4.56,0.153,2.51,0.0,145.2,,,,1997.186,2450517.5,14.55
9.7302375,-9.72305,J003855.2-094322,FITS,00 38 55.257,-09 43 22.98,0.182,1.32,0.9,0.149,0.0,0.0,82.5,,,,1997.174,2450512.9,4.892
30.80290417,-9.72306667,J020312.6-094323,FITS,02 03 12.697,-09 43 23.04,0.014,32.25,40.47,0.153,4.34,1.29,25.5,,,,1997.174,2450513.1,4.795
29.3377625,-9.72308889,J015721.0-094323,FITS,01 57 21.063,-09 43 23.12,0.014,7.38,7.54,0.154,2.18,0.0,154.0,,,,1997.175,2450513.2,4.631
8.95156667,-9.72317222,J003548.3-094323,FITS,00 35 48.376,-09 43 23.42,0.014,1.66,1.75,0.152,2.28,0.0,31.6,,,,1997.174,2450513.0,4.814
31.89714167,-9.72337778,J020735.3-094324,FITS,02 07 35.314,-09 43 24.16,0.51,1.0,0.57,0.146,0.0,0.0,90.5,,s,,1997.179,2450515.0,1.512
341.48186667,-9.72339167,J224555.6-094324,FITS,22 45 55.648,-09 43 24.21,0.014,2.14,1.48,0.151,0.0,0.0,113.8,,g,,1997.282,2450552.5,8.149
338.423375,-9.72425278,J223341.6-094327,FITS,22 33 41.610,-09 43 27.31,0.356,1.1,0.58,0.156,0.0,0.0,81.5,,,,1997.272,2450548.9,9.933
4.6855,-9.7243,J001844.5-094327,FITS,00 18 44.520,-09 43 27.48,0.014,6.72,6.49,0.333,0.3,0.0,155.5,,,,1997.185,2450516.8,12.295
339.15463333,-9.72435278,J223637.1-094327,FITS,22 36 37.112,-09 43 27.67,0.014,1.57,1.09,0.158,0.0,0.0,101.8,,g,,1997.269,2450547.7,10.151
358.96819167,-9.72436667,J235552.3-094327,FITS,23 55 52.366,-09 43 27.72,0.804,1.09,0.78,0.147,0.0,0.0,78.1,,,,1997.275,2450549.7,17.178
346.64320417,-9.72451944,J230634.3-094328,FITS,23 06 34.369,-09 43 28.27,0.014,4.54,4.88,0.155,2.21,0.0,119.6,,s,,1997.278,2450550.9,5.946
359.89621667,-9.72521389,J235935.0-094330,FITS,23 59 35.092,-09 43 30.77,0.114,1.02,1.91,0.14,10.01,0.0,88.1,,,,1997.201,2450523.0,20.241
344.5178625,-9.72532222,J225804.2-094331,FITS,22 58 04.287,-09 43 31.16,0.104,2.74,3.44,0.263,6.08,0.0,29.7,,g,,1997.289,2450555.0,4.595
35.6412125,-9.72551944,J022233.8-094331,FITS,02 22 33.891,-09 43 31.87,0.532,1.09,0.87,0.144,4.26,0.0,109.6,,,,1997.179,2450515.0,1.462
341.63905417,-9.72558333,J224633.3-094332,FITS,22 46 33.373,-09 43 32.10,0.295,1.03,0.51,0.143,0.0,0.0,74.0,,,,1997.292,2450556.3,3.095
355.54174167,-9.72595278,J234210.0-094333,FITS,23 42 10.018,-09 43 33.43,0.042,1.69,1.33,0.144,0.79,0.0,11.7,,,,1997.201,2450522.7,20.661
38.07926667,-9.72601667,J023219.0-094333,FITS,02 32 19.024,-09 43 33.66,0.259,1.19,0.82,0.157,3.43,0.0,53.5,,,,1998.348,2450941.5,1308.79
29.33969583,-9.72638611,J015721.5-094334,FITS,01 57 21.527,-09 43 34.99,0.014,40.0,49.46,0.155,3.74,1.95,158.7,,,,1997.175,2450513.4,4.696
341.91509167,-9.726425,J224739.6-094335,FITS,22 47 39.622,-09 43 35.13,0.489,1.08,0.59,0.146,0.0,0.0,70.5,,,,1997.266,2450546.5,8.517
35.5146625,-9.72654722,J022203.5-094335,FITS,02 22 03.519,-09 43 35.57,0.717,1.02,0.42,0.148,0.0,0.0,93.7,,g,,1997.179,2450514.7,2.468
341.3738125,-9.72679167,J224529.7-094336,FITS,22 45 29.715,-09 43 36.45,0.014,2.55,2.22,0.155,0.0,0.0,77.2,,g,,1997.264,2450545.7,10.31
7.63147917,-9.72709167,J003031.5-094337,FITS,00 30 31.555,-09 43 37.53,0.184,1.22,0.78,0.15,0.0,0.0,83.6,,,,1997.182,2450515.9,11.507
350.50274167,-9.72721111,J232200.6-094337,FITS,23 22 00.658,-09 43 37.96,0.714,1.04,0.63,0.148,1.68,0.0,71.8,,,,1997.288,2450554.7,4.796
19.30620417,-9.72725278,J011713.4-094338,FITS,01 17 13.489,-09 43 38.11,0.014,5.1,6.61,0.154,4.07,2.29,28.1,,,,1997.177,2450514.3,3.516
352.06642083,-9.72739167,J232815.9-094338,FITS,23 28 15.941,-09 43 38.61,0.016,1.23,0.78,0.141,0.0,0.0,88.4,,,,1997.288,2450554.5,9.599
0.0329125,-9.72746667,J000007.8-094338,FITS,00 00 07.899,-09 43 38.88,0.014,3.9,3.7,0.148,0.0,0.0,65.1,,,,1997.191,2450519.2,17.936
345.12290417,-9.72749722,J230029.4-094338,FITS,23 00 29.497,-09 43 38.99,0.429,1.04,0.5,0.157,0.0,0.0,91.2,,,,1997.276,2450550.3,5.892
343.052525,-9.72772222,J225212.6-094339,FITS,22 52 12.606,-09 43 39.80,0.014,4.01,3.53,0.144,0.0,0.0,54.8,,g,,1997.291,2450555.7,3.891
355.860425,-9.72773056,J234326.5-094339,FITS,23 43 26.502,-09 43 39.83,0.307,1.1,0.61,0.14,0.0,0.0,21.6,,,,1997.286,2450553.8,12.122
344.82372917,-9.72798889,J225917.6-094340,FITS,22 59 17.695,-09 43 40.76,0.104,1.75,1.22,0.236,0.0,0.0,158.3,,s,,1997.282,2450552.3,5.84
31.16422917,-9.72814722,J020439.4-094341,FITS,02 04 39.415,-09 43 41.33,0.014,2.09,1.74,0.146,2.15,0.0,111.1,,,,1997.179,2450514.9,1.535
339.61792083,-9.72820278,J223828.3-094341,FITS,22 38 28.301,-09 43 41.53,0.409,1.04,0.95,0.155,4.77,0.0,83.6,,,,1997.265,2450546.2,10.418
22.4611125,-9.72828056,J012950.6-094341,FITS,01 29 50.667,-09 43 41.81,0.339,1.31,1.17,0.152,2.09,0.0,113.7,,,,1997.174,2450513.2,4.986
34.86615417,-9.72831111,J021927.8-094341,FITS,02 19 27.877,-09 43 41.92,0.326,1.03,0.77,0.145,3.54,0.0,109.8,,g,,1997.18,2450515.0,1.4
35.245575,-9.72838611,J022058.9-094342,FITS,02 20 58.938,-09 43 42.19,0.372,1.08,0.66,0.15,0.0,0.0,28.9,,,,1997.174,2450513.1,5.08
342.60862917,-9.72889167,J225026.0-094344,FITS,22 50 26.071,-09 43 44.01,0.38,1.67,1.05,0.157,0.0,0.0,44.8,,g,,1997.278,2450551.0,5.95
13.21340417,-9.72899167,J005251.2-094344,FITS,00 52 51.217,-09 43 44.37,0.625,1.11,1.33,0.147,6.2,0.0,101.6,,,,1997.178,2450514.6,1.83
348.65345417,-9.729325,J231436.8-094345,FITS,23 14 36.829,-09 43 45.57,0.014,2.47,1.9,0.153,0.0,0.0,82.1,,,,1997.274,2450549.6,5.748
2.26992083,-9.72945556,J000904.7-094346,FITS,00 09 04.781,-09 43 46.04,0.138,1.16,0.66,0.147,0.0,0.0,88.0,,g,,1997.192,2450519.6,18.308
18.70554167,-9.72947222,J011449.3-094346,FITS,01 14 49.330,-09 43 46.10,0.014,1.44,1.13,0.146,1.05,0.0,137.1,,g,,1997.175,2450513.2,4.996
353.31173333,-9.72948333,J233314.8-094346,FITS,23 33 14.816,-09 43 46.14,0.014,15.53,16.13,0.2,1.79,0.0,102.8,,,,1997.206,2450524.5,21.553
3.74108333,-9.72950556,J001457.8-094346,FITS,00 14 57.860,-09 43 46.22,0.072,1.44,1.08,0.153,2.03,0.0,96.2,,s,,1997.192,2450519.6,18.423
342.70562917,-9.72951944,J225049.3-094346,FITS,22 50 49.351,-09 43 46.27,0.865,1.09,0.7,0.151,0.0,0.0,69.3,,s,,1997.271,2450548.6,5.35
340.72385,-9.72971667,J224253.7-094346,FITS,22 42 53.724,-09 43 46.98,0.408,1.19,0.65,0.166,0.0,0.0,82.6,,,,1997.281,2450552.2,8.706
345.41728333,-9.72973611,J230140.1-094347,FITS,23 01 40.148,-09 43 47.05,0.014,2.47,2.17,0.143,1.47,0.0,88.8,,g,,1997.292,2450556.1,3.355
343.00100833,-9.729975,J225200.2-094347,FITS,22 52 00.242,-09 43 47.91,0.865,1.04,0.8,0.148,3.31,0.0,77.9,,,,1997.288,2450554.7,4.777
2.45190417,-9.73002778,J000948.4-094348,FITS,00 09 48.457,-09 43 48.10,0.016,1.45,1.03,0.152,0.0,0.0,72.6,,g,,1997.185,2450516.9,11.676
10.43380833,-9.73004444,J004144.1-094348,FITS,00 41 44.114,-09 43 48.16,0.014,2.47,2.4,0.222,2.16,0.0,89.6,,,,1997.175,2450513.3,4.918
0.95426667,-9.73016111,J000349.0-094348,FITS,00 03 49.024,-09 43 48.58,0.014,6.61,6.06,0.153,0.0,0.0,86.4,,,,1997.184,2450516.8,11.528
336.04505417,-9.730225,J222410.8-094348,FITS,22 24 10.813,-09 43 48.81,0.575,1.05,0.67,0.15,1.42,0.0,104.2,,g,,1997.243,2450538.2,11.286
10.82832083,-9.73073889,J004318.7-094350,FITS,00 43 18.797,-09 43 50.66,0.662,1.03,0.4,0.149,0.0,0.0,89.9,,s,,1997.179,2450514.9,1.545
36.37179167,-9.73076389,J022529.2-094350,FITS,02 25 29.230,-09 43 50.75,0.692,1.11,0.72,0.144,2.96,0.0,98.6,,,,1997.18,2450515.2,1.173
8.95163333,-9.73080556,J003548.3-094350,FITS,00 35 48.392,-09 43 50.90,0.436,1.06,2.28,0.153,8.42,3.81,89.6,,,,1997.175,2450513.3,5.019
19.51942917,-9.730925,J011804.6-094351,FITS,01 18 04.663,-09 43 51.33,0.367,1.01,0.74,0.146,1.36,0.0,103.6,,,,1997.175,2450513.2,5.116
355.696175,-9.73093611,J234247.0-094351,FITS,23 42 47.082,-09 43 51.37,0.014,3.49,3.53,0.152,1.92,0.0,32.9,,g,,1997.252,2450541.6,22.051
22.4609,-9.73098333,J012950.6-094351,FITS,01 29 50.616,-09 43 51.54,0.195,1.39,1.6,0.153,3.83,0.0,90.4,,s,,1997.175,2450513.3,5.059
342.6184,-9.731025,J225028.4-094351,FITS,22 50 28.416,-09 43 51.69,0.732,1.05,0.39,0.157,0.0,0.0,90.2,,,,1997.277,2450550.8,5.937
33.34348333,-9.73137222,J021322.4-094352,FITS,02 13 22.436,-09 43 52.94,0.014,9.82,10.09,0.145,1.43,0.0,45.3,,g,,1997.179,2450515.0,1.459
344.17764583,-9.73153611,J225642.6-094353,FITS,22 56 42.635,-09 43 53.53,0.014,11.07,10.75,0.163,0.0,0.0,51.2,,,,1997.273,2450549.1,5.598
339.89452917,-9.73153889,J223934.6-094353,FITS,22 39 34.687,-09 43 53.54,0.014,1.99,1.36,0.155,0.0,0.0,80.6,,,,1997.267,2450546.9,10.598
339.11852083,-9.73162222,J223628.4-094353,FITS,22 36 28.445,-09 43 53.84,0.014,13.7,14.13,0.157,1.21,0.74,74.9,,,,1997.262,2450545.3,10.568
10.24848333,-9.731625,J004059.6-094353,FITS,00 40 59.636,-09 43 53.85,0.339,1.3,1.39,0.171,3.12,0.0,150.8,,s,,1997.178,2450514.6,2.654
23.61760833,-9.73166667,J013428.2-094354,FITS,01 34 28.226,-09 43 54.00,0.503,1.29,1.4,0.196,5.05,0.0,71.5,,,,1997.18,2450515.2,1.162
344.17552083,-9.73170278,J225642.1-094354,FITS,22 56 42.125,-09 43 54.13,0.014,5.63,5.77,0.164,2.05,0.0,80.7,,,,1997.273,2450549.2,5.616
23.00034583,-9.73171111,J013200.0-094354,FITS,01 32 00.083,-09 43 54.16,0.28,1.01,0.77,0.152,3.86,0.0,104.0,,,,1997.179,2450514.8,2.57
19.48558333,-9.73173333,J011756.5-094354,FITS,01 17 56.540,-09 43 54.24,0.07,1.13,0.83,0.146,0.0,0.0,48.4,,,,1997.175,2450513.2,5.151
9.33992917,-9.73188889,J003721.5-094354,FITS,00 37 21.583,-09 43 54.80,0.515,1.05,0.59,0.143,0.0,0.0,58.9,,g,,1997.179,2450514.9,1.471
22.51649167,-9.73202778,J013003.9-094355,FITS,01 30 03.958,-09 43 55.30,0.014,1.61,1.07,0.153,0.0,0.0,108.9,,g,,1997.175,2450513.3,5.157
36.833625,-9.73216389,J022720.0-094355,FITS,02 27 20.070,-09 43 55.79,0.437,1.01,0.82,0.147,2.05,0.0,86.1,,,,1999.278,2451280.9,1677.691
27.60302083,-9.73216944,J015024.7-094355,FITS,01 50 24.725,-09 43 55.81,0.014,1.85,1.27,0.16,0.0,0.0,87.7,,g,,1997.177,2450514.0,4.267
336.53991667,-9.73227222,J222609.5-094356,FITS,22 26 09.580,-09 43 56.18,0.164,1.12,0.89,0.153,2.5,0.0,89.2,,,,1997.205,2450524.4,13.295
342.49828333,-9.73239722,J224959.5-094356,FITS,22 49 59.588,-09 43 56.63,0.021,2.51,2.85,0.152,2.44,1.94,21.8,,g,,1997.289,2450555.1,4.497
36.0153375,-9.7324,J022403.6-094356,FITS,02 24 03.681,-09 43 56.64,0.54,1.12,0.62,0.145,0.0,0.0,79.7,,,,1999.531,2451373.3,1753.566
341.18072083,-9.73263611,J224443.3-094357,FITS,22 44 43.373,-09 43 57.49,0.014,2.57,2.56,0.151,4.44,0.0,100.1,,,,1997.256,2450542.9,10.145
20.15537917,-9.73264444,J012037.2-094357,FITS,01 20 37.291,-09 43 57.52,0.346,1.34,1.92,0.148,6.06,0.0,104.4,,,,1997.176,2450513.6,4.8
34.8890625,-9.73264444,J021933.3-094357,FITS,02 19 33.375,-09 43 57.52,0.014,12.14,13.75,0.143,2.66,1.32,61.1,,,,1997.18,2450515.1,1.367
14.4854125,-9.73273611,J005756.4-094357,FITS,00 57 56.499,-09 43 57.85,0.014,3.6,3.33,0.153,1.73,0.0,112.1,,,,1997.179,2450514.7,2.826
22.70445,-9.73292778,J013049.0-094358,FITS,01 30 49.068,-09 43 58.54,0.127,1.28,1.03,0.156,0.0,0.0,90.1,,g,,1997.178,2450514.5,3.38
35.34230833,-9.73295833,J022122.1-094358,FITS,02 21 22.154,-09 43 58.65,0.014,5.49,5.29,0.152,0.71,0.0,137.9,,,,1997.176,2450513.7,4.826
13.76414583,-9.73306389,J005503.3-094359,FITS,00 55 03.395,-09 43 59.03,0.014,2.69,2.36,0.147,0.0,0.0,47.3,,,,1997.179,2450514.7,2.466
343.91842083,-9.73317222,J225540.4-094359,FITS,22 55 40.421,-09 43 59.42,0.492,1.0,0.53,0.142,0.0,0.0,90.5,,,,1997.292,2450556.1,3.291
337.99255833,-9.73319722,J223158.2-094359,FITS,22 31 58.214,-09 43 59.51,0.014,32.47,34.0,0.147,1.82,0.65,0.3,,s,,1997.286,2450553.8,7.368
355.69536667,-9.73331944,J234246.8-094359,FITS,23 42 46.888,-09 43 59.95,0.014,2.9,2.98,0.152,3.09,0.0,44.8,,,,1997.253,2450541.8,21.992
1.90619167,-9.73342222,J000737.4-094400,FITS,00 07 37.486,-09 44 00.32,0.272,1.14,0.74,0.14,0.0,0.0,83.7,,,,1997.179,2450514.9,1.434
355.51334167,-9.73355,J234203.2-094400,FITS,23 42 03.202,-09 44 00.78,0.355,1.0,0.91,0.146,3.4,0.0,83.0,,,,1997.2,2450522.5,20.581
354.58922917,-9.73358333,J233821.4-094400,FITS,23 38 21.415,-09 44 00.90,0.797,1.11,0.84,0.156,1.99,0.0,68.4,,,,1997.239,2450536.6,23.251
349.95729583,-9.73383889,J231949.7-094401,FITS,23 19 49.751,-09 44 01.82,0.415,1.26,0.79,0.147,0.0,0.0,74.8,,s,,1997.291,2450555.7,3.94
356.877275,-9.73418056,J234730.5-094403,FITS,23 47 30.546,-09 44 03.05,0.014,6.89,6.85,0.154,0.64,0.0,130.8,,s,,1997.224,2450531.4,23.312
26.1854625,-9.73429722,J014444.5-094403,FITS,01 44 44.511,-09 44 03.47,0.014,4.35,4.98,0.153,3.19,0.0,103.3,,,,1997.175,2450513.5,5.031
336.9507,-9.73436667,J222748.1-094403,FITS,22 27 48.168,-09 44 03.72,0.359,2.6,4.14,0.452,7.32,1.64,177.4,,,,1997.207,2450525.2,13.552
18.814625,-9.73441944,J011515.5-094403,FITS,01 15 15.510,-09 44 03.91,0.014,3.47,3.06,0.148,1.87,0.0,11.3,,g,,1997.175,2450513.5,5.032
25.08464583,-9.73451667,J014020.3-094404,FITS,01 40 20.315,-09 44 04.26,0.184,2.18,2.59,0.227,3.17,1.71,44.9,,,,1997.179,2450515.0,1.468
10.24752917,-9.73471667,J004059.4-094404,FITS,00 40 59.407,-09 44 04.98,0.262,2.02,2.37,0.173,4.03,0.0,132.4,,s,,1997.179,2450514.8,2.529
26.18795,-9.73485278,J014445.1-094405,FITS,01 44 45.108,-09 44 05.47,0.014,3.83,4.51,0.153,4.48,0.0,59.4,,g,,1997.176,2450513.6,5.058
355.35491667,-9.73488889,J234125.1-094405,FITS,23 41 25.180,-09 44 05.60,0.014,3.56,3.85,0.152,2.81,0.0,122.7,,g,,1997.233,2450534.5,23.417
351.38443333,-9.73501944,J232532.2-094406,FITS,23 25 32.264,-09 44 06.07,0.063,1.08,0.75,0.142,2.54,0.0,107.0,,,,1997.292,2450556.1,6.565
345.32679583,-9.73502778,J230118.4-094406,FITS,23 01 18.431,-09 44 06.10,0.014,2.74,3.84,0.143,6.31,0.0,42.3,,g,,1997.292,2450556.1,3.323
350.5527625,-9.73546389,J232212.6-094407,FITS,23 22 12.663,-09 44 07.67,0.817,1.0,1.03,0.144,6.96,0.0,115.9,,g,,1997.291,2450555.8,3.72
33.41134583,-9.73547222,J021338.7-094407,FITS,02 13 38.723,-09 44 07.70,0.014,2.51,2.2,0.145,2.98,0.0,81.3,,,,1997.179,2450515.0,1.435
24.36821667,-9.73574722,J013728.3-094408,FITS,01 37 28.372,-09 44 08.69,0.07,1.15,0.95,0.143,3.27,0.0,108.7,,g,,1997.18,2450515.2,1.11
2.01865,-9.7358,J000804.4-094408,FITS,00 08 04.476,-09 44 08.88,0.014,1.56,0.92,0.15,0.0,0.0,97.8,,g,,1997.184,2450516.5,10.044
20.80494583,-9.73580278,J012313.1-094408,FITS,01 23 13.187,-09 44 08.89,0.014,2.63,2.31,0.151,0.0,0.0,53.5,,g,,1997.178,2450514.5,3.566
26.646025,-9.73586944,J014635.0-094409,FITS,01 46 35.046,-09 44 09.13,0.247,1.12,0.91,0.146,2.5,0.0,80.5,,,,1997.18,2450515.0,1.359
31.20130833,-9.73589444,J020448.3-094409,FITS,02 04 48.314,-09 44 09.22,0.014,3.32,2.82,0.148,0.52,0.0,90.0,,s,,1997.179,2450514.8,1.675
33.3931625,-9.73594722,J021334.3-094409,FITS,02 13 34.359,-09 44 09.41,0.221,1.0,0.84,0.145,5.44,0.0,78.1,,g,,1997.18,2450515.1,1.345
35.59559167,-9.73620833,J022222.9-094410,FITS,02 22 22.942,-09 44 10.35,0.014,11.42,12.18,0.143,1.9,1.11,19.7,,g,,1997.18,2450515.0,1.393
345.32447083,-9.73623889,J230117.8-094410,FITS,23 01 17.873,-09 44 10.46,0.014,3.43,4.45,0.143,4.97,0.0,79.8,,g,,1997.292,2450556.1,3.332
38.44860417,-9.736275,J023347.6-094410,FITS,02 33 47.665,-09 44 10.59,0.014,3.01,2.77,0.14,2.37,0.0,123.9,,,,2005.499,2453553.7,2040.553
28.85222083,-9.73633056,J015524.5-094410,FITS,01 55 24.533,-09 44 10.79,0.197,1.0,0.51,0.144,0.0,0.0,135.3,,,,1997.18,2450515.0,1.362
346.21794167,-9.73686944,J230452.3-094412,FITS,23 04 52.306,-09 44 12.73,0.014,1.25,1.04,0.145,0.0,0.0,90.1,,s,,1997.29,2450555.5,4.085
32.57570833,-9.73696389,J021018.1-094413,FITS,02 10 18.170,-09 44 13.07,0.639,1.0,0.67,0.146,0.0,0.0,19.6,,,,1997.179,2450515.0,1.49
34.88837083,-9.73699167,J021933.2-094413,FITS,02 19 33.209,-09 44 13.17,0.014,8.84,10.11,0.143,3.69,0.0,12.3,,,,1997.18,2450515.1,1.313
348.06603333,-9.7372,J231215.8-094413,FITS,23 12 15.848,-09 44 13.92,0.014,2.47,2.2,0.152,0.0,0.0,71.7,,g,,1997.273,2450549.3,5.639
12.50550417,-9.73724722,J005001.3-094414,FITS,00 50 01.321,-09 44 14.09,0.014,3.7,3.55,0.185,0.0,0.0,89.6,,g,,1997.179,2450514.8,2.677
31.9865125,-9.73780278,J020756.7-094416,FITS,02 07 56.763,-09 44 16.09,0.442,1.13,0.53,0.151,0.0,0.0,84.1,,,,1997.179,2450515.0,2.344
34.09835417,-9.73788333,J021623.6-094416,FITS,02 16 23.605,-09 44 16.38,0.07,1.13,1.39,0.144,6.51,0.0,66.0,,,,1997.18,2450515.1,1.361
355.830525,-9.73799722,J234319.3-094416,FITS,23 43 19.326,-09 44 16.79,0.014,4.77,5.17,0.14,2.19,0.62,102.6,,,,1997.285,2450553.5,12.684
24.98427917,-9.73806111,J013956.2-094417,FITS,01 39 56.227,-09 44 17.02,0.537,1.58,2.0,0.233,5.99,0.0,109.6,,,,1997.179,2450514.8,2.866
22.49415417,-9.73817222,J012958.5-094417,FITS,01 29 58.597,-09 44 17.42,0.014,14.99,15.39,0.154,1.62,0.0,169.6,,s,,1997.175,2450513.5,5.353
19.33042917,-9.73823611,J011719.3-094417,FITS,01 17 19.303,-09 44 17.65,0.014,1.42,3.12,0.154,8.99,3.35,91.2,,g,,1997.178,2450514.3,4.017
339.52443333,-9.73849444,J223805.8-094418,FITS,22 38 05.864,-09 44 18.58,0.474,1.04,0.8,0.153,3.85,0.0,78.2,,,,1997.282,2450552.3,8.954
26.0079625,-9.73850833,J014401.9-094418,FITS,01 44 01.911,-09 44 18.63,0.014,6.22,6.57,0.154,2.72,0.0,172.3,,,,1997.179,2450514.9,2.726
336.79915833,-9.738525,J222711.7-094418,FITS,22 27 11.798,-09 44 18.69,0.014,16.48,17.53,0.232,2.48,0.0,15.5,,g,,1997.241,2450537.4,11.671
334.3844375,-9.73853889,J221732.2-094418,FITS,22 17 32.265,-09 44 18.74,0.016,1.6,1.16,0.154,0.0,0.0,146.7,,g,,1997.229,2450533.2,13.615
338.97125417,-9.73866667,J223553.1-094419,FITS,22 35 53.101,-09 44 19.20,0.014,2.62,3.0,0.154,2.28,2.1,79.1,,g,,1997.252,2450541.4,10.016
23.150225,-9.73881667,J013236.0-094419,FITS,01 32 36.054,-09 44 19.74,0.014,71.99,75.72,0.157,1.72,0.92,155.5,,g,,1997.176,2450513.9,4.889
347.2735,-9.73900278,J230905.6-094420,FITS,23 09 05.640,-09 44 20.41,0.072,1.13,0.95,0.151,0.0,0.0,90.0,,,,1997.272,2450548.7,5.412
356.9695125,-9.73916667,J234752.6-094421,FITS,23 47 52.683,-09 44 21.00,0.579,1.03,0.59,0.15,0.0,0.0,106.2,,s,,1997.205,2450524.2,21.425
28.90764583,-9.73923889,J015537.8-094421,FITS,01 55 37.835,-09 44 21.26,0.016,1.44,1.2,0.144,3.42,0.0,70.0,,g,,1997.18,2450515.0,1.375
23.57408333,-9.73925,J013417.7-094421,FITS,01 34 17.780,-09 44 21.30,0.55,1.25,0.81,0.192,1.47,0.0,91.5,,,,1997.179,2450514.9,1.475
30.26720417,-9.73981944,J020104.1-094423,FITS,02 01 04.129,-09 44 23.35,0.572,1.01,0.86,0.15,5.4,0.0,101.0,,,,1997.18,2450515.0,2.284
33.09309583,-9.74016111,J021222.3-094424,FITS,02 12 22.343,-09 44 24.58,0.15,1.17,0.81,0.158,2.7,0.0,136.2,,,,1997.177,2450513.9,4.973
347.85484167,-9.74033333,J231125.1-094425,FITS,23 11 25.162,-09 44 25.20,0.014,2.07,1.66,0.156,2.83,0.0,57.5,,,,1997.28,2450551.6,5.939
355.22250833,-9.74033611,J234053.4-094425,FITS,23 40 53.402,-09 44 25.21,0.311,1.13,0.51,0.145,0.0,0.0,94.0,,,,1997.281,2450551.9,14.77
334.64865,-9.74049167,J221835.6-094425,FITS,22 18 35.676,-09 44 25.77,0.108,1.23,2.43,0.155,9.64,0.0,71.9,,s,,1997.221,2450530.0,14.094
354.45465,-9.74067222,J233749.1-094426,FITS,23 37 49.116,-09 44 26.42,0.437,1.19,1.34,0.145,6.37,0.0,90.3,,,,1997.281,2450551.9,14.821
348.19347083,-9.74071944,J231246.4-094426,FITS,23 12 46.433,-09 44 26.59,0.014,41.98,47.76,0.156,2.43,1.78,77.7,,,,1997.285,2450553.4,5.527
18.57387917,-9.74076667,J011417.7-094426,FITS,01 14 17.731,-09 44 26.76,0.861,1.09,0.86,0.155,4.51,0.0,149.9,,g,,1997.178,2450514.4,3.936
37.1465875,-9.74078056,J022835.1-094426,FITS,02 28 35.181,-09 44 26.81,0.094,1.49,1.63,0.144,2.85,0.0,91.1,,s,,1997.18,2450515.1,1.305
32.19069583,-9.74115833,J020845.7-094428,FITS,02 08 45.767,-09 44 28.17,0.014,3.0,2.73,0.154,2.34,0.0,11.6,,s,,1997.176,2450513.8,5.223
19.22192917,-9.74116389,J011653.2-094428,FITS,01 16 53.263,-09 44 28.19,0.411,1.07,0.38,0.146,0.0,0.0,90.2,,,,1997.18,2450515.0,2.101
19.1480375,-9.74118611,J011635.5-094428,FITS,01 16 35.529,-09 44 28.27,0.014,2.17,1.62,0.141,0.0,0.0,179.7,,g,,1997.18,2450515.0,1.306
1.62842083,-9.74121667,J000630.8-094428,FITS,00 06 30.821,-09 44 28.38,0.014,1.33,1.22,0.155,4.01,0.0,103.3,,,,1997.192,2450519.6,16.783
20.25865833,-9.74122222,J012102.0-094428,FITS,01 21 02.078,-09 44 28.40,0.014,236.5,243.89,0.146,1.35,0.72,167.3,,g,,1997.176,2450513.7,5.425
10.02437083,-9.741275,J004005.8-094428,FITS,00 40 05.849,-09 44 28.59,0.706,1.09,0.48,0.151,0.0,0.0,92.6,,,,1997.179,2450515.0,2.165
340.91017083,-9.74139722,J224338.4-094429,FITS,22 43 38.441,-09 44 29.03,0.014,1.91,1.5,0.142,0.0,0.0,122.8,,g,,1997.293,2450556.3,2.985
5.42677083,-9.74149444,J002142.4-094429,FITS,00 21 42.425,-09 44 29.38,0.228,1.07,0.77,0.155,2.88,0.0,75.2,,g,,1997.188,2450518.3,14.186
16.61939167,-9.74154444,J010628.6-094429,FITS,01 06 28.654,-09 44 29.56,0.135,1.25,3.01,0.155,7.88,6.23,1.6,,g,,1997.177,2450514.1,4.748
351.37264583,-9.74193056,J232529.4-094430,FITS,23 25 29.435,-09 44 30.95,0.014,3.79,3.28,0.142,0.0,0.0,76.0,,s,,1997.292,2450556.2,6.069
6.11840833,-9.74194444,J002428.4-094431,FITS,00 24 28.418,-09 44 31.00,0.639,1.06,0.52,0.156,0.0,0.0,79.9,,g,,1997.193,2450520.0,17.268
36.12224167,-9.74195,J022429.3-094431,FITS,02 24 29.338,-09 44 31.02,0.014,1.66,1.72,0.152,5.19,0.0,108.2,,,,1999.246,2451269.3,1666.865
16.62090833,-9.74197222,J010629.0-094431,FITS,01 06 29.018,-09 44 31.10,0.647,1.06,1.41,0.155,6.55,0.0,46.7,,,,1997.177,2450514.1,4.738
10.18364167,-9.74246389,J004044.0-094432,FITS,00 40 44.074,-09 44 32.87,0.415,1.4,0.88,0.154,0.0,0.0,93.0,,,,1997.179,2450514.9,1.488
349.993325,-9.74259444,J231958.3-094433,FITS,23 19 58.398,-09 44 33.34,0.802,1.01,0.89,0.15,4.44,0.0,90.1,,g,,1997.29,2450555.4,4.216
334.63739167,-9.74265,J221832.9-094433,FITS,22 18 32.974,-09 44 33.54,0.658,1.05,2.0,0.155,12.34,0.0,77.7,,,,1997.223,2450530.9,13.98
30.16950833,-9.74304444,J020040.6-094434,FITS,02 00 40.682,-09 44 34.96,0.014,21.94,31.36,0.158,5.82,1.05,42.2,,g,,1997.178,2450514.5,4.073
332.57637917,-9.74318056,J221018.3-094435,FITS,22 10 18.331,-09 44 35.45,0.014,1.11,0.66,0.14,0.0,0.0,57.7,,,,1997.179,2450514.9,1.422
4.33077917,-9.74331111,J001719.3-094435,FITS,00 17 19.387,-09 44 35.92,0.061,1.3,0.97,0.157,1.17,0.0,102.7,,g,,1997.19,2450518.7,14.802
22.92980833,-9.74333056,J013143.1-094435,FITS,01 31 43.154,-09 44 35.99,0.119,1.3,0.74,0.143,0.0,0.0,36.2,,,,1997.179,2450515.0,1.455
25.94474583,-9.74344444,J014346.7-094436,FITS,01 43 46.739,-09 44 36.40,0.289,1.01,1.18,0.147,8.23,0.0,92.3,,g,,1997.179,2450514.9,1.552
342.3093125,-9.74356111,J224914.2-094436,FITS,22 49 14.235,-09 44 36.82,0.014,4.88,4.81,0.144,1.64,0.0,158.7,,g,,1997.292,2450556.0,3.428
343.80998333,-9.74388611,J225514.3-094437,FITS,22 55 14.396,-09 44 37.99,0.288,1.02,0.76,0.142,3.01,0.0,65.4,,,,1997.292,2450556.1,3.409
20.27495833,-9.74390278,J012105.9-094438,FITS,01 21 05.990,-09 44 38.05,0.797,1.04,0.55,0.146,0.0,0.0,154.5,,,,1997.176,2450513.8,5.442
342.1998,-9.74391389,J224847.9-094438,FITS,22 48 47.952,-09 44 38.09,0.014,3.79,5.24,0.152,5.72,0.0,72.0,,g,,1997.281,2450552.1,8.302
16.14061667,-9.74391944,J010433.7-094438,FITS,01 04 33.748,-09 44 38.11,0.014,14.89,17.55,0.14,3.28,1.62,157.5,,s,,1997.18,2450515.1,1.244
337.98914583,-9.74398889,J223157.3-094438,FITS,22 31 57.395,-09 44 38.36,0.444,1.03,0.61,0.147,2.13,0.0,78.1,,g,,1997.287,2450554.1,7.469
348.36373333,-9.74425556,J231327.2-094439,FITS,23 13 27.296,-09 44 39.32,0.014,1.2,1.77,0.143,5.74,2.15,30.3,,,,1997.294,2450556.8,2.015
350.08075833,-9.74452222,J232019.3-094440,FITS,23 20 19.382,-09 44 40.28,0.809,1.13,0.62,0.158,0.0,0.0,112.4,,,,1997.283,2450552.6,5.775
347.18202083,-9.74461111,J230843.6-094440,FITS,23 08 43.685,-09 44 40.60,0.014,4.7,4.59,0.152,1.48,0.0,121.6,,,,1997.274,2450549.6,5.751
333.32070417,-9.74470556,J221316.9-094440,FITS,22 13 16.969,-09 44 40.94,0.014,1.82,1.45,0.14,1.26,0.0,117.2,,,,1997.18,2450515.4,3.691
0.8765875,-9.74475278,J000330.3-094441,FITS,00 03 30.381,-09 44 41.11,0.014,1.88,2.04,0.154,2.65,0.6,19.6,,,,1997.193,2450520.1,17.176
0.08245,-9.74478889,J000019.7-094441,FITS,00 00 19.788,-09 44 41.24,0.016,1.52,0.85,0.152,0.0,0.0,32.0,,,,1997.196,2450521.1,18.722
348.223075,-9.74480278,J231253.5-094441,FITS,23 12 53.538,-09 44 41.29,0.717,1.12,0.53,0.152,0.0,0.0,88.5,,,,1997.288,2450554.5,4.94
349.65734167,-9.744875,J231837.7-094441,FITS,23 18 37.762,-09 44 41.55,0.429,1.25,0.7,0.156,0.0,0.0,80.9,,,,1997.281,2450552.2,5.866
38.19597083,-9.74495278,J023247.0-094441,FITS,02 32 47.033,-09 44 41.83,0.014,13.95,13.91,0.15,0.99,0.0,69.4,,,,1999.923,2451516.5,1854.998
342.57785417,-9.74496111,J225018.6-094441,FITS,22 50 18.685,-09 44 41.86,0.865,1.04,1.0,0.157,4.55,0.0,58.8,,,,1997.283,2450552.7,5.743
21.39964167,-9.74498056,J012535.9-094441,FITS,01 25 35.914,-09 44 41.93,0.014,3.05,2.49,0.138,0.0,0.0,153.4,,g,,1997.18,2450515.1,1.273
2.80532917,-9.74530556,J001113.2-094443,FITS,00 11 13.279,-09 44 43.10,0.014,2.13,1.82,0.153,1.38,0.0,78.0,,,,1997.188,2450518.0,13.279
16.24847917,-9.74531944,J010459.6-094443,FITS,01 04 59.635,-09 44 43.15,0.798,1.01,0.56,0.148,0.0,0.0,106.8,,,,1997.179,2450515.0,2.575
344.26082083,-9.74534722,J225702.5-094443,FITS,22 57 02.597,-09 44 43.25,0.252,1.25,0.68,0.175,0.0,0.0,88.6,,,,1997.272,2450548.8,5.481
340.41755833,-9.74552778,J224140.2-094443,FITS,22 41 40.214,-09 44 43.90,0.014,3.74,3.87,0.196,3.21,0.0,80.9,,g,,1997.255,2450542.8,11.055
338.60293333,-9.74555,J223424.7-094443,FITS,22 34 24.704,-09 44 43.98,0.637,1.01,0.97,0.14,3.36,0.0,118.5,,,,1997.293,2450556.5,2.72
339.542175,-9.74568056,J223810.1-094444,FITS,22 38 10.122,-09 44 44.45,0.014,3.21,4.37,0.154,6.08,0.0,175.9,,g,,1997.278,2450551.1,9.974
342.58208333,-9.74573056,J225019.7-094444,FITS,22 50 19.700,-09 44 44.63,0.456,1.34,0.5,0.157,0.0,0.0,92.1,,g,,1997.282,2450552.6,5.776
338.18428333,-9.74575278,J223244.2-094444,FITS,22 32 44.228,-09 44 44.71,0.014,1.3,1.03,0.152,0.0,0.0,63.4,,g,,1997.254,2450542.0,10.86
335.47763333,-9.74576389,J222154.6-094444,FITS,22 21 54.632,-09 44 44.75,0.585,1.04,0.54,0.149,0.0,0.0,92.6,,,,1997.199,2450522.1,12.029
14.70527917,-9.74590833,J005849.2-094445,FITS,00 58 49.267,-09 44 45.27,0.384,1.0,0.57,0.148,0.66,0.0,87.7,,,,1997.179,2450514.9,1.373
346.6636375,-9.74625,J230639.2-094446,FITS,23 06 39.273,-09 44 46.50,0.442,1.08,0.7,0.155,1.68,0.0,87.5,,g,,1997.282,2450552.5,5.81
34.1034125,-9.74625278,J021624.8-094446,FITS,02 16 24.819,-09 44 46.51,0.014,2.4,1.91,0.143,0.0,0.0,148.9,,s,,1997.18,2450515.1,1.244
8.95247917,-9.74656389,J003548.5-094447,FITS,00 35 48.595,-09 44 47.63,0.184,1.16,0.97,0.154,3.94,0.0,100.5,,g,,1997.177,2450514.0,5.41
0.2072125,-9.7467,J000049.7-094448,FITS,00 00 49.731,-09 44 48.12,0.586,1.09,0.51,0.152,0.0,0.0,89.2,,,,1997.187,2450517.7,12.487
34.8441,-9.74674722,J021922.5-094448,FITS,02 19 22.584,-09 44 48.29,0.103,1.06,0.75,0.144,2.95,0.0,76.8,,g,,1997.18,2450515.1,1.284
30.390475,-9.74682778,J020133.7-094448,FITS,02 01 33.714,-09 44 48.58,0.26,1.14,0.63,0.145,0.0,0.0,101.8,,g,,1997.18,2450515.2,0.977
356.60628333,-9.74683889,J234625.5-094448,FITS,23 46 25.508,-09 44 48.62,0.014,8.31,8.27,0.142,0.63,0.0,46.2,,,,1997.288,2450554.7,10.529
5.6344875,-9.74692222,J002232.2-094448,FITS,00 22 32.277,-09 44 48.92,0.12,1.07,0.98,0.141,3.76,0.0,91.7,,,,1997.18,2450515.2,0.977
20.16685417,-9.74727778,J012040.0-094450,FITS,01 20 40.045,-09 44 50.20,0.554,1.14,1.73,0.149,10.35,0.0,95.9,,,,1997.177,2450514.1,5.193
30.84737917,-9.74740278,J020323.3-094450,FITS,02 03 23.371,-09 44 50.65,0.014,3.36,5.64,0.158,8.5,0.0,97.0,,g,,1997.177,2450514.2,5.075
26.4206125,-9.74740833,J014540.9-094450,FITS,01 45 40.947,-09 44 50.67,0.181,1.29,0.87,0.159,0.0,0.0,113.8,,g,,1997.178,2450514.6,4.1
356.7725625,-9.74778611,J234705.4-094452,FITS,23 47 05.415,-09 44 52.03,0.014,1.72,0.96,0.152,0.0,0.0,89.7,,,,1997.269,2450547.6,18.905
12.73547083,-9.74784444,J005056.5-094452,FITS,00 50 56.513,-09 44 52.24,0.504,1.13,0.71,0.175,0.0,0.0,80.2,,g,,1997.177,2450513.9,5.652
354.51389583,-9.74785556,J233803.3-094452,FITS,23 38 03.335,-09 44 52.28,0.877,1.08,0.88,0.15,3.65,0.0,97.3,,,,1997.271,2450548.5,18.15
11.26605833,-9.74786944,J004503.8-094452,FITS,00 45 03.854,-09 44 52.33,0.627,1.04,1.12,0.153,6.45,0.0,95.2,,,,1997.177,2450513.9,5.655
356.60410417,-9.7479,J234624.9-094452,FITS,23 46 24.985,-09 44 52.44,0.014,3.15,3.33,0.142,2.66,0.0,90.2,,g,,1997.288,2450554.7,10.539
29.09129167,-9.74793889,J015621.9-094452,FITS,01 56 21.910,-09 44 52.58,0.014,2.28,1.8,0.159,2.06,0.0,61.4,,,,1997.178,2450514.6,4.304
33.71330833,-9.74803889,J021451.1-094452,FITS,02 14 51.194,-09 44 52.94,0.361,1.08,0.62,0.153,0.0,0.0,79.2,,g,,1997.177,2450514.1,5.495
340.82725,-9.74823056,J224318.5-094453,FITS,22 43 18.540,-09 44 53.63,0.014,5.16,4.95,0.142,1.33,0.0,97.0,,g,,1997.293,2450556.3,3.026
349.97317917,-9.748575,J231953.5-094454,FITS,23 19 53.563,-09 44 54.87,0.781,1.07,0.51,0.147,0.0,0.0,90.2,,s,,1997.292,2450555.9,3.634
4.06941667,-9.74864444,J001616.6-094455,FITS,00 16 16.660,-09 44 55.12,0.016,1.42,2.03,0.144,5.32,1.33,110.1,,,,1997.18,2450515.1,1.111
32.7417,-9.74868611,J021058.0-094455,FITS,02 10 58.008,-09 44 55.27,0.06,1.21,1.01,0.151,0.44,0.0,91.6,,s,,1997.18,2450515.1,2.462
355.8324875,-9.74871944,J234319.7-094455,FITS,23 43 19.797,-09 44 55.39,0.014,2.8,4.85,0.14,7.92,2.06,156.1,,,,1997.287,2450554.1,11.628
38.9069625,-9.74875278,J023537.6-094455,FITS,02 35 37.671,-09 44 55.51,0.138,1.27,0.96,0.145,0.0,0.0,90.1,,,,2002.376,2452412.7,2188.005
12.1306125,-9.74876944,J004831.3-094455,FITS,00 48 31.347,-09 44 55.57,0.06,2.05,2.73,0.173,4.27,1.98,78.6,,g,,1997.178,2450514.4,4.727
7.41750417,-9.74896667,J002940.2-094456,FITS,00 29 40.201,-09 44 56.28,0.373,1.01,0.73,0.145,2.16,0.0,76.0,,g,,1997.188,2450517.9,14.506
356.904075,-9.74900556,J234736.9-094456,FITS,23 47 36.978,-09 44 56.42,0.09,1.51,0.79,0.153,0.0,0.0,62.8,,g,,1997.223,2450530.8,23.252
8.860375,-9.749025,J003526.4-094456,FITS,00 35 26.490,-09 44 56.49,0.014,3.83,3.68,0.157,2.28,0.0,99.3,,,,1997.178,2450514.4,4.607
8.869375,-9.74911667,J003528.6-094456,FITS,00 35 28.650,-09 44 56.82,0.014,6.62,10.91,0.157,7.33,0.0,83.0,,s,,1997.178,2450514.4,4.732
29.11772083,-9.74922222,J015628.2-094457,FITS,01 56 28.253,-09 44 57.20,0.014,27.86,28.75,0.159,1.21,0.91,168.3,,g,,1997.178,2450514.5,4.711
7.08985833,-9.74936667,J002821.5-094457,FITS,00 28 21.566,-09 44 57.72,0.014,2.8,2.6,0.139,0.0,0.0,106.4,,s,,1997.179,2450515.0,1.278
9.65539167,-9.74941111,J003837.2-094457,FITS,00 38 37.294,-09 44 57.88,0.802,1.03,0.91,0.154,4.4,0.0,72.2,,,,1997.177,2450514.2,5.138
0.49057083,-9.74942778,J000157.7-094457,FITS,00 01 57.737,-09 44 57.94,0.014,4.37,4.77,0.147,2.39,0.34,114.1,,,,1997.183,2450516.5,8.872
332.4935125,-9.74943611,J220958.4-094457,FITS,22 09 58.443,-09 44 57.97,0.286,1.02,0.64,0.153,3.22,0.0,94.3,,,,1997.178,2450514.4,1.894
13.86067917,-9.74954722,J005526.5-094458,FITS,00 55 26.563,-09 44 58.37,0.631,1.01,0.9,0.143,5.14,0.0,100.1,,g,,1997.18,2450515.2,0.945
21.24385,-9.74978611,J012458.5-094459,FITS,01 24 58.524,-09 44 59.23,0.866,1.06,0.56,0.146,0.0,0.0,105.4,,g,,1997.179,2450515.0,2.733
30.39722083,-9.74981389,J020135.3-094459,FITS,02 01 35.333,-09 44 59.33,0.614,1.02,0.53,0.143,0.0,0.0,109.0,,s,,1997.18,2450515.1,1.209
354.99330833,-9.75003333,J233958.3-094500,FITS,23 39 58.394,-09 45 00.12,0.014,2.34,2.05,0.149,1.67,0.0,101.3,,s,,1997.274,2450549.5,17.365
34.002525,-9.75009722,J021600.6-094500,FITS,02 16 00.606,-09 45 00.35,0.428,1.04,0.74,0.15,0.0,0.0,79.4,,,,1997.18,2450515.1,2.572
344.94642083,-9.75019167,J225947.1-094500,FITS,22 59 47.141,-09 45 00.69,0.016,1.82,1.54,0.178,1.91,0.0,97.3,,g,,1997.274,2450549.6,5.752
35.95935,-9.75024167,J022350.2-094500,FITS,02 23 50.244,-09 45 00.87,0.797,1.0,0.47,0.146,0.0,0.0,87.4,,,,2000.219,2451624.6,1921.21
342.61210417,-9.75036111,J225026.9-094501,FITS,22 50 26.905,-09 45 01.30,0.014,264.03,274.49,0.157,1.25,1.09,11.7,,,,1997.28,2450551.7,5.928
9.62550417,-9.75042778,J003830.1-094501,FITS,00 38 30.121,-09 45 01.54,0.014,1.63,2.03,0.156,6.08,0.0,106.9,,,,1997.178,2450514.4,4.83
354.60506667,-9.75051944,J233825.2-094501,FITS,23 38 25.216,-09 45 01.87,0.287,1.33,0.97,0.156,0.0,0.0,88.7,,,,1997.239,2450536.9,23.222
15.16133333,-9.750725,J010038.7-094502,FITS,01 00 38.720,-09 45 02.61,0.014,13.93,17.32,0.157,3.71,1.89,136.8,,s,,1997.178,2450514.6,4.293
10.80782917,-9.75075,J004313.8-094502,FITS,00 43 13.879,-09 45 02.70,0.721,1.03,1.06,0.152,4.53,0.0,97.5,,,,1997.18,2450515.0,1.212
26.78987083,-9.750925,J014709.5-094503,FITS,01 47 09.569,-09 45 03.33,0.295,1.11,0.59,0.156,0.0,0.0,60.8,,s,,1997.179,2450514.9,3.392
4.4274625,-9.75101389,J001742.5-094503,FITS,00 17 42.591,-09 45 03.65,0.014,4.14,4.1,0.154,2.7,0.0,85.6,,s,,1997.199,2450522.2,19.543
354.5157375,-9.75101667,J233803.7-094503,FITS,23 38 03.777,-09 45 03.66,0.014,1.89,1.45,0.15,0.0,0.0,143.1,,g,,1997.271,2450548.6,18.11
348.99389167,-9.75124722,J231558.5-094504,FITS,23 15 58.534,-09 45 04.49,0.096,1.16,0.64,0.146,0.0,0.0,90.9,,s,,1997.29,2450555.2,4.376
31.89739167,-9.75130833,J020735.3-094504,FITS,02 07 35.374,-09 45 04.71,0.09,1.35,0.64,0.146,0.0,0.0,99.0,,,,1997.18,2450515.3,0.803
22.26672917,-9.751625,J012904.0-094505,FITS,01 29 04.015,-09 45 05.85,0.014,1.37,1.19,0.15,2.86,0.0,108.7,,g,,1997.179,2450515.0,2.944
355.490775,-9.75167222,J234157.7-094506,FITS,23 41 57.786,-09 45 06.02,0.495,1.0,0.73,0.149,2.46,0.0,115.7,,,,1997.207,2450525.0,21.748
15.16725,-9.75167778,J010040.1-094506,FITS,01 00 40.140,-09 45 06.04,0.014,91.09,108.5,0.157,3.03,1.9,117.3,,g,,1997.179,2450514.7,4.202
338.3219,-9.75171389,J223317.2-094506,FITS,22 33 17.256,-09 45 06.17,0.014,1.29,1.64,0.152,7.07,0.0,146.5,,,,1997.253,2450541.9,11.271
342.45122083,-9.75181944,J224948.2-094506,FITS,22 49 48.293,-09 45 06.55,0.797,1.06,0.59,0.147,0.0,0.0,89.8,,,,1997.292,2450556.3,3.093
15.34719167,-9.75185833,J010123.3-094506,FITS,01 01 23.326,-09 45 06.69,0.877,1.03,1.44,0.143,7.48,0.0,81.2,,,,1997.18,2450515.2,0.845
9.0302625,-9.75192778,J003607.2-094506,FITS,00 36 07.263,-09 45 06.94,0.148,1.26,0.69,0.155,0.0,0.0,66.0,,,,1997.177,2450514.2,5.611
342.31327083,-9.75210278,J224915.1-094507,FITS,22 49 15.185,-09 45 07.57,0.788,1.02,0.49,0.145,0.0,0.0,65.1,,,,1997.293,2450556.4,2.747
14.21060417,-9.75213889,J005650.5-094507,FITS,00 56 50.545,-09 45 07.70,0.014,5.95,6.12,0.154,2.9,0.0,102.8,,,,1997.177,2450514.2,5.574
15.1634375,-9.75214167,J010039.2-094507,FITS,01 00 39.225,-09 45 07.71,0.014,11.81,16.29,0.157,5.14,1.78,143.1,,,,1997.179,2450514.7,4.272
11.55265417,-9.75223333,J004612.6-094508,FITS,00 46 12.637,-09 45 08.04,0.504,1.04,0.61,0.145,0.0,0.0,75.4,,,,1997.179,2450515.0,1.254
37.53806667,-9.75230278,J023009.1-094508,FITS,02 30 09.136,-09 45 08.29,0.094,1.23,1.08,0.146,2.05,0.0,96.1,,,,2000.323,2451662.6,1942.463
355.86142917,-9.75289167,J234326.7-094510,FITS,23 43 26.743,-09 45 10.41,0.278,1.02,0.7,0.142,2.06,0.0,90.0,,,,1997.295,2450557.2,0.0
356.1200625,-9.75291111,J234428.8-094510,FITS,23 44 28.815,-09 45 10.48,0.551,1.03,0.75,0.154,2.0,0.0,75.2,,,,1997.235,2450535.3,23.38
34.84559583,-9.75305,J021922.9-094510,FITS,02 19 22.943,-09 45 10.98,0.014,1.2,0.91,0.145,0.0,0.0,90.3,,,,1997.18,2450515.3,0.852
354.5828375,-9.75305,J233819.8-094510,FITS,23 38 19.881,-09 45 10.98,0.014,27.22,37.2,0.156,5.44,1.48,13.8,,,,1997.249,2450540.3,22.504
2.71763333,-9.75316944,J001052.2-094511,FITS,00 10 52.232,-09 45 11.41,0.014,1.28,1.09,0.142,1.6,0.0,142.6,,,,1997.183,2450516.2,7.518
9.53428333,-9.75343056,J003808.2-094512,FITS,00 38 08.228,-09 45 12.35,0.793,1.08,0.79,0.153,2.06,0.0,91.2,,s,,1997.179,2450514.9,3.298
354.55172083,-9.75354167,J233812.4-094512,FITS,23 38 12.413,-09 45 12.75,0.382,1.21,0.68,0.154,0.0,0.0,64.2,,s,,1997.26,2450544.5,20.794
356.3748375,-9.75383056,J234529.9-094513,FITS,23 45 29.961,-09 45 13.79,0.576,1.12,1.16,0.155,4.11,0.0,84.3,,g,,1997.234,2450534.8,23.409
17.6179125,-9.75390833,J011028.2-094514,FITS,01 10 28.299,-09 45 14.07,0.442,1.02,0.5,0.144,0.0,0.0,80.6,,,,1997.18,2450515.4,0.0
15.07479167,-9.75394444,J010017.9-094514,FITS,01 00 17.950,-09 45 14.20,0.797,1.08,3.6,0.155,12.49,6.08,151.4,,s,,1997.178,2450514.4,5.389
27.770625,-9.75420556,J015104.9-094515,FITS,01 51 04.950,-09 45 15.14,0.014,4.81,12.0,0.156,9.34,5.33,17.1,,g,,1997.178,2450514.3,5.701
337.40540833,-9.75439722,J222937.2-094515,FITS,22 29 37.298,-09 45 15.83,0.014,3.38,5.38,0.307,6.36,2.14,124.9,,g,,1997.23,2450533.4,13.167
13.90898333,-9.75443056,J005538.1-094515,FITS,00 55 38.156,-09 45 15.95,0.616,1.0,0.91,0.143,6.35,0.0,120.7,,g,,1997.18,2450515.2,0.884
0.49388333,-9.75448889,J000158.5-094516,FITS,00 01 58.532,-09 45 16.16,0.014,3.84,4.88,0.146,4.04,1.5,118.5,,,,1997.184,2450516.7,9.388
11.69115833,-9.75448889,J004645.8-094516,FITS,00 46 45.878,-09 45 16.16,0.06,1.18,0.82,0.145,0.0,0.0,79.1,,,,1997.18,2450515.0,1.179
25.3537,-9.75453333,J014124.8-094516,FITS,01 41 24.888,-09 45 16.32,0.014,5.2,5.06,0.219,1.39,0.0,155.4,,g,,1997.179,2450514.7,4.578
21.22619583,-9.75459444,J012454.2-094516,FITS,01 24 54.287,-09 45 16.54,0.014,6.34,6.12,0.147,0.5,0.0,159.4,,g,,1997.179,2450515.0,3.096
0.42400417,-9.75460556,J000141.7-094516,FITS,00 01 41.761,-09 45 16.58,0.665,1.02,0.54,0.142,0.0,0.0,86.8,,,,1997.18,2450515.1,1.016
337.95095417,-9.75483333,J223148.2-094517,FITS,22 31 48.229,-09 45 17.40,0.552,1.03,0.49,0.144,0.0,0.0,82.1,,,,1997.292,2450556.3,3.043
347.45165417,-9.75485,J230948.3-094517,FITS,23 09 48.397,-09 45 17.46,0.418,1.02,0.86,0.153,0.78,0.0,91.3,,,,1997.286,2450554.1,5.203
11.77285833,-9.75489722,J004705.4-094517,FITS,00 47 05.486,-09 45 17.63,0.07,1.19,0.84,0.151,1.11,0.0,50.5,,g,,1997.179,2450515.0,3.08
33.89497083,-9.75497778,J021534.7-094517,FITS,02 15 34.793,-09 45 17.92,0.014,2.8,4.74,0.158,9.18,0.0,76.4,,g,,1997.179,2450514.7,4.604
349.19282083,-9.755025,J231646.2-094518,FITS,23 16 46.277,-09 45 18.09,0.033,1.11,0.74,0.141,0.0,0.0,67.0,,,,1997.293,2450556.4,2.848
346.08630833,-9.75502778,J230420.7-094518,FITS,23 04 20.714,-09 45 18.10,0.411,1.05,0.55,0.141,0.0,0.0,79.0,,s,,1997.294,2450556.7,2.202
352.094875,-9.755075,J232822.7-094518,FITS,23 28 22.770,-09 45 18.27,0.014,6.63,6.47,0.139,0.84,0.0,88.5,,g,,1997.294,2450556.8,2.028
36.27079167,-9.75509722,J022504.9-094518,FITS,02 25 04.990,-09 45 18.35,0.589,1.11,0.72,0.145,1.06,0.0,83.3,,,,1997.655,2450688.4,858.893
37.68495833,-9.75516667,J023044.3-094518,FITS,02 30 44.390,-09 45 18.60,0.014,2.41,1.83,0.152,0.0,0.0,134.0,,,,1998.709,2451073.4,1471.024
347.89645,-9.75518611,J231135.1-094518,FITS,23 11 35.148,-09 45 18.67,0.014,2.19,3.18,0.155,6.04,1.66,18.1,,g,,1997.278,2450550.9,5.952
357.19368333,-9.75526389,J234846.4-094518,FITS,23 48 46.484,-09 45 18.95,0.014,17.23,18.69,0.153,2.55,0.0,107.7,,s,,1997.259,2450544.1,21.005
20.65165833,-9.75528889,J012236.3-094519,FITS,01 22 36.398,-09 45 19.04,0.611,1.0,0.43,0.139,0.0,0.0,88.4,,g,,1997.18,2450515.2,0.819
342.64204167,-9.75528889,J225034.0-094519,FITS,22 50 34.090,-09 45 19.04,0.643,1.15,0.51,0.156,0.0,0.0,89.8,,s,,1997.278,2450551.0,5.956
351.5740625,-9.75544444,J232617.7-094519,FITS,23 26 17.775,-09 45 19.60,0.138,1.19,1.53,0.156,6.93,0.0,92.6,,g,,1997.284,2450553.2,5.59
28.11892917,-9.75548611,J015228.5-094519,FITS,01 52 28.543,-09 45 19.75,0.014,1.35,0.9,0.144,0.0,0.0,45.3,,g,,1997.181,2450515.4,0.0
354.103725,-9.75568611,J233624.8-094520,FITS,23 36 24.894,-09 45 20.47,0.014,37.43,57.22,0.155,4.86,3.74,172.1,,s,,1997.228,2450532.8,23.416
11.90070833,-9.75574444,J004736.1-094520,FITS,00 47 36.170,-09 45 20.68,0.014,8.58,12.25,0.156,5.17,1.66,100.4,,,,1997.178,2450514.5,5.201
354.64334583,-9.75578056,J233834.4-094520,FITS,23 38 34.403,-09 45 20.81,0.462,1.18,0.95,0.155,2.21,0.0,97.9,,,,1997.229,2450533.1,23.426
18.66545833,-9.75589444,J011439.7-094521,FITS,01 14 39.710,-09 45 21.22,0.016,1.34,1.07,0.152,0.0,0.0,115.4,,s,,1997.178,2450514.5,5.341
25.62178333,-9.756175,J014229.2-094522,FITS,01 42 29.228,-09 45 22.23,0.214,1.41,0.88,0.178,0.0,0.0,70.8,,,,1997.179,2450514.7,4.948
32.3671875,-9.75652222,J020928.1-094523,FITS,02 09 28.125,-09 45 23.48,0.014,3.07,4.38,0.158,6.59,0.0,74.3,,g,,1997.179,2450514.7,5.01
346.95685417,-9.75660556,J230749.6-094523,FITS,23 07 49.645,-09 45 23.78,0.436,1.01,0.5,0.142,0.0,0.0,53.2,,s,,1997.292,2450556.3,3.121
337.40781667,-9.75684722,J222937.8-094524,FITS,22 29 37.876,-09 45 24.65,0.014,3.45,7.33,0.304,7.82,4.65,39.6,,,,1997.23,2450533.4,13.115
25.77721667,-9.75698333,J014306.5-094525,FITS,01 43 06.532,-09 45 25.14,0.146,1.15,0.86,0.152,4.0,0.0,114.1,,,,1997.18,2450515.2,2.149
36.28807083,-9.75705278,J022509.1-094525,FITS,02 25 09.137,-09 45 25.39,0.398,1.13,0.8,0.143,2.91,0.0,106.7,,,,1997.542,2450647.2,753.265
0.5816375,-9.75708611,J000219.5-094525,FITS,00 02 19.593,-09 45 25.51,0.165,1.27,0.76,0.155,0.0,0.0,78.5,,g,,1997.193,2450519.9,15.928
357.39242917,-9.75711667,J234934.1-094525,FITS,23 49 34.183,-09 45 25.62,0.48,1.06,0.68,0.142,0.0,0.0,161.4,,g,,1997.295,2450557.2,0.0
334.72075417,-9.75724167,J221852.9-094526,FITS,22 18 52.981,-09 45 26.07,0.014,1.39,0.77,0.149,0.0,0.0,56.2,,g,,1997.199,2450522.1,11.905
359.5909375,-9.75726111,J235821.8-094526,FITS,23 58 21.825,-09 45 26.14,0.014,20.29,20.65,0.094,0.98,0.59,152.5,,,,1997.235,2450535.4,21.093
10.140675,-9.75736389,J004033.7-094526,FITS,00 40 33.762,-09 45 26.51,0.693,1.13,1.26,0.149,6.6,0.0,81.8,,,,1997.18,2450515.3,0.0
338.61882917,-9.75739167,J223428.5-094526,FITS,22 34 28.519,-09 45 26.61,0.014,2.45,2.04,0.142,0.0,0.0,109.5,,g,,1997.295,2450557.1,0.0
354.58170417,-9.757475,J233819.6-094526,FITS,23 38 19.609,-09 45 26.91,0.014,142.3,158.44,0.156,2.72,1.21,0.1,,,,1997.251,2450541.0,22.274
354.12966667,-9.75756111,J233631.1-094527,FITS,23 36 31.120,-09 45 27.22,0.528,1.29,0.66,0.156,0.0,0.0,113.8,,g,,1997.237,2450536.0,23.323
13.61920833,-9.75759167,J005428.6-094527,FITS,00 54 28.610,-09 45 27.33,0.014,8.16,7.73,0.157,0.91,0.0,93.7,,g,,1997.179,2450514.7,5.001
339.16182917,-9.75774444,J223638.8-094527,FITS,22 36 38.839,-09 45 27.88,0.717,1.06,0.41,0.159,0.0,0.0,87.8,,,,1997.268,2450547.3,11.857
349.50666667,-9.75777778,J231801.6-094528,FITS,23 18 01.600,-09 45 28.00,0.014,3.28,3.07,0.153,0.0,0.0,174.6,,g,,1997.274,2450549.4,5.691
32.68655,-9.75784167,J021044.7-094528,FITS,02 10 44.772,-09 45 28.23,0.076,1.11,1.23,0.147,8.68,0.0,117.1,,,,1997.18,2450515.1,1.115
13.15389167,-9.75798333,J005236.9-094528,FITS,00 52 36.934,-09 45 28.74,0.721,1.02,0.66,0.142,1.11,0.0,95.8,,,,1997.18,2450515.2,0.825
8.800525,-9.75809722,J003512.1-094529,FITS,00 35 12.126,-09 45 29.15,0.48,1.08,0.66,0.153,0.0,0.0,89.4,,g,,1997.179,2450515.0,3.65
11.91302083,-9.75849722,J004739.1-094530,FITS,00 47 39.125,-09 45 30.59,0.148,1.22,0.7,0.156,0.0,0.0,75.8,,,,1997.178,2450514.6,5.366
351.31027083,-9.75881944,J232514.4-094531,FITS,23 25 14.465,-09 45 31.75,0.42,1.0,0.68,0.144,3.02,0.0,91.3,,g,,1997.293,2450556.5,2.724
29.3555875,-9.75888056,J015725.3-094531,FITS,01 57 25.341,-09 45 31.97,0.077,1.23,0.98,0.159,4.62,0.0,120.1,,g,,1997.179,2450514.7,5.182
28.9907375,-9.75900556,J015557.7-094532,FITS,01 55 57.777,-09 45 32.42,0.014,7.2,8.03,0.149,3.29,0.0,86.5,,,,1997.18,2450515.2,2.478
28.98452083,-9.75926389,J015556.2-094533,FITS,01 55 56.285,-09 45 33.35,0.014,3.73,5.19,0.148,5.43,0.0,89.5,,g,,1997.18,2450515.2,2.364
31.267075,-9.75949167,J020504.0-094534,FITS,02 05 04.098,-09 45 34.17,0.195,1.36,0.82,0.153,0.0,0.0,120.0,,,,1997.18,2450515.1,2.988
5.03179583,-9.75950278,J002007.6-094534,FITS,00 20 07.631,-09 45 34.21,0.034,2.72,2.44,0.36,0.0,0.0,85.1,,g,,1997.188,2450518.1,12.539
354.1040875,-9.75955,J233624.9-094534,FITS,23 36 24.981,-09 45 34.38,0.458,1.05,1.12,0.156,4.03,0.0,84.8,,s,,1997.23,2450533.5,23.435
333.46117917,-9.75988056,J221350.6-094535,FITS,22 13 50.683,-09 45 35.57,0.081,7.57,7.55,0.142,1.86,0.0,124.8,,g,,1997.183,2450516.3,5.964
25.17630833,-9.75995278,J014042.3-094535,FITS,01 40 42.314,-09 45 35.83,0.184,2.38,1.85,0.231,1.7,0.0,107.0,,s,,1997.18,2450515.2,1.008
6.6030875,-9.76008889,J002624.7-094536,FITS,00 26 24.741,-09 45 36.32,0.573,1.05,0.51,0.154,0.0,0.0,93.4,,s,,1997.196,2450521.2,17.432
14.81796667,-9.76012222,J005916.3-094536,FITS,00 59 16.312,-09 45 36.44,0.306,1.24,0.91,0.157,2.37,0.0,61.3,,s,,1997.179,2450515.0,4.008
29.12429167,-9.76018611,J015629.8-094536,FITS,01 56 29.830,-09 45 36.67,0.014,12.28,12.3,0.16,1.02,0.0,65.5,,,,1997.179,2450514.9,4.949
345.21813333,-9.76021389,J230052.3-094536,FITS,23 00 52.352,-09 45 36.77,0.391,1.13,0.65,0.153,0.0,0.0,68.9,,,,1997.288,2450554.7,4.798
341.1242125,-9.76031944,J224429.8-094537,FITS,22 44 29.811,-09 45 37.15,0.232,1.13,0.65,0.156,0.0,0.0,79.9,,g,,1997.26,2450544.5,12.236
332.4360625,-9.76053889,J220944.6-094537,FITS,22 09 44.655,-09 45 37.94,0.014,4.55,4.32,0.167,0.0,0.0,83.2,,,,1997.176,2450513.6,2.348
357.0975625,-9.76063056,J234823.4-094538,FITS,23 48 23.415,-09 45 38.27,0.014,2.24,1.65,0.153,0.0,0.0,83.4,,,,1997.229,2450533.0,23.426
20.50141667,-9.76070556,J012200.3-094538,FITS,01 22 00.340,-09 45 38.54,0.014,10.59,13.79,0.144,4.66,0.88,129.9,,,,1997.18,2450515.2,2.631
2.58094167,-9.76079444,J001019.4-094538,FITS,00 10 19.426,-09 45 38.86,0.268,1.08,0.91,0.14,2.89,0.0,101.2,,,,1997.18,2450515.1,0.94
13.1789125,-9.76088889,J005242.9-094539,FITS,00 52 42.939,-09 45 39.20,0.014,8.49,8.38,0.143,1.49,0.0,80.6,,,,1997.18,2450515.1,1.027
333.2771125,-9.76091944,J221306.5-094539,FITS,22 13 06.507,-09 45 39.31,0.583,1.03,0.95,0.146,5.53,0.0,104.9,,,,1997.179,2450514.8,1.465
347.19140417,-9.761075,J230845.9-094539,FITS,23 08 45.937,-09 45 39.87,0.501,1.07,0.64,0.153,0.0,0.0,131.6,,g,,1997.276,2450550.2,5.885
18.50148333,-9.76112222,J011400.3-094540,FITS,01 14 00.356,-09 45 40.04,0.014,36.16,71.93,0.148,7.98,3.19,79.5,,g,,1997.18,2450515.2,2.688
22.78469167,-9.76129167,J013108.3-094540,FITS,01 31 08.326,-09 45 40.65,0.014,4.32,4.25,0.144,1.82,0.0,87.1,,,,1997.18,2450515.2,2.032
22.5054875,-9.76138889,J013001.3-094541,FITS,01 30 01.317,-09 45 41.00,0.708,1.13,0.59,0.157,0.0,0.0,120.5,,,,1997.179,2450514.7,5.903
14.82194167,-9.76144167,J005917.2-094541,FITS,00 59 17.266,-09 45 41.19,0.7,1.15,1.29,0.157,3.48,0.0,90.7,,,,1997.179,2450515.0,4.095
353.52488333,-9.76156111,J233405.9-094541,FITS,23 34 05.972,-09 45 41.62,0.069,1.51,0.99,0.154,0.0,0.0,24.6,,s,,1997.283,2450552.7,13.68
341.1263375,-9.76161389,J224430.3-094541,FITS,22 44 30.321,-09 45 41.81,0.029,1.32,1.41,0.156,5.34,0.0,104.4,,,,1997.26,2450544.3,12.301
336.75329167,-9.76172778,J222700.7-094542,FITS,22 27 00.790,-09 45 42.22,0.422,1.04,0.68,0.153,0.0,0.0,155.2,,,,1997.24,2450537.0,11.129
26.615,-9.76186111,J014627.6-094542,FITS,01 46 27.600,-09 45 42.70,0.359,1.13,0.78,0.147,0.0,0.0,90.0,,,,1997.181,2450515.4,0.0
344.1137625,-9.76186389,J225627.3-094542,FITS,22 56 27.303,-09 45 42.71,0.014,2.99,2.56,0.164,0.0,0.0,41.9,,,,1997.281,2450552.1,5.878
18.234375,-9.76188889,J011256.2-094542,FITS,01 12 56.250,-09 45 42.80,0.014,6.34,6.18,0.149,0.85,0.0,111.1,,g,,1997.18,2450515.1,2.97
358.6470375,-9.76191944,J235435.2-094542,FITS,23 54 35.289,-09 45 42.91,0.014,2.35,2.16,0.155,0.45,0.0,124.8,,,,1997.245,2450538.9,22.869
349.3411125,-9.76216389,J231721.8-094543,FITS,23 17 21.867,-09 45 43.79,0.115,1.19,0.78,0.154,0.0,0.0,89.8,,s,,1997.283,2450552.9,5.707
346.6411625,-9.76237778,J230633.8-094544,FITS,23 06 33.879,-09 45 44.56,0.014,31.03,34.6,0.156,2.52,1.49,173.8,,,,1997.282,2450552.3,5.848
14.45923333,-9.7624,J005750.2-094544,FITS,00 57 50.216,-09 45 44.64,0.654,1.06,0.62,0.154,0.0,0.0,63.0,,,,1997.18,2450515.1,3.483
35.99306667,-9.76257222,J022358.3-094545,FITS,02 23 58.336,-09 45 45.26,0.014,2.5,2.11,0.145,0.0,0.0,78.9,,g,,2000.961,2451896.1,2053.217
332.73878333,-9.76260556,J221057.3-094545,FITS,22 10 57.308,-09 45 45.38,0.498,1.01,0.69,0.149,2.85,0.0,93.0,,,,1997.179,2450514.7,1.62
357.75585833,-9.76280278,J235101.4-094546,FITS,23 51 01.406,-09 45 46.09,0.014,51.0,74.35,0.156,6.41,1.09,161.0,,,,1997.214,2450527.7,22.639
35.2079875,-9.76329444,J022049.9-094547,FITS,02 20 49.917,-09 45 47.86,0.014,2.98,2.82,0.153,1.99,0.0,78.0,,,,1997.179,2450514.8,5.778
355.18681667,-9.76374167,J234044.8-094549,FITS,23 40 44.836,-09 45 49.47,0.441,1.02,0.58,0.142,0.0,0.0,90.9,,,,1997.289,2450554.8,10.202
13.76514583,-9.76376389,J005503.6-094549,FITS,00 55 03.635,-09 45 49.55,0.014,5.36,5.27,0.146,1.11,0.0,125.4,,g,,1997.18,2450515.2,2.386
15.45832917,-9.76383056,J010149.9-094549,FITS,01 01 49.999,-09 45 49.79,0.014,2.42,1.88,0.143,0.61,0.0,91.8,,g,,1997.18,2450515.2,1.922
0.95780417,-9.76394167,J000349.8-094550,FITS,00 03 49.873,-09 45 50.19,0.014,2.86,2.53,0.151,1.78,0.0,88.4,,g,,1997.19,2450518.8,13.63
4.43025417,-9.76394167,J001743.2-094550,FITS,00 17 43.261,-09 45 50.19,0.094,2.05,1.54,0.154,0.0,0.0,74.3,,,,1997.205,2450524.4,20.675
359.97186667,-9.76416667,J235953.2-094551,FITS,23 59 53.248,-09 45 51.00,0.014,1.5,1.0,0.148,0.0,0.0,95.1,,g,,1997.213,2450527.1,22.271
26.67470833,-9.76439167,J014641.9-094551,FITS,01 46 41.930,-09 45 51.81,0.501,1.03,0.55,0.147,0.0,0.0,83.0,,g,,1997.18,2450515.2,0.97
34.15642917,-9.76472222,J021637.5-094553,FITS,02 16 37.543,-09 45 53.00,0.645,1.0,0.97,0.145,6.56,0.0,110.0,,,,1997.18,2450515.3,0.814
20.55577083,-9.76496667,J012213.3-094553,FITS,01 22 13.385,-09 45 53.88,0.014,1.72,1.22,0.141,0.0,0.0,142.1,,,,1997.18,2450515.1,1.148
9.9654875,-9.76498333,J003951.7-094553,FITS,00 39 51.717,-09 45 53.94,0.865,1.1,1.02,0.155,3.47,0.0,82.4,,g,,1997.18,2450515.1,3.371
358.90109583,-9.76503611,J235536.2-094554,FITS,23 55 36.263,-09 45 54.13,0.014,2.43,1.96,0.141,1.52,0.0,86.9,,g,,1997.292,2450556.0,7.244
335.34231667,-9.76504722,J222122.1-094554,FITS,22 21 22.156,-09 45 54.17,0.014,1.98,1.71,0.152,2.66,0.0,76.0,,,,1997.228,2450532.6,13.094
354.1074,-9.765075,J233625.7-094554,FITS,23 36 25.776,-09 45 54.27,0.014,15.29,17.32,0.156,2.98,1.15,156.6,,,,1997.234,2450534.8,23.413
341.59769583,-9.76510556,J224623.4-094554,FITS,22 46 23.447,-09 45 54.38,0.419,1.0,0.72,0.142,1.51,0.0,92.6,,g,,1997.294,2450556.8,1.862
0.16270417,-9.76527222,J000039.0-094554,FITS,00 00 39.049,-09 45 54.98,0.014,3.13,6.05,0.155,6.9,4.15,90.4,,,,1997.196,2450521.0,16.896
0.10732083,-9.76528889,J000025.7-094555,FITS,00 00 25.757,-09 45 55.04,0.014,3.67,4.3,0.154,3.77,0.0,84.6,,s,,1997.203,2450523.4,19.646
1.60197083,-9.76541667,J000624.4-094555,FITS,00 06 24.473,-09 45 55.50,0.014,2.95,2.87,0.155,2.44,0.0,93.2,,,,1997.203,2450523.6,19.848
357.63945833,-9.76553333,J235033.4-094555,FITS,23 50 33.470,-09 45 55.92,0.014,4.1,3.45,0.156,0.0,0.0,82.1,,,,1997.235,2450535.2,23.391
19.48255,-9.76555278,J011755.8-094555,FITS,01 17 55.812,-09 45 55.99,0.014,3.14,3.54,0.151,3.7,0.0,84.3,,,,1997.179,2450514.9,5.933
20.32715833,-9.76566389,J012118.5-094556,FITS,01 21 18.518,-09 45 56.39,0.014,2.0,2.85,0.149,4.54,2.9,55.2,,s,,1997.179,2450515.0,5.563
21.90657917,-9.76598889,J012737.5-094557,FITS,01 27 37.579,-09 45 57.56,0.014,2.02,2.13,0.152,2.4,0.0,103.6,,g,,1997.18,2450515.1,4.528
345.825125,-9.76600556,J230318.0-094557,FITS,23 03 18.030,-09 45 57.62,0.274,1.14,0.64,0.153,0.0,0.0,56.3,,,,1997.277,2450550.8,5.948
8.74063333,-9.76613611,J003457.7-094558,FITS,00 34 57.752,-09 45 58.09,0.115,1.12,0.79,0.144,1.85,0.0,98.8,,g,,1997.18,2450515.2,2.503
35.625825,-9.76628611,J022230.1-094558,FITS,02 22 30.198,-09 45 58.63,0.594,1.07,0.85,0.144,2.98,0.0,91.5,,,,1997.181,2450515.4,0.0
332.74479167,-9.76665833,J221058.7-094559,FITS,22 10 58.750,-09 45 59.97,0.014,3.73,3.35,0.15,0.0,0.0,79.2,,,,1997.178,2450514.7,1.658
352.14874167,-9.76668333,J232835.6-094600,FITS,23 28 35.698,-09 46 00.06,0.417,1.0,0.51,0.14,0.0,0.0,101.6,,,,1997.295,2450557.1,0.0
17.96933333,-9.76678611,J011152.6-094600,FITS,01 11 52.640,-09 46 00.43,0.014,5.09,4.89,0.149,1.49,0.0,130.5,,g,,1997.179,2450515.0,5.894
358.03959583,-9.76688333,J235209.5-094600,FITS,23 52 09.503,-09 46 00.78,0.505,1.05,0.53,0.144,0.0,0.0,73.5,,,,1997.286,2450553.9,12.0
27.47675833,-9.76697222,J014954.4-094601,FITS,01 49 54.422,-09 46 01.10,0.014,2.29,1.86,0.148,0.0,0.0,99.5,,,,1997.18,2450515.3,2.25
10.13649167,-9.767,J004032.7-094601,FITS,00 40 32.758,-09 46 01.20,0.877,1.01,1.04,0.148,7.05,0.0,109.3,,g,,1997.18,2450515.3,0.0
334.45989167,-9.76718611,J221750.3-094601,FITS,22 17 50.374,-09 46 01.87,0.016,1.73,1.2,0.154,0.0,0.0,106.5,,,,1997.235,2450535.1,12.018
332.52115,-9.76722222,J221005.0-094602,FITS,22 10 05.076,-09 46 02.00,0.361,1.03,0.49,0.147,0.0,0.0,80.0,,,,1997.179,2450514.8,1.486
18.62485,-9.76735833,J011429.9-094602,FITS,01 14 29.964,-09 46 02.49,0.816,1.07,0.87,0.156,4.4,0.0,45.5,,,,1997.18,2450515.1,5.042
20.29613333,-9.76745,J012111.0-094602,FITS,01 21 11.072,-09 46 02.82,0.865,1.0,0.87,0.148,4.11,0.0,113.9,,,,1997.18,2450515.0,5.819
4.071225,-9.76745278,J001617.0-094602,FITS,00 16 17.094,-09 46 02.83,0.014,3.98,6.46,0.143,5.01,4.26,155.4,,s,,1997.18,2450515.1,0.991
6.93830417,-9.76751944,J002745.1-094603,FITS,00 27 45.193,-09 46 03.07,0.014,9.66,9.77,0.152,1.25,0.0,21.2,,s,,1997.193,2450520.0,15.328
10.14375,-9.76754444,J004034.5-094603,FITS,00 40 34.500,-09 46 03.16,0.339,1.16,1.11,0.148,5.64,0.0,102.7,,,,1997.18,2450515.3,0.0
13.86458333,-9.76775278,J005527.5-094603,FITS,00 55 27.500,-09 46 03.91,0.708,1.03,0.42,0.143,0.0,0.0,87.5,,,,1997.18,2450515.4,0.0
25.98330833,-9.76790278,J014355.9-094604,FITS,01 43 55.994,-09 46 04.45,0.157,1.13,1.12,0.148,5.99,0.0,89.3,,g,,1997.18,2450515.3,2.373
343.64734167,-9.76799444,J225435.3-094604,FITS,22 54 35.362,-09 46 04.78,0.09,1.38,0.68,0.156,0.0,0.0,88.2,,g,,1997.283,2450552.7,5.754
350.57768333,-9.76800278,J232218.6-094604,FITS,23 22 18.644,-09 46 04.81,0.521,1.04,0.42,0.141,0.0,0.0,88.9,,,,1997.294,2450556.7,2.222
355.57820417,-9.76803611,J234218.7-094604,FITS,23 42 18.769,-09 46 04.93,0.014,5.83,6.47,0.15,2.18,1.64,136.3,,g,,1997.228,2450532.7,23.416
26.64752083,-9.76810278,J014635.4-094605,FITS,01 46 35.405,-09 46 05.17,0.014,1.76,1.54,0.147,2.4,0.0,75.5,,,,1997.181,2450515.4,0.0
32.02345,-9.76813611,J020805.6-094605,FITS,02 08 05.628,-09 46 05.29,0.014,29.3,30.28,0.153,1.38,0.77,177.4,,g,,1997.18,2450515.3,3.162
11.22494583,-9.76814444,J004453.9-094605,FITS,00 44 53.987,-09 46 05.32,0.014,2.3,2.77,0.153,3.98,0.0,130.6,,,,1997.179,2450515.0,5.946
10.2196375,-9.76815833,J004052.7-094605,FITS,00 40 52.713,-09 46 05.37,0.424,1.42,0.8,0.157,0.0,0.0,78.0,,,,1997.18,2450515.3,2.127
25.57681667,-9.76816944,J014218.4-094605,FITS,01 42 18.436,-09 46 05.41,0.014,7.47,6.73,0.179,0.0,0.0,84.9,,s,,1997.18,2450515.1,5.605
35.6884125,-9.768225,J022245.2-094605,FITS,02 22 45.219,-09 46 05.61,0.649,1.03,0.59,0.145,0.0,0.0,91.8,,,,1997.18,2450515.2,1.073
8.23007083,-9.76839444,J003255.2-094606,FITS,00 32 55.217,-09 46 06.22,0.014,4.36,4.11,0.153,1.47,0.0,83.9,,g,,1997.179,2450515.0,5.973
335.32835417,-9.76841389,J222118.8-094606,FITS,22 21 18.805,-09 46 06.29,0.278,1.09,1.27,0.152,8.14,0.0,68.8,,,,1997.229,2450533.2,12.809
19.17945417,-9.76843056,J011643.0-094606,FITS,01 16 43.069,-09 46 06.35,0.014,1.52,4.19,0.143,10.57,5.45,167.0,,,,1997.18,2450515.2,0.989
11.22302083,-9.76853889,J004453.5-094606,FITS,00 44 53.525,-09 46 06.74,0.014,1.42,5.27,0.153,11.26,8.17,148.6,,s,,1997.18,2450515.0,5.944
11.64436667,-9.76856944,J004634.6-094606,FITS,00 46 34.648,-09 46 06.85,0.06,1.13,0.76,0.143,0.0,0.0,93.3,,s,,1997.18,2450515.3,0.0
11.72695,-9.76890556,J004654.4-094608,FITS,00 46 54.468,-09 46 08.06,0.585,1.0,0.61,0.145,1.22,0.0,57.5,,,,1997.18,2450515.3,2.26
19.18206667,-9.76921944,J011643.6-094609,FITS,01 16 43.696,-09 46 09.19,0.527,1.08,0.66,0.143,0.0,0.0,166.6,,g,,1997.18,2450515.2,1.009
29.565925,-9.76928056,J015815.8-094609,FITS,01 58 15.822,-09 46 09.41,0.095,1.2,0.93,0.145,2.48,0.0,82.6,,,,1997.18,2450515.2,1.028
32.40982083,-9.76931111,J020938.3-094609,FITS,02 09 38.357,-09 46 09.52,0.522,1.07,0.64,0.159,1.5,0.0,60.5,,g,,1997.18,2450515.3,4.503
0.15170417,-9.76933889,J000036.4-094609,FITS,00 00 36.409,-09 46 09.62,0.014,4.05,7.45,0.155,8.07,2.75,153.4,,s,,1997.199,2450522.0,17.852
10.21794583,-9.76936667,J004052.3-094609,FITS,00 40 52.307,-09 46 09.72,0.57,1.18,0.67,0.157,0.0,0.0,77.7,,,,1997.18,2450515.3,2.102
38.08795,-9.76943889,J023221.1-094609,FITS,02 32 21.108,-09 46 09.98,0.014,15.61,15.43,0.153,0.0,0.0,148.3,,,,1999.431,2451336.9,1722.409
31.93238333,-9.76946667,J020743.7-094610,FITS,02 07 43.772,-09 46 10.08,0.628,1.09,0.4,0.146,0.0,0.0,89.8,,,,1997.18,2450515.2,1.011
30.80360833,-9.76948333,J020312.8-094610,FITS,02 03 12.866,-09 46 10.14,0.698,1.1,1.13,0.157,4.29,0.0,82.0,,g,,1997.18,2450515.2,5.804
0.09852083,-9.76960556,J000023.6-094610,FITS,00 00 23.645,-09 46 10.58,0.014,3.26,3.21,0.154,1.64,0.0,145.8,,,,1997.205,2450524.4,20.27
337.4142375,-9.76975556,J222939.4-094611,FITS,22 29 39.417,-09 46 11.12,0.425,1.75,2.39,0.3,4.42,2.14,94.6,,g,,1997.228,2450532.6,12.943
34.83652083,-9.76976389,J021920.7-094611,FITS,02 19 20.765,-09 46 11.15,0.014,2.5,2.3,0.145,0.98,0.0,119.6,,g,,1997.18,2450515.3,0.847
21.41208333,-9.76986111,J012538.9-094611,FITS,01 25 38.900,-09 46 11.50,0.014,1.33,1.24,0.139,3.71,0.0,116.9,,g,,1997.18,2450515.2,0.835
38.182175,-9.76993611,J023243.7-094611,FITS,02 32 43.722,-09 46 11.77,0.209,1.02,1.17,0.149,5.18,0.0,113.9,,,,2000.88,2451866.4,2040.4
337.66457917,-9.77011944,J223039.4-094612,FITS,22 30 39.499,-09 46 12.43,0.014,4.27,3.97,0.159,0.0,0.0,106.6,,g,,1997.267,2450547.1,12.451
354.43415,-9.77036944,J233744.1-094613,FITS,23 37 44.196,-09 46 13.33,0.014,2.24,1.85,0.143,1.3,0.0,103.8,,g,,1997.289,2450555.1,9.621
38.50576667,-9.77044167,J023401.3-094613,FITS,02 34 01.384,-09 46 13.59,0.236,1.33,1.13,0.126,2.58,0.0,26.3,,,,2007.871,2454419.3,1400.127
340.2863625,-9.77046389,J224108.7-094613,FITS,22 41 08.727,-09 46 13.67,0.016,1.73,2.15,0.173,6.95,0.0,99.2,,g,,1997.278,2450551.1,10.824
29.46044583,-9.77081944,J015750.5-094614,FITS,01 57 50.507,-09 46 14.95,0.014,38.13,40.48,0.155,1.93,0.98,175.2,,,,1997.18,2450515.3,3.51
1.08725833,-9.77098889,J000420.9-094615,FITS,00 04 20.942,-09 46 15.56,0.014,21.88,23.07,0.14,1.83,0.86,19.3,,s,,1997.18,2450515.2,0.835
333.488625,-9.77107222,J221357.2-094615,FITS,22 13 57.270,-09 46 15.86,0.081,7.69,10.34,0.145,4.96,1.94,4.1,,s,,1997.184,2450516.7,6.992
15.7754875,-9.77147778,J010306.1-094617,FITS,01 03 06.117,-09 46 17.32,0.642,1.04,0.74,0.153,0.0,0.0,92.1,,,,1997.18,2450515.2,5.995
345.42060833,-9.77151111,J230140.9-094617,FITS,23 01 40.946,-09 46 17.44,0.353,1.13,1.48,0.142,8.77,0.0,69.4,,,,1997.294,2450556.7,2.143
4.93120417,-9.77154444,J001943.4-094617,FITS,00 19 43.489,-09 46 17.56,0.034,2.74,2.39,0.382,1.23,0.0,132.4,,,,1997.18,2450515.1,0.989
3.5215625,-9.771725,J001405.1-094618,FITS,00 14 05.175,-09 46 18.21,0.572,1.05,0.79,0.159,2.15,0.0,69.0,,,,1997.189,2450518.4,12.537
346.3434625,-9.77175833,J230522.4-094618,FITS,23 05 22.431,-09 46 18.33,0.014,4.14,3.91,0.155,1.67,0.0,33.9,,g,,1997.284,2450553.2,5.624
352.03161667,-9.77225833,J232807.5-094620,FITS,23 28 07.588,-09 46 20.13,0.093,1.16,0.59,0.141,0.0,0.0,92.3,,,,1997.292,2450556.3,3.146
345.8947625,-9.77229722,J230334.7-094620,FITS,23 03 34.743,-09 46 20.27,0.338,1.08,0.78,0.155,2.38,0.0,53.5,,,,1997.283,2450552.8,5.732
17.87227917,-9.77231389,J011129.3-094620,FITS,01 11 29.347,-09 46 20.33,0.014,2.08,2.13,0.153,3.02,0.0,165.7,,,,1997.18,2450515.3,5.058
11.2249,-9.77235833,J004453.9-094620,FITS,00 44 53.976,-09 46 20.49,0.088,1.43,1.53,0.153,5.16,0.0,56.8,,g,,1997.18,2450515.2,6.01
336.7644875,-9.77252222,J222703.4-094621,FITS,22 27 03.477,-09 46 21.08,0.484,1.04,0.87,0.155,1.91,0.0,79.7,,s,,1997.237,2450536.1,11.218
15.96825833,-9.77276389,J010352.3-094621,FITS,01 03 52.382,-09 46 21.95,0.449,1.14,1.67,0.15,7.23,0.0,70.1,,,,1997.18,2450515.3,3.359
10.4945125,-9.77278056,J004158.6-094622,FITS,00 41 58.683,-09 46 22.01,0.195,2.05,1.46,0.221,0.0,0.0,93.8,,,,1997.18,2450515.3,6.097
347.07185417,-9.77278333,J230817.2-094622,FITS,23 08 17.245,-09 46 22.02,0.014,12.77,14.72,0.154,3.07,0.92,120.4,,g,,1997.286,2450553.8,5.329
3.42665417,-9.77279722,J001342.3-094622,FITS,00 13 42.397,-09 46 22.07,0.014,3.49,3.08,0.153,1.82,0.0,68.7,,,,1997.18,2450515.1,0.943
346.1386125,-9.77282778,J230433.2-094622,FITS,23 04 33.267,-09 46 22.18,0.201,1.04,0.84,0.14,4.85,0.0,57.4,,,,1997.295,2450557.1,0.0
6.21504583,-9.77288333,J002451.6-094622,FITS,00 24 51.611,-09 46 22.38,0.014,19.35,24.49,0.149,4.48,1.0,146.0,,g,,1997.191,2450519.1,13.667
347.8287125,-9.772925,J231118.8-094622,FITS,23 11 18.891,-09 46 22.53,0.014,3.72,3.36,0.155,0.0,0.0,90.8,,g,,1997.285,2450553.6,5.426
356.72864167,-9.772975,J234654.8-094622,FITS,23 46 54.874,-09 46 22.71,0.014,2.28,3.19,0.145,5.62,0.0,109.5,,s,,1997.284,2450553.0,13.275
2.66915,-9.7732,J001040.5-094623,FITS,00 10 40.596,-09 46 23.52,0.014,8.91,11.01,0.139,3.47,2.11,42.9,,,,1997.18,2450515.2,0.877
3.41447917,-9.77330556,J001339.4-094623,FITS,00 13 39.475,-09 46 23.90,0.014,3.64,3.72,0.153,1.75,0.0,66.4,,s,,1997.18,2450515.2,0.838
11.1817375,-9.77346111,J004443.6-094624,FITS,00 44 43.617,-09 46 24.46,0.014,1.75,1.25,0.153,0.0,0.0,87.0,,s,,1997.18,2450515.3,5.748
11.2273625,-9.77355,J004454.5-094624,FITS,00 44 54.567,-09 46 24.78,0.014,1.83,1.82,0.153,3.69,0.0,113.3,,g,,1997.18,2450515.3,6.038
31.28305,-9.77368611,J020507.9-094625,FITS,02 05 07.932,-09 46 25.27,0.094,1.91,2.67,0.154,6.47,0.0,86.8,,g,,1997.18,2450515.4,3.392
38.26345,-9.77374167,J023303.2-094625,FITS,02 33 03.228,-09 46 25.47,0.573,1.0,0.48,0.144,0.0,0.0,60.8,,,,2002.12,2452319.2,2175.49
336.18981667,-9.77383611,J222445.5-094625,FITS,22 24 45.556,-09 46 25.81,0.014,2.8,2.38,0.153,0.0,0.0,89.7,,g,,1997.204,2450523.8,12.496
10.18595417,-9.77385278,J004044.6-094625,FITS,00 40 44.629,-09 46 25.87,0.272,1.56,1.17,0.153,3.07,0.0,104.0,,,,1997.18,2450515.1,1.019
30.501675,-9.77420833,J020200.4-094627,FITS,02 02 00.402,-09 46 27.15,0.786,1.01,0.9,0.149,4.2,0.0,77.2,,,,1997.18,2450515.4,2.753
31.27772917,-9.77442778,J020506.6-094627,FITS,02 05 06.655,-09 46 27.94,0.673,1.12,3.37,0.153,19.85,0.0,89.2,,g,,1997.181,2450515.4,3.285
354.42039167,-9.77446389,J233740.8-094628,FITS,23 37 40.894,-09 46 28.07,0.865,1.05,0.76,0.142,0.0,0.0,108.0,,g,,1997.291,2450555.6,8.286
3.47299583,-9.77446667,J001353.5-094628,FITS,00 13 53.519,-09 46 28.08,0.014,9.26,9.47,0.154,1.68,0.0,84.5,,,,1997.185,2450516.8,8.963
347.59165,-9.77448056,J231021.9-094628,FITS,23 10 21.996,-09 46 28.13,0.564,1.03,0.77,0.14,2.03,0.0,149.0,,,,1997.294,2450556.8,1.871
334.82723333,-9.7747,J221918.5-094628,FITS,22 19 18.536,-09 46 28.92,0.441,1.03,0.66,0.138,0.0,0.0,77.4,,,,1997.183,2450516.3,5.403
31.27505417,-9.77484167,J020506.0-094629,FITS,02 05 06.013,-09 46 29.43,0.014,2.16,2.02,0.153,1.37,0.0,101.0,,,,1997.181,2450515.4,3.232
5.246275,-9.77489722,J002059.1-094629,FITS,00 20 59.106,-09 46 29.63,0.014,6.82,6.16,0.183,0.0,0.0,51.2,,g,,1997.215,2450527.8,22.424
338.79513333,-9.77490833,J223510.8-094629,FITS,22 35 10.832,-09 46 29.67,0.014,2.66,2.84,0.153,3.1,0.0,101.0,,,,1997.276,2450550.3,11.418
342.2804875,-9.77505833,J224907.3-094630,FITS,22 49 07.317,-09 46 30.21,0.668,1.07,3.48,0.143,10.15,7.73,10.3,,g,,1997.29,2450555.5,5.734
334.05954167,-9.77510556,J221614.2-094630,FITS,22 16 14.290,-09 46 30.38,0.081,8.02,8.24,0.139,1.5,0.0,112.5,,,,1997.182,2450515.9,4.611
30.7178,-9.77513056,J020252.2-094630,FITS,02 02 52.272,-09 46 30.47,0.014,15.87,22.28,0.156,4.29,2.97,70.0,,,,1997.181,2450515.5,6.011
341.05365417,-9.77513889,J224412.8-094630,FITS,22 44 12.877,-09 46 30.50,0.014,6.14,5.9,0.154,0.79,0.0,106.2,,g,,1997.274,2450549.6,11.775
354.15550833,-9.77529167,J233637.3-094631,FITS,23 36 37.322,-09 46 31.05,0.718,1.06,0.46,0.156,0.0,0.0,89.7,,g,,1997.253,2450541.8,22.006
356.68304167,-9.77533889,J234643.9-094631,FITS,23 46 43.930,-09 46 31.22,0.014,2.04,1.5,0.144,0.0,0.0,101.1,,,,1997.29,2450555.3,9.27
0.35674583,-9.77535,J000125.6-094631,FITS,00 01 25.619,-09 46 31.26,0.722,1.03,0.69,0.141,0.0,0.0,55.6,,,,1997.18,2450515.3,0.0
27.05425,-9.77538333,J014813.0-094631,FITS,01 48 13.020,-09 46 31.38,0.014,2.95,2.49,0.155,0.0,0.0,88.4,,,,1997.181,2450515.5,5.878
14.88779167,-9.775425,J005933.0-094631,FITS,00 59 33.070,-09 46 31.53,0.422,1.22,0.88,0.158,3.17,0.0,45.1,,,,1997.181,2450515.4,5.307
343.8800375,-9.77580556,J225531.2-094632,FITS,22 55 31.209,-09 46 32.90,0.092,1.08,0.77,0.141,0.0,0.0,31.9,,,,1997.295,2450557.1,0.0
15.17864167,-9.77582778,J010042.8-094632,FITS,01 00 42.874,-09 46 32.98,0.877,1.14,0.85,0.156,2.3,0.0,111.7,,,,1997.181,2450515.4,4.197
18.42075833,-9.77585,J011340.9-094633,FITS,01 13 40.982,-09 46 33.06,0.014,75.92,76.44,0.143,0.72,0.0,133.6,,,,1997.18,2450515.2,0.875
351.35803333,-9.77615278,J232525.9-094634,FITS,23 25 25.928,-09 46 34.15,0.218,1.09,0.55,0.142,0.0,0.0,89.8,,,,1997.295,2450557.1,0.0
11.1867125,-9.77616111,J004444.8-094634,FITS,00 44 44.811,-09 46 34.18,0.014,1.45,1.43,0.153,2.49,0.0,144.1,,,,1997.181,2450515.5,5.82
348.75960417,-9.77646667,J231502.3-094635,FITS,23 15 02.305,-09 46 35.28,0.137,1.21,0.89,0.156,0.0,0.0,89.3,,,,1997.276,2450550.4,5.918
338.80150417,-9.77646944,J223512.3-094635,FITS,22 35 12.361,-09 46 35.29,0.014,2.78,3.6,0.154,6.03,0.0,93.7,,,,1997.275,2450549.7,11.755
37.89297917,-9.77649167,J023134.3-094635,FITS,02 31 34.315,-09 46 35.37,0.014,4.05,3.76,0.142,0.0,0.0,147.3,,,,1997.181,2450515.4,0.0
334.84995,-9.77664444,J221923.9-094635,FITS,22 19 23.988,-09 46 35.92,0.191,1.08,0.87,0.139,1.79,0.0,173.5,,g,,1997.18,2450515.3,0.0
358.6637,-9.77674167,J235439.2-094636,FITS,23 54 39.288,-09 46 36.27,0.2,1.64,0.97,0.154,0.0,0.0,90.7,,,,1997.256,2450543.0,21.547
15.2991,-9.77691667,J010111.7-094636,FITS,01 01 11.784,-09 46 36.90,0.865,1.03,0.73,0.142,0.0,0.0,131.1,,,,1997.18,2450515.3,1.839
20.49699583,-9.77693333,J012159.2-094636,FITS,01 21 59.279,-09 46 36.96,0.014,2.67,2.8,0.144,2.52,0.0,123.9,,g,,1997.181,2450515.4,2.791
30.25820833,-9.77695278,J020101.9-094637,FITS,02 01 01.970,-09 46 37.03,0.42,1.06,0.55,0.148,0.0,0.0,90.9,,g,,1997.181,2450515.4,2.572
16.73402083,-9.77696944,J010656.1-094637,FITS,01 06 56.165,-09 46 37.09,0.014,17.26,17.36,0.147,1.18,0.0,178.8,,,,1997.18,2450515.4,3.056
32.140925,-9.77703056,J020833.8-094637,FITS,02 08 33.822,-09 46 37.31,0.014,3.11,2.88,0.158,0.0,0.0,78.6,,,,1997.181,2450515.5,5.363
30.15820833,-9.77713889,J020037.9-094637,FITS,02 00 37.970,-09 46 37.70,0.221,1.06,1.07,0.158,6.54,0.0,61.1,,,,1997.181,2450515.5,4.598
10.015475,-9.77723611,J004003.7-094638,FITS,00 40 03.714,-09 46 38.05,0.865,1.0,0.89,0.149,5.3,0.0,82.1,,,,1997.18,2450515.3,2.434
10.18804583,-9.77741111,J004045.1-094638,FITS,00 40 45.131,-09 46 38.68,0.528,1.28,0.52,0.15,0.0,0.0,93.3,,,,1997.18,2450515.3,1.637
356.77404583,-9.77743056,J234705.7-094638,FITS,23 47 05.771,-09 46 38.75,0.523,1.11,0.68,0.15,0.0,0.0,77.3,,,,1997.275,2450549.8,17.076
11.50626667,-9.77744722,J004601.5-094638,FITS,00 46 01.504,-09 46 38.81,0.436,1.02,0.58,0.146,0.0,0.0,44.2,,,,1997.18,2450515.4,2.612
15.36125833,-9.77761111,J010126.7-094639,FITS,01 01 26.702,-09 46 39.40,0.732,1.01,0.6,0.142,0.0,0.0,116.0,,g,,1997.18,2450515.4,0.0
28.96665,-9.77775833,J015551.9-094639,FITS,01 55 51.996,-09 46 39.93,0.172,1.02,0.82,0.145,0.0,0.0,109.3,,g,,1997.181,2450515.4,2.109
347.88656667,-9.77781111,J231132.7-094640,FITS,23 11 32.776,-09 46 40.12,0.014,4.74,4.41,0.156,0.78,0.0,80.5,,s,,1997.281,2450552.2,5.878
10.214775,-9.77800556,J004051.5-094640,FITS,00 40 51.546,-09 46 40.82,0.649,1.03,1.08,0.155,8.53,0.0,79.4,,,,1997.18,2450515.3,2.077
30.7222625,-9.77808611,J020253.3-094641,FITS,02 02 53.343,-09 46 41.11,0.014,15.33,21.72,0.157,4.64,2.69,60.1,,,,1997.181,2450515.6,6.069
18.46066667,-9.77811389,J011350.5-094641,FITS,01 13 50.560,-09 46 41.21,0.014,5.51,6.01,0.143,2.77,0.0,51.3,,,,1997.18,2450515.4,2.006
344.44929583,-9.77815833,J225747.8-094641,FITS,22 57 47.831,-09 46 41.37,0.014,21.6,23.92,0.249,2.14,1.58,77.0,,,,1997.288,2450554.6,4.878
18.97705417,-9.77824167,J011554.4-094641,FITS,01 15 54.493,-09 46 41.67,0.014,11.88,14.0,0.149,3.13,1.85,14.1,,,,1997.181,2450515.4,3.206
34.29082083,-9.77835278,J021709.7-094642,FITS,02 17 09.797,-09 46 42.07,0.525,1.18,1.12,0.166,3.68,0.0,113.3,,,,1997.181,2450515.5,3.583
334.826425,-9.77839722,J221918.3-094642,FITS,22 19 18.342,-09 46 42.23,0.014,3.38,3.93,0.138,4.39,0.0,55.9,,g,,1997.183,2450516.3,5.33
28.67597917,-9.77841944,J015442.2-094642,FITS,01 54 42.235,-09 46 42.31,0.094,1.3,0.82,0.157,0.0,0.0,58.8,,g,,1997.181,2450515.5,4.268
25.14691667,-9.778525,J014035.2-094642,FITS,01 40 35.260,-09 46 42.69,0.653,1.48,1.37,0.232,3.49,0.0,94.2,,,,1997.181,2450515.4,0.0
342.27634583,-9.77883611,J224906.3-094643,FITS,22 49 06.323,-09 46 43.81,0.527,1.03,0.79,0.143,1.85,0.0,98.7,,,,1997.29,2450555.4,5.991
26.40114583,-9.77911944,J014536.2-094644,FITS,01 45 36.275,-09 46 44.83,0.501,1.24,0.55,0.159,0.0,0.0,82.1,,,,1997.181,2450515.6,4.741
342.29705,-9.77914167,J224911.2-094644,FITS,22 49 11.292,-09 46 44.91,0.431,1.08,1.86,0.142,8.04,0.0,95.5,,,,1997.292,2450555.9,5.089
24.38731667,-9.77934444,J013732.9-094645,FITS,01 37 32.956,-09 46 45.64,0.014,1.63,3.63,0.141,9.89,2.73,62.0,,s,,1997.181,2450515.4,0.0
37.89494583,-9.77943889,J023134.7-094645,FITS,02 31 34.787,-09 46 45.98,0.014,3.56,3.28,0.142,1.74,0.0,116.1,,,,1997.181,2450515.4,0.0
355.6284,-9.77975556,J234230.8-094647,FITS,23 42 30.816,-09 46 47.12,0.344,1.1,0.58,0.153,0.0,0.0,87.9,,g,,1997.246,2450539.4,22.737
340.08615833,-9.77977222,J224020.6-094647,FITS,22 40 20.678,-09 46 47.18,0.014,2.24,2.35,0.141,3.49,0.0,12.0,,,,1997.294,2450556.8,1.914
344.86496667,-9.77983611,J225927.5-094647,FITS,22 59 27.592,-09 46 47.41,0.877,1.38,1.0,0.222,0.0,0.0,16.9,,,,1997.283,2450552.8,5.731
17.74507083,-9.77989167,J011058.8-094647,FITS,01 10 58.817,-09 46 47.61,0.081,1.19,1.09,0.145,4.22,0.0,103.7,,g,,1997.181,2450515.4,2.649
25.7936375,-9.779975,J014310.4-094647,FITS,01 43 10.473,-09 46 47.91,0.326,1.02,0.81,0.147,4.08,0.0,97.2,,,,1997.181,2450515.4,1.94
36.22605,-9.78034722,J022454.2-094649,FITS,02 24 54.252,-09 46 49.25,0.725,1.04,0.45,0.147,0.0,0.0,89.0,,,,1998.461,2450982.6,1360.885
10.85365417,-9.78040556,J004324.8-094649,FITS,00 43 24.877,-09 46 49.46,0.014,6.94,6.72,0.142,0.57,0.0,106.4,,,,1997.18,2450515.3,0.0
349.0469125,-9.78049722,J231611.2-094649,FITS,23 16 11.259,-09 46 49.79,0.014,1.29,0.74,0.138,0.0,0.0,80.0,,g,,1997.293,2450556.5,2.679
18.9770625,-9.78090278,J011554.4-094651,FITS,01 15 54.495,-09 46 51.25,0.014,18.0,21.0,0.149,3.18,1.5,29.4,,s,,1997.181,2450515.5,3.221
25.22264583,-9.78094167,J014053.4-094651,FITS,01 40 53.435,-09 46 51.39,0.195,4.38,3.97,0.228,0.0,0.0,132.1,,,,1997.181,2450515.4,2.23
30.8441625,-9.78116111,J020322.5-094652,FITS,02 03 22.599,-09 46 52.18,0.589,1.14,0.42,0.158,0.0,0.0,89.6,,g,,1997.182,2450515.7,5.579
348.35135417,-9.78118889,J231324.3-094652,FITS,23 13 24.325,-09 46 52.28,0.014,2.47,6.44,0.142,12.1,3.76,7.9,,g,,1997.295,2450557.1,0.0
2.2685125,-9.78123056,J000904.4-094652,FITS,00 09 04.443,-09 46 52.43,0.257,1.06,0.81,0.152,0.57,0.0,119.0,,g,,1997.218,2450528.9,22.597
12.28790417,-9.7814,J004909.0-094653,FITS,00 49 09.097,-09 46 53.04,0.136,1.51,1.08,0.177,1.79,0.0,113.2,,,,1997.18,2450515.4,2.044
333.235325,-9.78147222,J221256.4-094653,FITS,22 12 56.478,-09 46 53.30,0.014,8.75,19.95,0.156,9.36,3.94,47.5,,,,1997.178,2450514.6,1.773
334.5847375,-9.78149167,J221820.3-094653,FITS,22 18 20.337,-09 46 53.37,0.014,9.64,13.07,0.156,4.32,2.35,114.9,,,,1997.225,2450531.6,12.791
333.32434167,-9.78167778,J221317.8-094654,FITS,22 13 17.842,-09 46 54.04,0.418,1.03,0.88,0.14,4.07,0.0,104.4,,,,1997.18,2450515.1,0.89
38.89355833,-9.78183056,J023534.4-094654,FITS,02 35 34.454,-09 46 54.59,0.492,1.02,0.5,0.142,0.0,0.0,102.1,,,,2004.219,2453085.7,2179.283
33.30295417,-9.78188889,J021312.7-094654,FITS,02 13 12.709,-09 46 54.80,0.405,1.01,1.06,0.145,4.92,0.0,84.1,,s,,1997.181,2450515.4,1.794
355.64675,-9.78229167,J234235.2-094656,FITS,23 42 35.220,-09 46 56.25,0.313,1.13,0.73,0.153,2.85,0.0,81.1,,s,,1997.253,2450541.8,22.015
335.55094167,-9.78233889,J222212.2-094656,FITS,22 22 12.226,-09 46 56.42,0.47,1.07,0.44,0.14,0.0,0.0,87.5,,,,1997.185,2450517.0,6.551
10.169675,-9.78240833,J004040.7-094656,FITS,00 40 40.722,-09 46 56.67,0.797,1.02,0.41,0.15,0.0,0.0,92.7,,,,1997.18,2450515.2,0.835
354.7861625,-9.78255833,J233908.6-094657,FITS,23 39 08.679,-09 46 57.21,0.014,1.92,1.26,0.154,0.0,0.0,108.4,,,,1997.229,2450533.0,23.433
8.66339167,-9.78257778,J003439.2-094657,FITS,00 34 39.214,-09 46 57.28,0.014,1.81,1.69,0.139,1.97,0.0,95.1,,g,,1997.18,2450515.2,0.784
345.255725,-9.78263333,J230101.3-094657,FITS,23 01 01.374,-09 46 57.48,0.014,6.73,6.73,0.147,2.34,0.0,73.2,,g,,1997.292,2450555.9,3.57
333.23867083,-9.78268333,J221257.2-094657,FITS,22 12 57.281,-09 46 57.66,0.014,26.42,46.36,0.155,5.73,4.51,22.1,,g,,1997.178,2450514.6,1.729
30.57224167,-9.78277778,J020217.3-094658,FITS,02 02 17.338,-09 46 58.00,0.272,1.26,2.0,0.157,6.11,2.51,51.4,,,,1997.181,2450515.6,4.263
12.4382,-9.78279722,J004945.1-094658,FITS,00 49 45.168,-09 46 58.07,0.547,1.14,0.78,0.177,0.0,0.0,80.4,,g,,1997.18,2450515.4,1.657
28.67819167,-9.78311944,J015442.7-094659,FITS,01 54 42.766,-09 46 59.23,0.094,1.3,1.81,0.156,6.22,0.0,145.7,,g,,1997.181,2450515.6,4.257
334.5869625,-9.78319167,J221820.8-094659,FITS,22 18 20.871,-09 46 59.49,0.014,11.11,18.28,0.156,5.74,3.68,143.1,,s,,1997.224,2450531.3,12.793
358.0921875,-9.78330833,J235222.1-094659,FITS,23 52 22.125,-09 46 59.91,0.014,2.65,2.3,0.144,2.15,0.0,101.5,,,,1997.295,2450557.2,0.0
24.38690417,-9.78380833,J013732.8-094701,FITS,01 37 32.857,-09 47 01.71,0.014,2.11,2.99,0.141,7.4,0.0,179.8,,g,,1997.181,2450515.4,0.0
343.22358333,-9.78388889,J225253.6-094702,FITS,22 52 53.660,-09 47 02.00,0.319,1.03,0.81,0.143,4.68,0.0,124.2,,,,1997.292,2450556.3,3.078
15.1719375,-9.78405278,J010041.2-094702,FITS,01 00 41.265,-09 47 02.59,0.877,1.08,0.95,0.156,4.14,0.0,118.7,,g,,1997.181,2450515.6,4.388
359.38660417,-9.78424167,J235732.7-094703,FITS,23 57 32.785,-09 47 03.27,0.014,2.13,3.17,0.136,6.58,0.0,65.1,,,,1997.228,2450532.8,22.539
17.74999167,-9.78428611,J011059.9-094703,FITS,01 10 59.998,-09 47 03.43,0.401,1.02,0.58,0.146,0.0,0.0,72.4,,,,1997.181,2450515.5,2.769
342.2705875,-9.78437778,J224904.9-094703,FITS,22 49 04.941,-09 47 03.76,0.723,1.04,0.58,0.143,0.0,0.0,108.5,,s,,1997.29,2450555.2,6.37
359.38360833,-9.78447222,J235732.0-094704,FITS,23 57 32.066,-09 47 04.10,0.014,6.87,8.1,0.137,3.15,1.24,86.0,,,,1997.228,2450532.8,22.565
349.54262083,-9.784475,J231810.2-094704,FITS,23 18 10.229,-09 47 04.11,0.014,4.02,4.21,0.153,2.89,0.0,75.5,,,,1997.279,2450551.2,5.968
355.50400417,-9.78449167,J234200.9-094704,FITS,23 42 00.961,-09 47 04.17,0.014,4.15,3.53,0.151,0.0,0.0,166.4,,g,,1997.227,2450532.2,23.398
29.0096375,-9.784525,J015602.3-094704,FITS,01 56 02.313,-09 47 04.29,0.016,2.43,2.52,0.15,3.0,0.0,96.4,,g,,1997.181,2450515.5,2.967
35.619775,-9.78456111,J022228.7-094704,FITS,02 22 28.746,-09 47 04.42,0.014,2.74,3.02,0.143,4.08,0.0,92.5,,,,1997.181,2450515.4,0.0
349.54037917,-9.78472222,J231809.6-094705,FITS,23 18 09.691,-09 47 05.00,0.014,3.44,3.88,0.153,3.28,0.0,100.4,,,,1997.279,2450551.2,5.968
340.40878333,-9.78488056,J224138.1-094705,FITS,22 41 38.108,-09 47 05.57,0.06,1.59,1.47,0.22,3.23,0.0,79.3,,g,,1997.25,2450540.6,13.148
33.40278333,-9.78500278,J021336.6-094706,FITS,02 13 36.668,-09 47 06.01,0.014,1.91,1.55,0.146,0.0,0.0,50.1,,g,,1997.181,2450515.4,0.0
19.67009167,-9.78513611,J011840.8-094706,FITS,01 18 40.822,-09 47 06.49,0.429,1.07,0.53,0.155,0.0,0.0,90.7,,g,,1997.181,2450515.7,4.429
339.12817083,-9.78513889,J223630.7-094706,FITS,22 36 30.761,-09 47 06.50,0.014,7.34,7.21,0.16,1.41,0.0,94.6,,g,,1997.257,2450543.3,13.504
14.63871667,-9.78529444,J005833.2-094707,FITS,00 58 33.292,-09 47 07.06,0.443,1.07,0.99,0.143,3.03,0.0,109.0,,,,1997.18,2450515.4,0.0
353.336175,-9.78551667,J233320.6-094707,FITS,23 33 20.682,-09 47 07.86,0.014,7.91,7.81,0.245,1.56,0.0,90.2,,,,1997.239,2450536.6,23.265
344.02483333,-9.78570833,J225605.9-094708,FITS,22 56 05.960,-09 47 08.55,0.517,1.03,0.53,0.152,0.0,0.0,82.9,,s,,1997.29,2450555.4,4.206
2.63112917,-9.785725,J001031.4-094708,FITS,00 10 31.471,-09 47 08.61,0.653,1.0,1.24,0.139,6.86,0.0,79.7,,,,1997.18,2450515.3,0.0
26.5962125,-9.78575556,J014623.0-094708,FITS,01 46 23.091,-09 47 08.72,0.504,1.02,0.86,0.147,2.33,0.0,170.3,,s,,1997.181,2450515.4,0.0
18.41550833,-9.78576944,J011339.7-094708,FITS,01 13 39.722,-09 47 08.77,0.014,76.18,79.74,0.142,1.65,0.75,140.5,,,,1997.18,2450515.2,0.784
343.18048333,-9.78630556,J225243.3-094710,FITS,22 52 43.316,-09 47 10.70,0.586,1.0,0.67,0.14,0.0,0.0,139.3,,g,,1997.294,2450556.7,2.133
343.98064583,-9.78632222,J225555.3-094710,FITS,22 55 55.355,-09 47 10.76,0.014,9.64,12.23,0.145,4.54,0.0,77.2,,s,,1997.292,2450556.2,3.197
350.70939583,-9.78638611,J232250.2-094710,FITS,23 22 50.255,-09 47 10.99,0.12,1.1,0.6,0.141,0.0,0.0,91.6,,,,1997.293,2450556.5,2.726
24.38714583,-9.78671667,J013732.9-094712,FITS,01 37 32.915,-09 47 12.18,0.014,6.71,10.82,0.141,5.16,3.85,89.5,,s,,1997.181,2450515.4,0.0
17.78250417,-9.78676111,J011107.8-094712,FITS,01 11 07.801,-09 47 12.34,0.181,1.27,0.77,0.15,1.19,0.0,54.0,,,,1997.181,2450515.6,3.457
2.65910417,-9.78676944,J001038.1-094712,FITS,00 10 38.185,-09 47 12.37,0.014,9.46,11.21,0.14,3.29,0.98,87.8,,,,1997.18,2450515.3,0.0
356.21056667,-9.78677222,J234450.5-094712,FITS,23 44 50.536,-09 47 12.38,0.295,1.13,0.77,0.152,2.41,0.0,131.4,,g,,1997.232,2450534.1,23.443
17.77562917,-9.78678611,J011106.1-094712,FITS,01 11 06.151,-09 47 12.43,0.014,4.53,4.94,0.149,3.19,0.0,118.0,,,,1997.181,2450515.6,3.311
4.1960875,-9.78679167,J001647.0-094712,FITS,00 16 47.061,-09 47 12.45,0.014,1.72,1.52,0.141,2.2,0.0,78.8,,,,1997.184,2450516.5,7.675
352.001625,-9.78691389,J232800.3-094712,FITS,23 28 00.390,-09 47 12.89,0.47,1.06,0.54,0.144,0.0,0.0,84.4,,g,,1997.292,2450555.9,3.591
333.49156667,-9.78703889,J221357.9-094713,FITS,22 13 57.976,-09 47 13.34,0.014,10.67,11.44,0.146,1.91,1.11,123.9,,,,1997.184,2450516.5,6.627
5.4378875,-9.7871,J002145.0-094713,FITS,00 21 45.093,-09 47 13.56,0.014,12.14,12.06,0.153,0.76,0.0,140.5,,g,,1997.198,2450521.7,16.68
7.73657917,-9.78723889,J003056.7-094714,FITS,00 30 56.779,-09 47 14.06,0.432,1.03,0.79,0.144,2.28,0.0,66.5,,,,1997.185,2450517.2,9.494
336.624325,-9.78731944,J222629.8-094714,FITS,22 26 29.838,-09 47 14.35,0.158,1.12,0.67,0.154,0.0,0.0,100.7,,,,1997.216,2450528.4,12.994
341.449725,-9.78756944,J224547.9-094715,FITS,22 45 47.934,-09 47 15.25,0.014,3.09,2.86,0.153,1.35,0.0,76.2,,s,,1997.274,2450549.5,12.231
354.9474625,-9.78763889,J233947.3-094715,FITS,23 39 47.391,-09 47 15.50,0.378,1.22,0.78,0.152,2.13,0.0,70.6,,s,,1997.27,2450547.9,18.693
345.5060375,-9.78785556,J230201.4-094716,FITS,23 02 01.449,-09 47 16.28,0.2,1.16,1.1,0.147,3.09,0.0,0.4,,g,,1997.291,2450555.8,3.748
341.61752917,-9.78791667,J224628.2-094716,FITS,22 46 28.207,-09 47 16.50,0.014,1.69,1.38,0.142,0.0,0.0,147.3,,g,,1997.295,2450557.1,0.0
3.32185833,-9.78792778,J001317.2-094716,FITS,00 13 17.246,-09 47 16.54,0.679,1.06,0.67,0.151,1.2,0.0,97.3,,,,1997.183,2450516.2,6.552
352.29635417,-9.78833611,J232911.1-094718,FITS,23 29 11.125,-09 47 18.01,0.014,1.37,0.8,0.15,0.0,0.0,60.6,,,,1997.289,2450555.0,4.614
15.06329583,-9.78835556,J010015.1-094718,FITS,01 00 15.191,-09 47 18.08,0.866,1.06,0.93,0.156,3.01,0.0,82.6,,g,,1997.182,2450516.1,5.928
6.77392083,-9.78835833,J002705.7-094718,FITS,00 27 05.741,-09 47 18.09,0.014,1.86,1.69,0.153,0.0,0.0,44.4,,g,,1997.221,2450530.3,22.814
33.66375417,-9.78835833,J021439.3-094718,FITS,02 14 39.301,-09 47 18.09,0.014,2.99,3.5,0.156,4.1,0.0,36.2,,g,,1997.182,2450516.1,5.719
17.34146667,-9.78885,J010921.9-094719,FITS,01 09 21.952,-09 47 19.86,0.351,1.07,0.97,0.15,2.63,0.0,147.8,,g,,1997.182,2450516.1,5.664
344.7712625,-9.78907778,J225905.1-094720,FITS,22 59 05.103,-09 47 20.68,0.014,6.29,6.36,0.252,1.52,0.0,107.5,,s,,1997.291,2450555.5,4.067
355.32600833,-9.78914722,J234118.2-094720,FITS,23 41 18.242,-09 47 20.93,0.016,1.91,1.55,0.152,0.0,0.0,88.0,,s,,1997.263,2450545.6,20.21
21.7228125,-9.78928056,J012653.4-094721,FITS,01 26 53.475,-09 47 21.41,0.014,2.05,2.76,0.149,6.97,0.0,12.0,,g,,1997.183,2450516.3,6.165
6.77184583,-9.78930556,J002705.2-094721,FITS,00 27 05.243,-09 47 21.50,0.014,1.63,1.67,0.153,3.45,0.0,103.1,,s,,1997.222,2450530.6,22.865
10.49540833,-9.78931389,J004158.8-094721,FITS,00 41 58.898,-09 47 21.53,0.014,6.09,6.18,0.214,1.69,0.0,91.9,,g,,1997.183,2450516.2,6.266
10.7568375,-9.78933056,J004301.6-094721,FITS,00 43 01.641,-09 47 21.59,0.014,3.84,3.98,0.156,2.34,0.0,83.0,,g,,1997.181,2450515.5,2.66
9.70420417,-9.78961944,J003849.0-094722,FITS,00 38 49.009,-09 47 22.63,0.014,1.55,1.05,0.154,0.0,0.0,106.8,,g,,1997.183,2450516.2,6.062
350.86441667,-9.789725,J232327.4-094723,FITS,23 23 27.460,-09 47 23.01,0.255,1.07,0.63,0.155,0.0,0.0,89.4,,,,1997.284,2450553.2,5.605
23.0750625,-9.78990278,J013218.0-094723,FITS,01 32 18.015,-09 47 23.65,0.014,28.1,31.52,0.156,2.61,1.19,124.7,,,,1997.182,2450515.8,4.366
354.12739167,-9.79013611,J233630.5-094724,FITS,23 36 30.574,-09 47 24.49,0.014,2.34,1.55,0.156,0.0,0.0,108.0,,,,1997.25,2450540.9,22.303
4.06464167,-9.79034444,J001615.5-094725,FITS,00 16 15.514,-09 47 25.24,0.494,1.04,0.87,0.141,1.73,0.0,66.6,,,,1997.183,2450516.4,7.117
8.789275,-9.79087778,J003509.4-094727,FITS,00 35 09.426,-09 47 27.16,0.014,1.94,1.84,0.15,1.87,0.0,90.1,,s,,1997.181,2450515.7,3.627
27.48834583,-9.79089444,J014957.2-094727,FITS,01 49 57.203,-09 47 27.22,0.797,1.01,0.43,0.148,0.0,0.0,87.2,,,,1997.181,2450515.6,2.574
23.08021667,-9.79095,J013219.2-094727,FITS,01 32 19.252,-09 47 27.42,0.014,15.03,18.45,0.157,3.6,1.49,113.8,,s,,1997.182,2450515.9,4.474
21.2499375,-9.79113056,J012459.9-094728,FITS,01 24 59.985,-09 47 28.07,0.014,34.01,42.14,0.143,3.21,2.38,69.4,,,,1997.181,2450515.6,2.806
8.7873,-9.79128333,J003508.9-094728,FITS,00 35 08.952,-09 47 28.62,0.014,1.35,1.67,0.149,5.11,0.0,99.4,,,,1997.181,2450515.7,3.587
16.10443333,-9.79132222,J010425.0-094728,FITS,01 04 25.064,-09 47 28.76,0.108,1.13,0.83,0.141,4.29,0.0,70.9,,,,1997.18,2450515.4,0.0
342.5690875,-9.79136389,J225016.5-094728,FITS,22 50 16.581,-09 47 28.91,0.014,3.34,4.27,0.155,4.56,0.0,87.5,,s,,1997.287,2450554.4,4.983
358.69265833,-9.79139722,J235446.2-094729,FITS,23 54 46.238,-09 47 29.03,0.404,1.13,0.58,0.152,0.0,0.0,90.0,,,,1997.269,2450547.8,18.788
37.95759167,-9.79143611,J023149.8-094729,FITS,02 31 49.822,-09 47 29.17,0.014,2.19,1.96,0.141,0.4,0.0,85.6,,,,1997.712,2450709.4,906.424
2.95662917,-9.7917,J001149.5-094730,FITS,00 11 49.591,-09 47 30.12,0.014,33.19,40.2,0.156,3.73,0.0,103.7,,,,1997.222,2450530.5,22.689
21.24751667,-9.79182222,J012459.4-094730,FITS,01 24 59.404,-09 47 30.56,0.014,30.26,55.42,0.143,7.18,3.04,73.1,,g,,1997.181,2450515.6,2.859
21.37755,-9.79183056,J012530.6-094730,FITS,01 25 30.612,-09 47 30.59,0.657,1.04,0.58,0.138,0.0,0.0,86.0,,s,,1997.181,2450515.4,0.0
27.61349167,-9.79184167,J015027.2-094730,FITS,01 50 27.238,-09 47 30.63,0.014,5.05,4.87,0.159,1.16,0.0,93.6,,g,,1997.182,2450516.1,5.077
16.2192,-9.79187222,J010452.6-094730,FITS,01 04 52.608,-09 47 30.74,0.35,1.13,0.73,0.142,3.12,0.0,72.3,,s,,1997.181,2450515.5,2.218
26.59355,-9.79194167,J014622.4-094730,FITS,01 46 22.452,-09 47 30.99,0.014,13.22,28.38,0.147,10.52,2.64,7.7,,,,1997.181,2450515.4,0.0
340.81574583,-9.79195,J224315.7-094731,FITS,22 43 15.779,-09 47 31.02,0.352,1.01,0.7,0.146,4.03,0.0,81.4,,,,1997.291,2450555.7,5.995
354.40511667,-9.79209444,J233737.2-094731,FITS,23 37 37.228,-09 47 31.54,0.788,1.04,0.54,0.142,0.0,0.0,77.2,,,,1997.295,2450557.2,0.0
21.72172083,-9.79213056,J012653.2-094731,FITS,01 26 53.213,-09 47 31.67,0.014,1.69,2.73,0.149,4.84,4.29,73.1,,g,,1997.183,2450516.4,6.173
337.91609167,-9.79222222,J223139.8-094732,FITS,22 31 39.862,-09 47 32.00,0.014,2.83,2.38,0.142,0.0,0.0,74.6,,g,,1997.295,2450557.1,0.0
15.1807625,-9.79237778,J010043.3-094732,FITS,01 00 43.383,-09 47 32.56,0.797,1.08,0.57,0.155,0.0,0.0,86.0,,g,,1997.182,2450515.9,4.263
37.88085833,-9.79238889,J023131.4-094732,FITS,02 31 31.406,-09 47 32.60,0.014,2.85,3.15,0.141,2.55,0.56,115.3,,,,1997.181,2450515.4,0.0
6.2488625,-9.79246389,J002459.7-094732,FITS,00 24 59.727,-09 47 32.87,0.226,1.09,0.69,0.144,1.44,0.0,66.0,,,,1997.189,2450518.6,12.168
25.41855833,-9.79263333,J014140.4-094733,FITS,01 41 40.454,-09 47 33.48,0.405,1.34,3.92,0.198,15.1,0.0,82.7,,s,,1997.183,2450516.3,5.79
354.5702,-9.79269722,J233816.8-094733,FITS,23 38 16.848,-09 47 33.71,0.352,1.22,1.18,0.154,4.21,0.0,55.1,,,,1997.266,2450546.6,19.597
12.10430417,-9.79274444,J004825.0-094733,FITS,00 48 25.033,-09 47 33.88,0.483,1.14,0.82,0.169,1.49,0.0,90.3,,,,1997.183,2450516.2,5.539
15.15574167,-9.79278611,J010037.3-094734,FITS,01 00 37.378,-09 47 34.03,0.014,6.29,6.37,0.157,1.7,0.0,114.2,,g,,1997.182,2450516.0,4.751
22.58563333,-9.79303333,J013020.5-094734,FITS,01 30 20.552,-09 47 34.92,0.014,2.48,3.24,0.157,5.86,0.0,61.8,,s,,1997.183,2450516.3,5.75
13.92747917,-9.79311111,J005542.5-094735,FITS,00 55 42.595,-09 47 35.20,0.573,1.06,1.37,0.14,5.06,0.0,73.4,,g,,1997.181,2450515.4,1.533
348.59218333,-9.79329167,J231422.1-094735,FITS,23 14 22.124,-09 47 35.85,0.014,2.27,2.46,0.156,4.15,0.0,117.3,,g,,1997.286,2450553.9,5.302
25.41672083,-9.79355,J014140.0-094736,FITS,01 41 40.013,-09 47 36.78,0.014,20.81,21.35,0.198,1.51,0.0,99.3,,g,,1997.183,2450516.4,5.776
28.76289167,-9.79393889,J015503.0-094738,FITS,01 55 03.094,-09 47 38.18,0.174,1.08,0.81,0.147,4.11,0.0,111.3,,,,1997.181,2450515.6,2.566
350.78016667,-9.79414167,J232307.2-094738,FITS,23 23 07.240,-09 47 38.91,0.014,5.46,5.0,0.149,0.83,0.0,87.6,,,,1997.29,2450555.4,4.17
8.28573333,-9.79421667,J003308.5-094739,FITS,00 33 08.576,-09 47 39.18,0.459,1.07,0.53,0.152,0.0,0.0,95.2,,g,,1997.183,2450516.5,6.143
30.2075125,-9.79448056,J020049.8-094740,FITS,02 00 49.803,-09 47 40.13,0.269,1.09,1.38,0.153,6.62,0.0,113.2,,,,1997.182,2450515.8,3.716
8.95715417,-9.79460556,J003549.7-094740,FITS,00 35 49.717,-09 47 40.58,0.014,20.36,21.26,0.155,1.62,0.67,137.6,,,,1997.184,2450516.5,6.102
18.1561,-9.79460556,J011237.4-094740,FITS,01 12 37.464,-09 47 40.58,0.804,1.1,0.65,0.155,0.0,0.0,62.7,,g,,1997.182,2450516.1,4.752
32.09409583,-9.79481944,J020822.5-094741,FITS,02 08 22.583,-09 47 41.35,0.191,1.32,0.83,0.158,0.34,0.0,101.5,,g,,1997.182,2450516.1,4.759
346.18719583,-9.79494167,J230444.9-094741,FITS,23 04 44.927,-09 47 41.79,0.408,1.04,0.47,0.139,0.0,0.0,78.1,,,,1997.294,2450556.7,2.15
3.3123,-9.79494722,J001314.9-094741,FITS,00 13 14.952,-09 47 41.81,0.554,1.1,0.61,0.151,0.0,0.0,80.1,,,,1997.184,2450516.5,7.477
335.61425,-9.795575,J222227.4-094744,FITS,22 22 27.420,-09 47 44.07,0.632,1.03,0.66,0.14,0.51,0.0,106.5,,,,1997.18,2450515.3,0.0
5.20203333,-9.79559444,J002048.4-094744,FITS,00 20 48.488,-09 47 44.14,0.014,23.51,23.72,0.211,1.03,0.0,176.2,,,,1997.224,2450531.1,22.732
352.64686667,-9.79559444,J233035.2-094744,FITS,23 30 35.248,-09 47 44.14,0.252,1.4,0.75,0.186,0.0,0.0,90.3,,,,1997.286,2450553.7,5.402
2.62952083,-9.79568889,J001031.0-094744,FITS,00 10 31.085,-09 47 44.48,0.088,1.33,0.79,0.138,0.0,0.0,90.2,,g,,1997.18,2450515.3,0.0
31.93615833,-9.79575556,J020744.6-094744,FITS,02 07 44.678,-09 47 44.72,0.681,1.08,0.52,0.143,0.0,0.0,107.8,,g,,1997.181,2450515.5,1.676
359.4647375,-9.79583611,J235751.5-094745,FITS,23 57 51.537,-09 47 45.01,0.014,2.32,12.01,0.114,14.47,9.73,68.8,,g,,1997.235,2450535.4,21.744
356.41866667,-9.79585556,J234540.4-094745,FITS,23 45 40.480,-09 47 45.08,0.014,2.76,2.71,0.155,2.19,0.0,90.0,,,,1997.264,2450545.8,20.084
359.48237083,-9.79590833,J235755.7-094745,FITS,23 57 55.769,-09 47 45.27,0.014,3.31,20.53,0.109,15.61,11.33,66.0,,,,1997.236,2450535.6,21.587
359.4756875,-9.79607222,J235754.1-094745,FITS,23 57 54.165,-09 47 45.86,0.014,5.92,18.86,0.111,14.88,2.72,88.1,,g,,1997.236,2450535.5,21.643
359.46975833,-9.7961,J235752.7-094745,FITS,23 57 52.742,-09 47 45.96,0.093,1.01,2.15,0.113,6.59,5.83,64.4,,,,1997.235,2450535.5,21.696
338.3331625,-9.79655833,J223319.9-094747,FITS,22 33 19.959,-09 47 47.61,0.014,6.27,6.71,0.154,2.23,0.0,82.7,,,,1997.245,2450539.1,13.438
15.6548875,-9.79676111,J010237.1-094748,FITS,01 02 37.173,-09 47 48.34,0.014,3.19,2.92,0.154,0.17,0.0,116.4,,,,1997.183,2450516.5,5.664
357.33729583,-9.79690278,J234920.9-094748,FITS,23 49 20.951,-09 47 48.85,0.35,1.07,0.53,0.141,0.0,0.0,73.7,,,,1997.295,2450557.2,0.0
19.04901667,-9.79721944,J011611.7-094749,FITS,01 16 11.764,-09 47 49.99,0.014,1.18,0.71,0.141,0.0,0.0,165.2,,,,1997.181,2450515.5,1.923
337.09563333,-9.79725278,J222822.9-094750,FITS,22 28 22.952,-09 47 50.11,0.014,36.12,37.43,0.512,1.31,0.91,32.5,,,,1997.18,2450515.3,0.0
358.6158875,-9.79729722,J235427.8-094750,FITS,23 54 27.813,-09 47 50.27,0.547,1.04,0.68,0.154,0.0,0.0,91.4,,,,1997.251,2450541.1,22.271
34.15764583,-9.79765278,J021637.8-094751,FITS,02 16 37.835,-09 47 51.55,0.613,1.09,0.84,0.145,3.3,0.0,58.3,,,,1997.181,2450515.4,0.0
357.90460833,-9.79795278,J235137.1-094752,FITS,23 51 37.106,-09 47 52.63,0.014,24.83,31.93,0.157,4.12,2.18,14.5,,,,1997.261,2450544.7,20.724
6.19216667,-9.79799167,J002446.1-094752,FITS,00 24 46.120,-09 47 52.77,0.014,13.4,13.95,0.151,1.66,0.0,106.8,,g,,1997.2,2450522.4,17.053
36.45920833,-9.79805833,J022550.2-094753,FITS,02 25 50.210,-09 47 53.01,0.014,6.9,9.74,0.14,6.35,0.0,169.4,,g,,1997.774,2450732.0,955.159
351.09664167,-9.79818333,J232423.1-094753,FITS,23 24 23.194,-09 47 53.46,0.014,2.06,1.5,0.155,0.0,0.0,87.9,,,,1997.283,2450552.7,5.768
17.33819167,-9.79828056,J010921.1-094753,FITS,01 09 21.166,-09 47 53.81,0.014,5.13,6.86,0.149,4.9,1.49,38.0,,g,,1997.184,2450516.6,5.74
340.94335833,-9.79866389,J224346.4-094755,FITS,22 43 46.406,-09 47 55.19,0.06,1.07,1.38,0.141,5.83,0.0,90.3,,s,,1997.29,2450555.4,6.705
349.7464375,-9.79868056,J231859.1-094755,FITS,23 18 59.145,-09 47 55.25,0.239,1.19,0.75,0.147,0.0,0.0,81.1,,,,1997.292,2450556.0,3.502
354.52350833,-9.79869722,J233805.6-094755,FITS,23 38 05.642,-09 47 55.31,0.781,1.01,0.45,0.149,0.0,0.0,100.1,,,,1997.279,2450551.3,15.523
7.29310833,-9.79878056,J002910.3-094755,FITS,00 29 10.346,-09 47 55.61,0.717,1.06,0.39,0.144,0.0,0.0,88.7,,g,,1997.189,2450518.6,11.934
36.17580833,-9.79920833,J022442.1-094757,FITS,02 24 42.194,-09 47 57.15,0.014,4.2,3.83,0.147,0.61,0.0,101.5,,,,1999.937,2451521.5,1855.629
348.79109167,-9.79924444,J231509.8-094757,FITS,23 15 09.862,-09 47 57.28,0.014,5.71,5.54,0.154,0.0,0.0,25.9,,s,,1997.281,2450552.0,5.921
32.72179167,-9.79940278,J021053.2-094757,FITS,02 10 53.230,-09 47 57.85,0.014,34.78,37.55,0.147,1.93,1.41,7.0,,,,1997.181,2450515.6,2.304
26.59080417,-9.79968611,J014621.7-094758,FITS,01 46 21.793,-09 47 58.87,0.029,1.25,4.14,0.147,12.91,5.55,35.6,,,,1997.181,2450515.4,0.0
359.98957083,-9.79968611,J235957.4-094758,FITS,23 59 57.497,-09 47 58.87,0.413,1.05,0.62,0.15,0.0,0.0,35.9,,g,,1997.233,2450534.4,23.296
28.01412083,-9.79973889,J015203.3-094759,FITS,01 52 03.389,-09 47 59.06,0.014,1.81,1.39,0.145,0.0,0.0,89.9,,g,,1997.181,2450515.6,2.574
10.20196667,-9.799775,J004048.4-094759,FITS,00 40 48.472,-09 47 59.19,0.402,1.15,1.51,0.151,7.11,0.0,90.9,,,,1997.181,2450515.5,1.953
345.37848333,-9.79984167,J230130.8-094759,FITS,23 01 30.836,-09 47 59.43,0.632,1.0,0.84,0.141,4.41,0.0,87.4,,,,1997.295,2450557.1,0.0
16.8747875,-9.79986667,J010729.9-094759,FITS,01 07 29.949,-09 47 59.52,0.014,4.25,3.72,0.139,0.0,0.0,82.7,,,,1997.18,2450515.4,0.0
343.75017917,-9.80010278,J225500.0-094800,FITS,22 55 00.043,-09 48 00.37,0.014,7.45,7.65,0.145,1.38,0.0,143.8,,,,1997.292,2450556.1,3.394
347.38046667,-9.80020278,J230931.3-094800,FITS,23 09 31.312,-09 48 00.73,0.014,1.92,1.14,0.155,0.0,0.0,98.1,,s,,1997.285,2450553.5,5.502
350.02482083,-9.80033889,J232005.9-094801,FITS,23 20 05.957,-09 48 01.22,0.641,1.09,0.66,0.151,0.0,0.0,177.1,,,,1997.291,2450555.7,3.94
35.69270417,-9.80037222,J022246.2-094801,FITS,02 22 46.249,-09 48 01.34,0.014,1.76,1.7,0.141,4.45,0.0,98.3,,g,,1997.637,2450682.1,842.903
5.61167917,-9.800375,J002226.8-094801,FITS,00 22 26.803,-09 48 01.35,0.016,1.23,0.87,0.14,1.29,0.0,121.1,,g,,1997.18,2450515.3,0.0
35.76272917,-9.80054167,J022303.0-094801,FITS,02 23 03.055,-09 48 01.95,0.014,3.82,3.43,0.145,0.72,0.0,33.1,,,,1998.563,2451020.1,1407.254
356.76265833,-9.80057222,J234703.0-094802,FITS,23 47 03.038,-09 48 02.06,0.349,1.0,0.76,0.148,2.61,0.0,55.5,,g,,1997.281,2450552.2,14.451
13.5403375,-9.80059722,J005409.6-094802,FITS,00 54 09.681,-09 48 02.15,0.014,1.93,1.1,0.154,0.0,0.0,116.5,,s,,1997.185,2450516.9,6.126
22.72259167,-9.80068056,J013053.4-094802,FITS,01 30 53.422,-09 48 02.45,0.204,1.2,1.26,0.15,4.0,0.0,57.1,,g,,1997.182,2450515.8,3.432
1.92272083,-9.80070278,J000741.4-094802,FITS,00 07 41.453,-09 48 02.53,0.014,4.32,3.96,0.14,0.0,0.0,82.4,,,,1997.183,2450516.4,6.751
6.018175,-9.80079722,J002404.3-094802,FITS,00 24 04.362,-09 48 02.87,0.115,1.26,1.11,0.155,6.32,0.0,127.6,,,,1997.229,2450533.1,23.106
35.31681667,-9.80095556,J022116.0-094803,FITS,02 21 16.036,-09 48 03.44,0.285,1.04,0.82,0.153,3.99,0.0,15.8,,,,1997.185,2450516.9,5.943
359.11699583,-9.80106667,J235628.0-094803,FITS,23 56 28.079,-09 48 03.84,0.014,3.54,3.26,0.155,1.32,0.0,122.9,,s,,1997.256,2450543.1,21.488
35.3231625,-9.80115,J022117.5-094804,FITS,02 21 17.559,-09 48 04.14,0.014,6.46,6.04,0.153,0.0,0.0,17.5,,s,,1997.184,2450516.8,5.89
348.06812083,-9.80115556,J231216.3-094804,FITS,23 12 16.349,-09 48 04.16,0.877,1.03,0.67,0.153,0.0,0.0,25.0,,,,1997.282,2450552.4,5.847
9.1973875,-9.80121944,J003647.3-094804,FITS,00 36 47.373,-09 48 04.39,0.014,9.99,9.97,0.154,0.91,0.0,76.4,,,,1997.182,2450516.0,3.97
337.3096875,-9.80127778,J222914.3-094804,FITS,22 29 14.325,-09 48 04.60,0.016,6.0,5.74,0.45,0.0,0.0,85.3,,,,1997.2,2450522.5,11.312
13.1667,-9.80131944,J005240.0-094804,FITS,00 52 40.008,-09 48 04.75,0.488,1.06,0.67,0.143,2.36,0.0,89.9,,g,,1997.18,2450515.3,0.0
22.10324167,-9.80151389,J012824.7-094805,FITS,01 28 24.778,-09 48 05.45,0.014,3.83,3.83,0.141,1.99,0.0,111.9,,g,,1997.181,2450515.4,0.0
19.03382083,-9.80172778,J011608.1-094806,FITS,01 16 08.117,-09 48 06.22,0.509,1.01,0.5,0.143,0.0,0.0,91.0,,,,1997.181,2450515.6,2.213
12.34084583,-9.80191667,J004921.8-094806,FITS,00 49 21.803,-09 48 06.90,0.483,1.18,1.07,0.18,3.37,0.0,104.4,,,,1997.18,2450515.3,0.0
338.78292917,-9.80205278,J223507.9-094807,FITS,22 35 07.903,-09 48 07.39,0.014,17.14,18.56,0.151,2.2,0.63,71.9,,,,1997.276,2450550.4,12.096
351.63525417,-9.80218333,J232632.4-094807,FITS,23 26 32.461,-09 48 07.86,0.014,1.48,1.96,0.156,5.99,0.0,129.0,,,,1997.284,2450553.3,5.603
352.9678875,-9.80221111,J233152.2-094807,FITS,23 31 52.293,-09 48 07.96,0.252,1.8,1.74,0.206,1.48,0.0,112.8,,s,,1997.288,2450554.7,10.496
350.37134583,-9.80221667,J232129.1-094807,FITS,23 21 29.123,-09 48 07.98,0.298,1.18,0.9,0.159,0.49,0.0,68.5,,g,,1997.285,2450553.4,5.552
354.55040833,-9.80246944,J233812.0-094808,FITS,23 38 12.098,-09 48 08.89,0.797,1.03,0.63,0.152,0.0,0.0,71.8,,,,1997.274,2450549.4,17.457
339.9312625,-9.80254444,J223943.5-094809,FITS,22 39 43.503,-09 48 09.16,0.289,1.08,0.69,0.153,0.0,0.0,68.3,,,,1997.268,2450547.2,13.604
30.02482083,-9.80262222,J020005.9-094809,FITS,02 00 05.957,-09 48 09.44,0.014,1.59,1.09,0.155,0.0,0.0,50.5,,g,,1997.185,2450517.1,6.206
21.25665833,-9.80313333,J012501.5-094811,FITS,01 25 01.598,-09 48 11.28,0.704,1.08,0.78,0.142,4.7,0.0,109.3,,,,1997.181,2450515.7,2.74
38.94255833,-9.803175,J023546.2-094811,FITS,02 35 46.214,-09 48 11.43,0.134,1.17,0.74,0.141,0.0,0.0,104.7,,,,2004.392,2453148.9,2170.585
22.10455417,-9.80323056,J012825.0-094811,FITS,01 28 25.093,-09 48 11.63,0.014,4.06,5.25,0.141,5.19,0.0,143.9,,g,,1997.181,2450515.4,0.0
3.38105,-9.80328056,J001331.4-094811,FITS,00 13 31.452,-09 48 11.81,0.671,1.11,0.8,0.153,2.81,0.0,170.4,,,,1997.18,2450515.3,0.0
30.97427083,-9.80346111,J020353.8-094812,FITS,02 03 53.825,-09 48 12.46,0.349,1.22,0.74,0.152,0.0,0.0,115.9,,s,,1997.182,2450515.9,3.413
26.47114167,-9.80354722,J014553.0-094812,FITS,01 45 53.074,-09 48 12.77,0.407,1.03,1.12,0.153,8.25,0.0,57.7,,g,,1997.182,2450515.9,3.48
1.62046667,-9.80355278,J000628.9-094812,FITS,00 06 28.912,-09 48 12.79,0.014,2.08,6.32,0.156,10.68,6.33,34.1,,,,1997.217,2450528.7,21.332
358.62187917,-9.80355833,J235429.2-094812,FITS,23 54 29.251,-09 48 12.81,0.517,1.03,0.41,0.154,0.0,0.0,85.0,,g,,1997.255,2450542.5,21.731
333.96209583,-9.80365,J221550.9-094813,FITS,22 15 50.903,-09 48 13.14,0.201,1.23,1.44,0.157,6.64,0.0,91.4,,g,,1997.186,2450517.4,8.581
334.06870833,-9.80379167,J221616.4-094813,FITS,22 16 16.490,-09 48 13.65,0.014,11.67,11.86,0.139,1.27,0.0,59.8,,,,1997.181,2450515.6,3.563
347.909375,-9.80379167,J231138.2-094813,FITS,23 11 38.250,-09 48 13.65,0.014,5.99,5.25,0.154,0.0,0.0,105.3,,s,,1997.283,2450552.9,5.729
352.985075,-9.80414722,J233156.4-094814,FITS,23 31 56.418,-09 48 14.93,0.109,3.71,4.06,0.211,1.97,1.58,102.1,,,,1997.286,2450554.0,11.816
353.44053333,-9.804175,J233345.7-094815,FITS,23 33 45.728,-09 48 15.03,0.014,5.12,4.88,0.208,1.17,0.0,39.9,,,,1997.272,2450548.7,18.016
5.68019583,-9.80463333,J002243.2-094816,FITS,00 22 43.247,-09 48 16.68,0.014,2.97,2.82,0.138,2.41,0.0,107.5,,,,1997.184,2450516.5,7.397
0.05563333,-9.804775,J000013.3-094817,FITS,00 00 13.352,-09 48 17.19,0.109,1.09,1.56,0.153,6.47,0.0,64.0,,,,1997.228,2450532.7,22.792
26.27297917,-9.805,J014505.5-094818,FITS,01 45 05.515,-09 48 18.00,0.559,1.1,0.92,0.155,0.0,0.0,173.8,,g,,1997.186,2450517.2,6.21
0.8323875,-9.80520833,J000319.7-094818,FITS,00 03 19.773,-09 48 18.75,0.014,12.82,13.06,0.153,1.34,0.0,153.5,,g,,1997.224,2450531.4,22.393
20.55321667,-9.80520833,J012212.7-094818,FITS,01 22 12.772,-09 48 18.75,0.726,1.03,0.62,0.138,2.06,0.0,69.4,,,,1997.181,2450515.5,1.892
21.19715833,-9.80523889,J012447.3-094818,FITS,01 24 47.318,-09 48 18.86,0.877,1.01,1.4,0.149,6.76,0.0,95.0,,g,,1997.182,2450516.1,3.995
338.778975,-9.80548333,J223506.9-094819,FITS,22 35 06.954,-09 48 19.74,0.014,66.68,73.19,0.151,2.04,1.51,71.8,,,,1997.277,2450550.6,12.047
27.44524167,-9.80549167,J014946.8-094819,FITS,01 49 46.858,-09 48 19.77,0.732,1.07,0.55,0.144,0.0,0.0,122.0,,,,1997.181,2450515.6,1.869
11.36594583,-9.805525,J004527.8-094819,FITS,00 45 27.827,-09 48 19.89,0.093,1.58,0.84,0.154,0.0,0.0,100.4,,g,,1997.184,2450516.7,5.431
352.52319167,-9.80553056,J233005.5-094819,FITS,23 30 05.566,-09 48 19.91,0.014,5.4,8.47,0.159,6.48,2.02,140.0,,g,,1997.281,2450552.2,5.898
349.7949125,-9.80581944,J231910.7-094820,FITS,23 19 10.779,-09 48 20.95,0.014,9.17,10.73,0.143,3.35,0.0,75.7,,,,1997.294,2450556.7,2.35
32.00567917,-9.80585833,J020801.3-094821,FITS,02 08 01.363,-09 48 21.09,0.058,1.17,0.83,0.15,2.12,0.0,63.5,,,,1997.182,2450515.8,3.008
20.085475,-9.80606667,J012020.5-094821,FITS,01 20 20.514,-09 48 21.84,0.014,2.68,3.21,0.154,3.56,0.0,90.7,,g,,1997.183,2450516.4,4.651
10.1997625,-9.80607222,J004047.9-094821,FITS,00 40 47.943,-09 48 21.86,0.014,61.3,67.99,0.15,2.51,1.27,148.1,,,,1997.181,2450515.5,1.948
351.63490417,-9.80664167,J232632.3-094823,FITS,23 26 32.377,-09 48 23.91,0.014,3.42,3.64,0.156,3.34,0.0,57.9,,g,,1997.285,2450553.4,5.533
344.64861667,-9.80675278,J225835.6-094824,FITS,22 58 35.668,-09 48 24.31,0.812,1.65,1.17,0.262,0.0,0.0,82.9,,,,1997.295,2450557.1,0.0
359.5210375,-9.80677778,J235805.0-094824,FITS,23 58 05.049,-09 48 24.40,0.014,1.9,4.26,0.1,6.86,6.27,163.7,,g,,1997.238,2450536.3,21.269
12.55121667,-9.80679444,J005012.2-094824,FITS,00 50 12.292,-09 48 24.46,0.556,1.27,0.97,0.193,0.27,0.0,88.3,,g,,1997.182,2450516.1,3.972
20.08354167,-9.80708611,J012020.0-094825,FITS,01 20 20.050,-09 48 25.51,0.014,8.39,8.88,0.154,2.38,0.0,147.4,,,,1997.183,2450516.4,4.619
10.77715833,-9.80710278,J004306.5-094825,FITS,00 43 06.518,-09 48 25.57,0.797,1.01,0.61,0.149,0.0,0.0,53.1,,,,1997.181,2450515.6,2.367
355.90700833,-9.8072,J234337.6-094825,FITS,23 43 37.682,-09 48 25.92,0.014,2.12,3.05,0.141,5.24,1.69,100.3,,,,1997.295,2450557.2,0.0
32.62502917,-9.80736944,J021030.0-094826,FITS,02 10 30.007,-09 48 26.53,0.014,7.73,7.6,0.145,0.82,0.0,121.0,,s,,1997.181,2450515.4,0.0
34.5971125,-9.80740833,J021823.3-094826,FITS,02 18 23.307,-09 48 26.67,0.014,3.26,4.18,0.179,4.94,0.0,71.5,,g,,1997.185,2450517.0,5.658
335.93440417,-9.80758889,J222344.2-094827,FITS,22 23 44.257,-09 48 27.32,0.014,2.99,2.66,0.153,0.0,0.0,155.4,,,,1997.221,2450530.2,11.957
33.84461667,-9.80759444,J021522.7-094827,FITS,02 15 22.708,-09 48 27.34,0.691,1.03,0.92,0.155,2.03,0.0,30.6,,g,,1997.185,2450517.0,5.685
344.01775,-9.8077,J225604.2-094827,FITS,22 56 04.260,-09 48 27.72,0.104,1.32,0.99,0.15,0.0,0.0,155.2,,g,,1997.292,2450555.9,3.651
354.4432875,-9.80776667,J233746.3-094827,FITS,23 37 46.389,-09 48 27.96,0.014,1.98,1.96,0.141,2.26,0.0,90.1,,g,,1997.291,2450555.7,8.255
9.36267083,-9.80777222,J003727.0-094827,FITS,00 37 27.041,-09 48 27.98,0.014,3.25,3.12,0.143,1.84,0.0,90.0,,g,,1997.18,2450515.3,0.0
338.78127083,-9.80781111,J223507.5-094828,FITS,22 35 07.505,-09 48 28.12,0.014,65.29,70.65,0.151,2.03,1.36,0.7,,,,1997.276,2450550.3,12.273
13.92239583,-9.80781944,J005541.3-094828,FITS,00 55 41.375,-09 48 28.15,0.793,1.0,0.76,0.142,3.63,0.0,65.5,,,,1997.181,2450515.6,1.336
338.44625833,-9.80813611,J223347.1-094829,FITS,22 33 47.102,-09 48 29.29,0.532,1.11,0.49,0.152,0.0,0.0,86.6,,s,,1997.271,2450548.3,13.33
5.17289583,-9.80816667,J002041.4-094829,FITS,00 20 41.495,-09 48 29.40,0.014,2.44,2.11,0.236,0.0,0.0,46.3,,g,,1997.227,2450532.3,22.535
350.4943875,-9.80819722,J232158.6-094829,FITS,23 21 58.653,-09 48 29.51,0.585,1.02,0.85,0.147,5.17,0.0,77.7,,,,1997.292,2450556.1,3.379
346.97335833,-9.808225,J230753.6-094829,FITS,23 07 53.606,-09 48 29.61,0.014,11.77,12.71,0.141,2.19,0.88,45.8,,,,1997.293,2450556.5,2.685
335.873675,-9.80823333,J222329.6-094829,FITS,22 23 29.682,-09 48 29.64,0.014,2.19,1.7,0.154,0.0,0.0,92.0,,g,,1997.212,2450526.9,12.211
31.95432917,-9.80824722,J020749.0-094829,FITS,02 07 49.039,-09 48 29.69,0.655,1.05,1.26,0.145,4.22,0.0,107.9,,,,1997.181,2450515.6,2.039
355.90951667,-9.80834722,J234338.2-094830,FITS,23 43 38.284,-09 48 30.05,0.014,2.87,3.35,0.141,2.97,1.33,84.4,,g,,1997.295,2450557.2,0.0
10.76689167,-9.80841389,J004304.0-094830,FITS,00 43 04.054,-09 48 30.29,0.721,1.06,1.1,0.151,2.8,0.0,90.1,,,,1997.181,2450515.7,2.571
37.46000417,-9.80844444,J022950.4-094830,FITS,02 29 50.401,-09 48 30.40,0.313,1.03,0.51,0.139,0.0,0.0,88.9,,,,2003.163,2452700.0,2213.775
338.91209583,-9.80870833,J223538.9-094831,FITS,22 35 38.903,-09 48 31.35,0.014,4.93,3.97,0.159,0.0,0.0,86.2,,,,1997.243,2450538.3,13.867
342.6751,-9.80875833,J225042.0-094831,FITS,22 50 42.024,-09 48 31.53,0.435,1.22,0.6,0.154,0.0,0.0,71.1,,s,,1997.283,2450552.8,5.733
34.466075,-9.80891389,J021751.8-094832,FITS,02 17 51.858,-09 48 32.09,0.014,2.71,2.41,0.181,2.75,0.0,157.5,,,,1997.186,2450517.4,6.142
9.76031667,-9.80910833,J003902.4-094832,FITS,00 39 02.476,-09 48 32.79,0.612,1.14,0.6,0.154,0.0,0.0,117.7,,g,,1997.186,2450517.4,6.243
31.91115833,-9.80926667,J020738.6-094833,FITS,02 07 38.678,-09 48 33.36,0.098,1.18,0.81,0.146,2.89,0.0,88.0,,g,,1997.181,2450515.4,0.0
7.54987083,-9.80952778,J003011.9-094834,FITS,00 30 11.969,-09 48 34.30,0.014,1.12,0.99,0.134,2.5,0.0,125.6,,s,,1997.208,2450525.6,18.675
351.59975417,-9.80963611,J232623.9-094834,FITS,23 26 23.941,-09 48 34.69,0.014,1.41,1.12,0.156,0.0,0.0,78.6,,,,1997.287,2450554.3,5.116
17.628,-9.80981944,J011030.7-094835,FITS,01 10 30.720,-09 48 35.35,0.103,1.03,0.79,0.142,3.61,0.0,114.5,,g,,1997.18,2450515.4,0.0
333.47492917,-9.80986667,J221353.9-094835,FITS,22 13 53.983,-09 48 35.52,0.361,1.01,0.61,0.146,0.0,0.0,110.1,,,,1997.182,2450516.0,5.13
10.08327083,-9.80994722,J004019.9-094835,FITS,00 40 19.985,-09 48 35.81,0.437,1.46,1.71,0.146,6.06,0.0,65.4,,,,1997.181,2450515.6,1.28
356.63489167,-9.81020556,J234632.3-094836,FITS,23 46 32.374,-09 48 36.74,0.35,1.0,0.69,0.143,3.31,0.0,83.3,,,,1997.295,2450557.2,0.0
10.11152917,-9.81025833,J004026.7-094836,FITS,00 40 26.767,-09 48 36.93,0.347,1.23,1.71,0.147,7.24,0.0,87.7,,s,,1997.18,2450515.3,0.0
346.97245,-9.81068611,J230753.3-094838,FITS,23 07 53.388,-09 48 38.47,0.014,38.95,41.73,0.141,2.29,0.71,7.6,,,,1997.293,2450556.5,2.628
342.593025,-9.81070556,J225022.3-094838,FITS,22 50 22.326,-09 48 38.54,0.351,1.45,0.74,0.156,0.0,0.0,91.5,,,,1997.287,2450554.4,5.005
9.334125,-9.81088333,J003720.1-094839,FITS,00 37 20.190,-09 48 39.18,0.359,1.14,0.69,0.142,0.0,0.0,129.2,,s,,1997.181,2450515.5,1.277
358.03970833,-9.81101389,J235209.5-094839,FITS,23 52 09.530,-09 48 39.65,0.014,1.58,0.97,0.143,0.0,0.0,138.9,,g,,1997.29,2450555.2,9.364
10.20490417,-9.81109444,J004049.1-094839,FITS,00 40 49.177,-09 48 39.94,0.014,265.02,285.3,0.151,2.17,0.78,134.8,,,,1997.181,2450515.6,2.065
18.25195,-9.81116944,J011300.4-094840,FITS,01 13 00.468,-09 48 40.21,0.016,1.53,1.04,0.146,0.0,0.0,93.0,,,,1997.182,2450515.8,2.884
342.352275,-9.8112,J224924.5-094840,FITS,22 49 24.546,-09 48 40.32,0.014,2.01,1.82,0.143,2.4,0.0,71.6,,,,1997.295,2450557.1,0.0
339.16352083,-9.81125278,J223639.2-094840,FITS,22 36 39.245,-09 48 40.51,0.014,3.21,2.47,0.159,0.0,0.0,85.9,,,,1997.261,2450544.9,14.408
343.49462083,-9.81142222,J225358.7-094841,FITS,22 53 58.709,-09 48 41.12,0.081,1.65,0.93,0.154,0.0,0.0,85.4,,g,,1997.282,2450552.3,5.864
14.52534583,-9.81164444,J005806.0-094841,FITS,00 58 06.083,-09 48 41.92,0.088,1.2,0.71,0.145,0.0,0.0,92.4,,g,,1997.181,2450515.7,2.428
26.60110417,-9.81170833,J014624.2-094842,FITS,01 46 24.265,-09 48 42.15,0.273,1.01,1.04,0.146,4.34,0.0,74.9,,,,1997.181,2450515.4,0.0
37.98785417,-9.81170833,J023157.0-094842,FITS,02 31 57.085,-09 48 42.15,0.014,2.32,2.16,0.143,0.84,0.0,170.0,,,,1998.278,2450915.8,1269.796
3.3842,-9.81171111,J001332.2-094842,FITS,00 13 32.208,-09 48 42.16,0.014,5.8,7.28,0.153,3.73,1.73,74.5,,,,1997.18,2450515.3,0.0
8.07024583,-9.81171389,J003216.8-094842,FITS,00 32 16.859,-09 48 42.17,0.157,1.14,0.9,0.153,0.0,0.0,61.7,,,,1997.183,2450516.4,4.384
28.84504583,-9.81216667,J015522.8-094843,FITS,01 55 22.811,-09 48 43.80,0.258,1.02,0.64,0.145,2.11,0.0,74.1,,s,,1997.181,2450515.4,0.0
349.60741667,-9.81249444,J231825.7-094844,FITS,23 18 25.780,-09 48 44.98,0.014,2.15,1.8,0.155,1.1,0.0,26.1,,s,,1997.285,2450553.5,5.495
16.35295,-9.8125,J010524.7-094845,FITS,01 05 24.708,-09 48 45.00,0.014,46.24,71.04,0.155,5.1,3.18,89.5,,g,,1997.184,2450516.8,4.982
354.98064583,-9.812575,J233955.3-094845,FITS,23 39 55.355,-09 48 45.27,0.52,1.0,0.6,0.148,0.0,0.0,90.2,,,,1997.282,2450552.4,14.161
37.68683333,-9.81272778,J023044.8-094845,FITS,02 30 44.840,-09 48 45.82,0.014,1.79,2.79,0.147,8.24,0.0,159.8,,,,2000.011,2451548.4,1872.554
13.70724583,-9.81277778,J005449.7-094846,FITS,00 54 49.739,-09 48 46.00,0.272,1.22,0.82,0.152,0.0,0.0,88.6,,g,,1997.183,2450516.2,3.827
340.50942083,-9.81285278,J224202.2-094846,FITS,22 42 02.261,-09 48 46.27,0.014,4.51,3.91,0.251,0.0,0.0,88.6,,s,,1997.232,2450534.1,12.063
16.3498,-9.81286944,J010523.9-094846,FITS,01 05 23.952,-09 48 46.33,0.014,46.78,75.66,0.155,5.02,4.1,67.1,,s,,1997.184,2450516.7,4.93
10.24586667,-9.813,J004059.0-094846,FITS,00 40 59.008,-09 48 46.80,0.725,1.15,0.57,0.158,0.0,0.0,97.9,,,,1997.182,2450515.8,2.852
5.74200417,-9.81319722,J002258.0-094847,FITS,00 22 58.081,-09 48 47.51,0.425,1.02,0.99,0.144,3.52,0.0,132.8,,,,1997.191,2450519.1,12.629
27.5185375,-9.81329444,J015004.4-094847,FITS,01 50 04.449,-09 48 47.86,0.734,1.04,0.88,0.151,4.5,0.0,77.5,,s,,1997.182,2450516.0,3.321
30.98006667,-9.81333889,J020355.2-094848,FITS,02 03 55.216,-09 48 48.02,0.014,23.08,28.22,0.151,3.11,2.34,127.6,,,,1997.182,2450516.0,3.35
7.993525,-9.81345,J003158.4-094848,FITS,00 31 58.446,-09 48 48.42,0.504,1.0,0.4,0.144,0.0,0.0,87.8,,,,1997.182,2450515.8,2.808
340.15587917,-9.81346944,J224037.4-094848,FITS,22 40 37.411,-09 48 48.49,0.266,1.28,0.6,0.142,0.0,0.0,99.3,,,,1997.295,2450557.1,0.0
348.06369583,-9.813525,J231215.2-094848,FITS,23 12 15.287,-09 48 48.69,0.014,50.99,68.3,0.152,4.84,1.95,17.5,,g,,1997.283,2450553.0,5.71
30.86000833,-9.81363611,J020326.4-094849,FITS,02 03 26.402,-09 48 49.09,0.014,1.58,2.58,0.156,6.87,1.24,108.5,,s,,1997.186,2450517.2,5.506
29.3291875,-9.81379444,J015719.0-094849,FITS,01 57 19.005,-09 48 49.66,0.396,1.14,0.7,0.159,0.0,0.0,121.9,,,,1997.186,2450517.4,5.818
38.16092917,-9.81391944,J023238.6-094850,FITS,02 32 38.623,-09 48 50.11,0.014,5.26,4.92,0.142,1.46,0.0,83.9,,,,2002.648,2452512.1,2203.091
343.79813333,-9.81401667,J225511.5-094850,FITS,22 55 11.552,-09 48 50.46,0.109,1.2,0.72,0.141,0.0,0.0,93.1,,g,,1997.294,2450556.7,2.172
11.5141125,-9.81431111,J004603.3-094851,FITS,00 46 03.387,-09 48 51.52,0.044,1.38,2.83,0.144,10.0,0.0,84.8,,,,1997.182,2450515.8,2.661
342.40123333,-9.81448056,J224936.2-094852,FITS,22 49 36.296,-09 48 52.13,0.788,1.06,0.55,0.143,0.0,0.0,67.8,,,,1997.295,2450557.1,0.0
342.029825,-9.81449444,J224807.1-094852,FITS,22 48 07.158,-09 48 52.18,0.014,1.21,0.79,0.133,0.0,0.0,39.5,,s,,1997.258,2450543.7,13.27
24.17094167,-9.81450556,J013641.0-094852,FITS,01 36 41.026,-09 48 52.22,0.014,2.95,2.58,0.154,0.77,0.0,90.7,,,,1997.184,2450516.6,4.565
5.92832083,-9.81467778,J002342.7-094852,FITS,00 23 42.797,-09 48 52.84,0.014,5.26,7.53,0.153,4.97,2.84,173.0,,,,1997.231,2450533.8,22.656
338.78921667,-9.81486389,J223509.4-094853,FITS,22 35 09.412,-09 48 53.51,0.877,1.11,0.96,0.152,2.85,0.0,121.7,,,,1997.274,2450549.4,12.993
353.55139583,-9.81493889,J233412.3-094853,FITS,23 34 12.335,-09 48 53.78,0.084,1.44,1.45,0.153,3.67,0.0,69.6,,,,1997.291,2450555.7,8.263
7.76895,-9.81500278,J003104.5-094854,FITS,00 31 04.548,-09 48 54.01,0.014,8.94,14.0,0.141,5.89,2.75,136.6,,,,1997.185,2450517.2,8.672
8.6203875,-9.81500556,J003428.8-094854,FITS,00 34 28.893,-09 48 54.02,0.528,1.04,0.7,0.139,0.0,0.0,106.4,,,,1997.18,2450515.3,0.0
14.49763333,-9.81501111,J005759.4-094854,FITS,00 57 59.432,-09 48 54.04,0.272,1.13,0.99,0.148,4.65,0.0,94.7,,,,1997.182,2450515.9,2.996
7.77158333,-9.81522778,J003105.1-094854,FITS,00 31 05.180,-09 48 54.82,0.014,19.94,27.59,0.14,4.52,2.84,4.3,,g,,1997.185,2450517.1,8.516
0.29577917,-9.81524167,J000110.9-094854,FITS,00 01 10.987,-09 48 54.87,0.014,9.95,10.13,0.141,1.05,0.06,110.8,,,,1997.186,2450517.4,9.663
343.24402083,-9.81524167,J225258.5-094854,FITS,22 52 58.565,-09 48 54.87,0.383,1.0,0.56,0.145,0.0,0.0,73.6,,,,1997.293,2450556.3,3.004
30.98091667,-9.81568333,J020355.4-094856,FITS,02 03 55.420,-09 48 56.46,0.014,57.75,67.16,0.151,3.4,1.25,173.7,,s,,1997.182,2450516.1,3.347
7.75218333,-9.81575556,J003100.5-094856,FITS,00 31 00.524,-09 48 56.72,0.014,1.27,1.79,0.142,5.9,0.0,116.2,,,,1997.187,2450517.7,9.781
33.23819167,-9.81611667,J021257.1-094858,FITS,02 12 57.166,-09 48 58.02,0.014,7.45,7.37,0.152,0.82,0.0,87.0,,g,,1997.182,2450516.0,3.198
341.23800833,-9.81615278,J224457.1-094858,FITS,22 44 57.122,-09 48 58.15,0.34,1.03,0.48,0.154,0.0,0.0,89.9,,,,1997.231,2450533.9,12.104
22.8747,-9.81619444,J013129.9-094858,FITS,01 31 29.928,-09 48 58.30,0.014,23.13,24.08,0.142,1.56,0.78,161.8,,g,,1997.181,2450515.4,0.0
5.93143333,-9.81620278,J002343.5-094858,FITS,00 23 43.544,-09 48 58.33,0.014,7.43,9.94,0.153,4.19,2.24,106.7,,,,1997.232,2450534.3,22.687
354.24473333,-9.81626944,J233658.7-094858,FITS,23 36 58.736,-09 48 58.57,0.766,1.02,0.73,0.147,0.0,0.0,98.7,,,,1997.285,2450553.4,12.709
345.2818125,-9.816325,J230107.6-094858,FITS,23 01 07.635,-09 48 58.77,0.014,2.37,2.03,0.144,2.43,0.0,90.7,,,,1997.293,2450556.6,2.455
336.41262083,-9.81648056,J222539.0-094859,FITS,22 25 39.029,-09 48 59.33,0.014,17.06,25.38,0.139,6.44,0.64,139.3,,s,,1997.181,2450515.5,1.281
351.35414167,-9.81655278,J232524.9-094859,FITS,23 25 24.994,-09 48 59.59,0.417,1.03,0.87,0.142,3.4,0.0,118.1,,,,1997.295,2450557.1,0.0
349.02275833,-9.81666667,J231605.4-094900,FITS,23 16 05.462,-09 49 00.00,0.014,1.56,1.24,0.14,0.0,0.0,152.9,,,,1997.293,2450556.5,2.632
34.49852917,-9.81726111,J021759.6-094902,FITS,02 17 59.647,-09 49 02.14,0.014,14.81,14.87,0.181,0.54,0.2,156.5,,g,,1997.188,2450518.0,6.207
342.34807083,-9.81745833,J224923.5-094902,FITS,22 49 23.537,-09 49 02.85,0.014,28.73,30.24,0.144,1.95,0.55,158.8,,g,,1997.295,2450557.1,0.0
348.06204583,-9.81768333,J231214.8-094903,FITS,23 12 14.891,-09 49 03.66,0.014,18.26,30.7,0.151,6.2,3.08,108.2,,g,,1997.284,2450553.1,5.652
35.64461667,-9.81768611,J022234.7-094903,FITS,02 22 34.708,-09 49 03.67,0.014,7.09,6.84,0.143,0.74,0.0,76.9,,,,1997.181,2450515.4,0.0
18.64372917,-9.81814167,J011434.4-094905,FITS,01 14 34.495,-09 49 05.31,0.014,1.48,1.18,0.156,0.0,0.0,150.6,,g,,1997.186,2450517.4,5.537
22.44056667,-9.81829167,J012945.7-094905,FITS,01 29 45.736,-09 49 05.85,0.014,1.54,1.44,0.155,3.76,0.0,51.4,,g,,1997.187,2450517.8,5.939
346.7155125,-9.81829167,J230651.7-094905,FITS,23 06 51.723,-09 49 05.85,0.014,2.17,1.99,0.149,0.53,0.0,144.2,,,,1997.291,2450555.8,3.808
22.444575,-9.81838056,J012946.6-094906,FITS,01 29 46.698,-09 49 06.17,0.658,1.08,1.07,0.155,5.11,0.0,104.7,,g,,1997.187,2450517.8,5.963
11.566975,-9.81851389,J004616.0-094906,FITS,00 46 16.074,-09 49 06.65,0.336,1.05,0.58,0.142,0.0,0.0,86.7,,,,1997.181,2450515.7,1.568
35.23363333,-9.81853056,J022056.0-094906,FITS,02 20 56.072,-09 49 06.71,0.014,5.19,4.69,0.151,0.0,0.0,57.0,,g,,1997.188,2450518.1,6.146
19.92476667,-9.81853611,J011941.9-094906,FITS,01 19 41.944,-09 49 06.73,0.014,1.58,1.32,0.143,0.0,0.0,66.1,,g,,1997.181,2450515.6,1.453
35.70335833,-9.81873333,J022248.8-094907,FITS,02 22 48.806,-09 49 07.44,0.394,1.01,1.58,0.141,8.41,0.0,93.4,,,,1997.867,2450765.9,1022.747
18.129225,-9.81878333,J011231.0-094907,FITS,01 12 31.014,-09 49 07.62,0.014,12.43,12.82,0.154,1.47,0.0,78.5,,s,,1997.185,2450517.2,5.252
341.44645417,-9.81882222,J224547.1-094907,FITS,22 45 47.149,-09 49 07.76,0.014,8.23,8.26,0.153,1.76,0.0,114.6,,s,,1997.269,2450547.8,13.802
29.3921875,-9.81883333,J015734.1-094907,FITS,01 57 34.125,-09 49 07.80,0.091,1.88,2.62,0.16,6.91,0.0,106.8,,s,,1997.185,2450517.1,5.066
348.93935833,-9.819075,J231545.4-094908,FITS,23 15 45.446,-09 49 08.67,0.014,1.97,2.93,0.151,5.81,1.13,95.7,,,,1997.29,2450555.3,4.308
351.37248333,-9.81937222,J232529.3-094909,FITS,23 25 29.396,-09 49 09.74,0.13,1.17,0.72,0.142,0.0,0.0,82.9,,,,1997.295,2450557.1,0.0
36.54442083,-9.81945278,J022610.6-094910,FITS,02 26 10.661,-09 49 10.03,0.014,3.96,3.93,0.143,2.74,0.0,94.9,,g,,1999.656,2451419.1,1784.349
346.89129167,-9.819575,J230733.9-094910,FITS,23 07 33.910,-09 49 10.47,0.014,1.32,0.94,0.14,0.0,0.0,74.8,,,,1997.295,2450557.1,0.0
341.72930833,-9.81966111,J224655.0-094910,FITS,22 46 55.034,-09 49 10.78,0.016,1.43,1.1,0.141,0.0,0.0,91.8,,s,,1997.289,2450555.0,7.253
29.27595833,-9.81975,J015706.2-094911,FITS,01 57 06.230,-09 49 11.10,0.014,3.72,4.25,0.158,3.12,1.2,4.6,,g,,1997.188,2450518.1,6.097
1.45016667,-9.81995556,J000548.0-094911,FITS,00 05 48.040,-09 49 11.84,0.014,8.52,8.64,0.153,0.94,0.0,76.0,,s,,1997.237,2450536.0,22.779
10.9682625,-9.82014444,J004352.3-094912,FITS,00 43 52.383,-09 49 12.52,0.014,10.48,11.03,0.143,1.64,1.07,173.9,,s,,1997.181,2450515.7,2.362
13.56065417,-9.82019167,J005414.5-094912,FITS,00 54 14.557,-09 49 12.69,0.122,1.39,1.8,0.153,4.95,0.0,126.2,,,,1997.187,2450517.9,5.916
23.2469625,-9.82031389,J013259.2-094913,FITS,01 32 59.271,-09 49 13.13,0.401,1.12,0.53,0.156,0.0,0.0,82.5,,,,1997.188,2450518.2,6.168
32.67990833,-9.8205,J021043.1-094913,FITS,02 10 43.178,-09 49 13.80,0.311,1.11,0.62,0.146,0.0,0.0,71.9,,,,1997.181,2450515.7,1.542
349.46970833,-9.82062778,J231752.7-094914,FITS,23 17 52.730,-09 49 14.26,0.014,5.07,17.66,0.151,15.46,3.63,90.9,,g,,1997.284,2450553.0,5.7
6.03217083,-9.82070556,J002407.7-094914,FITS,00 24 07.721,-09 49 14.54,0.104,1.15,0.72,0.152,0.0,0.0,148.4,,,,1997.24,2450536.9,22.817
11.5426375,-9.82073333,J004610.2-094914,FITS,00 46 10.233,-09 49 14.64,0.496,1.0,0.75,0.142,2.96,0.0,58.2,,,,1997.181,2450515.7,2.167
35.6527125,-9.82091944,J022236.6-094915,FITS,02 22 36.651,-09 49 15.31,0.014,9.67,9.91,0.144,1.25,0.53,167.6,,g,,1997.181,2450515.4,0.0
349.91607917,-9.82124444,J231939.8-094916,FITS,23 19 39.859,-09 49 16.48,0.622,1.05,0.54,0.143,0.0,0.0,57.3,,,,1997.295,2450557.1,0.01
21.35210417,-9.82135278,J012524.5-094916,FITS,01 25 24.505,-09 49 16.87,0.265,1.11,0.71,0.14,1.43,0.0,67.6,,,,1997.181,2450515.4,0.0
9.60088333,-9.82154444,J003824.2-094917,FITS,00 38 24.212,-09 49 17.56,0.014,9.29,9.3,0.155,0.95,0.0,97.5,,g,,1997.185,2450517.1,4.96
26.5841125,-9.82165278,J014620.1-094917,FITS,01 46 20.187,-09 49 17.95,0.014,1.71,0.96,0.145,0.0,0.0,96.9,,g,,1997.181,2450515.6,1.361
2.68270833,-9.82169167,J001043.8-094918,FITS,00 10 43.850,-09 49 18.09,0.014,2.85,2.63,0.14,1.97,0.0,35.2,,g,,1997.185,2450517.1,8.376
347.80003333,-9.82185556,J231112.0-094918,FITS,23 11 12.008,-09 49 18.68,0.102,1.1,1.01,0.151,3.96,0.0,86.8,,g,,1997.291,2450555.6,4.05
37.1366875,-9.821975,J022832.8-094919,FITS,02 28 32.805,-09 49 19.11,0.014,8.9,18.81,0.145,9.98,2.17,45.6,,g,,1997.181,2450515.4,0.0
16.17738333,-9.82200833,J010442.5-094919,FITS,01 04 42.572,-09 49 19.23,0.781,1.01,0.37,0.141,0.0,0.0,90.3,,,,1997.181,2450515.7,1.519
351.05783333,-9.82215833,J232413.8-094919,FITS,23 24 13.880,-09 49 19.77,0.508,1.07,0.56,0.151,0.0,0.0,56.7,,,,1997.284,2450553.3,5.593
9.50279167,-9.82236389,J003800.6-094920,FITS,00 38 00.670,-09 49 20.51,0.513,1.16,0.61,0.148,0.0,0.0,94.4,,,,1997.182,2450516.0,3.052
337.3623875,-9.82236667,J222926.9-094920,FITS,22 29 26.973,-09 49 20.52,0.032,2.62,1.91,0.38,0.0,0.0,19.6,,,,1997.208,2450525.3,11.488
34.1632,-9.8228,J021639.1-094922,FITS,02 16 39.168,-09 49 22.08,0.797,1.03,0.51,0.143,0.0,0.0,74.9,,,,1997.181,2450515.6,1.335
10.25152917,-9.82291944,J004100.3-094922,FITS,00 41 00.367,-09 49 22.51,0.014,18.19,19.97,0.159,2.51,0.0,90.6,,,,1997.182,2450516.0,3.03
35.62840417,-9.82298333,J022230.8-094922,FITS,02 22 30.817,-09 49 22.74,0.07,1.21,1.12,0.143,4.8,0.0,53.5,,,,1997.181,2450515.4,0.0
11.49196667,-9.82311111,J004558.0-094923,FITS,00 45 58.072,-09 49 23.20,0.273,1.01,0.97,0.147,4.32,0.0,99.4,,,,1997.182,2450516.0,3.164
2.08996667,-9.82321111,J000821.5-094923,FITS,00 08 21.592,-09 49 23.56,0.014,1.58,0.91,0.152,0.0,0.0,118.5,,s,,1997.215,2450528.0,20.421
33.90755833,-9.82334444,J021537.8-094924,FITS,02 15 37.814,-09 49 24.04,0.014,4.97,5.14,0.155,1.85,0.0,128.8,,,,1997.185,2450517.1,4.824
341.0451875,-9.82352222,J224410.8-094924,FITS,22 44 10.845,-09 49 24.68,0.014,1.81,1.93,0.152,3.78,0.0,76.0,,,,1997.271,2450548.4,13.656
357.36382083,-9.82374722,J234927.3-094925,FITS,23 49 27.317,-09 49 25.49,0.014,4.81,5.11,0.14,2.7,0.0,31.5,,,,1997.295,2450557.2,0.0
4.23460833,-9.82378611,J001656.3-094925,FITS,00 16 56.306,-09 49 25.63,0.061,1.1,0.65,0.145,0.0,0.0,75.3,,,,1997.191,2450519.2,12.612
8.95050833,-9.82378889,J003548.1-094925,FITS,00 35 48.122,-09 49 25.64,0.272,1.28,0.92,0.152,1.29,0.0,97.0,,s,,1997.188,2450518.1,5.947
342.90641667,-9.82381667,J225137.5-094925,FITS,22 51 37.540,-09 49 25.74,0.787,1.04,0.91,0.154,4.25,0.0,53.5,,g,,1997.288,2450554.8,4.752
342.55925,-9.824025,J225014.2-094926,FITS,22 50 14.220,-09 49 26.49,0.877,1.04,1.33,0.154,6.04,0.0,19.0,,g,,1997.29,2450555.4,4.181
348.55413333,-9.82409444,J231412.9-094926,FITS,23 14 12.992,-09 49 26.74,0.014,7.15,9.14,0.153,4.34,0.96,58.0,,,,1997.291,2450555.5,4.083
341.83665417,-9.82424167,J224720.7-094927,FITS,22 47 20.797,-09 49 27.27,0.014,1.34,1.65,0.143,8.07,0.0,90.0,,g,,1997.274,2450549.5,12.314
345.7863125,-9.82427222,J230308.7-094927,FITS,23 03 08.715,-09 49 27.38,0.014,1.32,1.26,0.15,4.11,0.0,38.9,,,,1997.284,2450553.2,5.624
28.1517375,-9.82432222,J015236.4-094927,FITS,01 52 36.417,-09 49 27.56,0.21,1.02,1.3,0.143,7.58,0.0,82.7,,g,,1997.181,2450515.4,0.0
348.85779583,-9.82437222,J231525.8-094927,FITS,23 15 25.871,-09 49 27.74,0.014,1.92,2.6,0.154,5.85,0.0,119.5,,g,,1997.286,2450554.0,5.272
339.850025,-9.82449722,J223924.0-094928,FITS,22 39 24.006,-09 49 28.19,0.582,1.04,0.43,0.152,0.0,0.0,95.9,,,,1997.242,2450537.9,14.447
347.55275833,-9.82455278,J231012.6-094928,FITS,23 10 12.662,-09 49 28.39,0.492,1.03,0.58,0.141,0.0,0.0,86.9,,,,1997.294,2450556.8,1.944
357.4081625,-9.82457222,J234937.9-094928,FITS,23 49 37.959,-09 49 28.46,0.014,2.42,1.96,0.139,0.0,0.0,50.3,,,,1997.295,2450557.2,0.01
36.305625,-9.82460833,J022513.3-094928,FITS,02 25 13.350,-09 49 28.59,0.463,1.01,1.09,0.14,8.16,0.0,112.5,,g,,1997.809,2450745.0,981.491
26.58285417,-9.82471389,J014619.8-094928,FITS,01 46 19.885,-09 49 28.97,0.014,1.66,1.59,0.145,1.52,0.0,53.5,,,,1997.181,2450515.6,1.402
9.60233333,-9.82485278,J003824.5-094929,FITS,00 38 24.560,-09 49 29.47,0.611,1.03,0.5,0.155,0.0,0.0,83.9,,,,1997.185,2450517.2,4.983
344.64157083,-9.82488889,J225833.9-094929,FITS,22 58 33.977,-09 49 29.60,0.014,242.67,256.05,0.263,2.06,0.43,163.9,,g,,1997.295,2450557.1,0.0
7.1937625,-9.82489444,J002846.5-094929,FITS,00 28 46.503,-09 49 29.62,0.272,1.27,1.37,0.138,4.87,0.0,45.3,,,,1997.183,2450516.5,6.798
334.4434125,-9.82495556,J221746.4-094929,FITS,22 17 46.419,-09 49 29.84,0.094,1.32,0.7,0.154,0.0,0.0,88.0,,,,1997.218,2450529.1,11.253
17.11779583,-9.82516111,J010828.2-094930,FITS,01 08 28.271,-09 49 30.58,0.405,1.06,0.65,0.15,0.0,0.0,56.4,,,,1997.186,2450517.4,5.203
6.25305833,-9.8252,J002500.7-094930,FITS,00 25 00.734,-09 49 30.72,0.014,56.16,60.32,0.144,2.01,1.19,166.7,,s,,1997.193,2450520.0,13.741
342.44600417,-9.82532778,J224947.0-094931,FITS,22 49 47.041,-09 49 31.18,0.014,2.86,2.88,0.143,3.21,0.0,53.9,,g,,1997.294,2450556.8,1.912
357.3653,-9.82545278,J234927.6-094931,FITS,23 49 27.672,-09 49 31.63,0.014,10.53,11.36,0.14,2.19,0.17,97.9,,g,,1997.295,2450557.2,0.0
9.91572917,-9.82560833,J003939.7-094932,FITS,00 39 39.775,-09 49 32.19,0.014,40.5,41.55,0.157,1.51,0.0,162.6,,s,,1997.185,2450517.0,4.688
15.14254167,-9.82564722,J010034.2-094932,FITS,01 00 34.210,-09 49 32.33,0.339,1.19,0.9,0.155,3.01,0.0,49.6,,s,,1997.186,2450517.3,5.059
25.0942375,-9.82582222,J014022.6-094932,FITS,01 40 22.617,-09 49 32.96,0.339,3.59,2.65,0.231,1.74,0.0,59.3,,,,1997.181,2450515.6,1.262
0.0413875,-9.82600278,J000009.9-094933,FITS,00 00 09.933,-09 49 33.61,0.198,1.07,1.04,0.151,1.88,0.0,91.7,,g,,1997.241,2450537.6,22.645
37.86960417,-9.82601944,J023128.7-094933,FITS,02 31 28.705,-09 49 33.67,0.284,1.01,0.52,0.142,0.0,0.0,75.5,,,,1997.181,2450515.4,0.0
5.77095833,-9.82615,J002305.0-094934,FITS,00 23 05.030,-09 49 34.14,0.438,1.01,0.58,0.147,0.0,0.0,89.7,,,,1997.198,2450521.8,15.822
349.52644583,-9.82616667,J231806.3-094934,FITS,23 18 06.347,-09 49 34.20,0.727,1.04,0.67,0.151,0.0,0.0,75.1,,,,1997.284,2450553.3,5.615
33.97409583,-9.82626944,J021553.7-094934,FITS,02 15 53.783,-09 49 34.57,0.371,1.25,0.51,0.151,0.0,0.0,91.9,,,,1997.183,2450516.3,3.552
347.5547625,-9.82634167,J231013.1-094934,FITS,23 10 13.143,-09 49 34.83,0.014,1.69,1.6,0.141,3.84,0.0,54.4,,,,1997.294,2450556.8,1.886
334.08105833,-9.82636944,J221619.4-094934,FITS,22 16 19.454,-09 49 34.93,0.277,1.12,0.48,0.141,0.0,0.0,90.7,,,,1997.18,2450515.3,0.0
26.6988125,-9.82646944,J014647.7-094935,FITS,01 46 47.715,-09 49 35.29,0.014,2.06,1.93,0.146,2.86,0.0,78.8,,g,,1997.181,2450515.7,2.053
343.89503333,-9.82661389,J225534.8-094935,FITS,22 55 34.808,-09 49 35.81,0.198,1.13,0.95,0.142,3.35,0.0,111.9,,,,1997.295,2450557.1,0.0
343.8933875,-9.82666944,J225534.4-094936,FITS,22 55 34.413,-09 49 36.01,0.267,1.1,0.97,0.142,2.67,0.0,76.2,,,,1997.295,2450557.1,0.0
22.6692875,-9.82669167,J013040.6-094936,FITS,01 30 40.629,-09 49 36.09,0.014,5.5,4.78,0.156,0.0,0.0,101.0,,,,1997.185,2450517.0,4.628
1.622425,-9.82678056,J000629.3-094936,FITS,00 06 29.382,-09 49 36.41,0.014,3.55,5.08,0.155,4.32,3.3,124.2,,s,,1997.227,2450532.2,21.891
20.73754167,-9.8269,J012257.0-094936,FITS,01 22 57.010,-09 49 36.84,0.733,1.02,0.69,0.142,2.78,0.0,51.1,,,,1997.182,2450516.0,2.775
334.25012917,-9.82701111,J221700.0-094937,FITS,22 17 00.031,-09 49 37.24,0.234,1.08,0.98,0.145,3.7,0.0,95.9,,,,1997.188,2450518.2,7.572
348.54610833,-9.82711944,J231411.0-094937,FITS,23 14 11.066,-09 49 37.63,0.014,10.01,12.23,0.152,3.72,0.87,72.8,,,,1997.291,2450555.7,3.867
332.51167917,-9.82723611,J221002.8-094938,FITS,22 10 02.803,-09 49 38.05,0.257,1.04,0.61,0.153,0.0,0.0,107.2,,,,1997.179,2450515.0,1.187
12.33857917,-9.82725278,J004921.2-094938,FITS,00 49 21.259,-09 49 38.11,0.136,1.72,1.18,0.178,1.81,0.0,82.1,,g,,1997.181,2450515.6,1.346
15.17607917,-9.82727222,J010042.2-094938,FITS,01 00 42.259,-09 49 38.18,0.014,1.85,1.06,0.154,0.0,0.0,95.7,,g,,1997.185,2450516.9,4.508
0.12815833,-9.82781944,J000030.7-094940,FITS,00 00 30.758,-09 49 40.15,0.014,1.74,1.12,0.154,0.0,0.0,113.2,,g,,1997.226,2450531.9,21.762
13.16808333,-9.82794167,J005240.3-094940,FITS,00 52 40.340,-09 49 40.59,0.072,1.15,1.33,0.142,5.83,0.0,117.3,,g,,1997.181,2450515.6,1.44
36.4674875,-9.82825,J022552.1-094941,FITS,02 25 52.197,-09 49 41.70,0.014,5.99,7.64,0.14,4.19,1.26,117.7,,,,1998.141,2450865.9,1195.243
336.61985,-9.82825833,J222628.7-094941,FITS,22 26 28.764,-09 49 41.73,0.014,9.24,10.21,0.153,2.37,1.47,169.9,,,,1997.208,2450525.4,11.258
356.4912125,-9.828375,J234557.8-094942,FITS,23 45 57.891,-09 49 42.15,0.07,1.17,1.28,0.148,2.39,0.47,87.0,,g,,1997.286,2450553.8,12.141
10.66189167,-9.82843333,J004238.8-094942,FITS,00 42 38.854,-09 49 42.36,0.797,1.2,0.99,0.177,4.21,0.0,54.4,,g,,1997.185,2450517.1,4.757
334.32014167,-9.82843611,J221716.8-094942,FITS,22 17 16.834,-09 49 42.37,0.014,1.82,3.26,0.153,7.28,2.32,88.7,,,,1997.199,2450522.2,10.384
345.51395833,-9.82843611,J230203.3-094942,FITS,23 02 03.350,-09 49 42.37,0.548,1.0,0.87,0.148,2.27,0.0,71.2,,,,1997.292,2450556.2,3.189
337.50214583,-9.82846944,J223000.5-094942,FITS,22 30 00.515,-09 49 42.49,0.258,1.07,0.8,0.155,2.38,0.0,51.9,,,,1997.227,2450532.3,11.735
354.43059167,-9.82848056,J233743.3-094942,FITS,23 37 43.342,-09 49 42.53,0.785,1.05,0.72,0.142,1.33,0.0,99.0,,g,,1997.295,2450557.2,0.012
356.58150417,-9.82854444,J234619.5-094942,FITS,23 46 19.561,-09 49 42.76,0.31,1.1,0.67,0.143,1.29,0.0,53.6,,g,,1997.295,2450557.2,0.011
357.44420417,-9.82856944,J234946.6-094942,FITS,23 49 46.609,-09 49 42.85,0.431,1.27,0.92,0.142,2.68,0.0,125.0,,,,1997.295,2450557.2,0.014
349.11569583,-9.82863889,J231627.7-094943,FITS,23 16 27.767,-09 49 43.10,0.014,1.93,1.8,0.139,2.33,0.0,17.6,,g,,1997.295,2450557.1,0.0
15.9641375,-9.82867222,J010351.3-094943,FITS,01 03 51.393,-09 49 43.22,0.861,1.03,0.58,0.15,0.0,0.0,104.3,,,,1997.183,2450516.5,3.771
345.3644125,-9.82873056,J230127.4-094943,FITS,23 01 27.459,-09 49 43.43,0.634,1.0,0.91,0.143,6.0,0.0,81.2,,,,1997.295,2450557.1,0.0
37.13363333,-9.82873889,J022832.0-094943,FITS,02 28 32.072,-09 49 43.46,0.014,16.92,20.12,0.146,3.28,1.85,7.8,,g,,1997.181,2450515.4,0.0
37.22909167,-9.82876667,J022854.9-094943,FITS,02 28 54.982,-09 49 43.56,0.343,1.02,0.64,0.145,2.32,0.0,71.2,,,,1998.335,2450936.7,1298.914
347.1001875,-9.82904444,J230824.0-094944,FITS,23 08 24.045,-09 49 44.56,0.372,1.07,0.55,0.153,0.0,0.0,76.3,,,,1997.289,2450554.8,4.732
349.37692083,-9.8291,J231730.4-094944,FITS,23 17 30.461,-09 49 44.76,0.014,2.81,2.31,0.152,0.0,0.0,44.5,,,,1997.287,2450554.4,5.039
20.5272125,-9.82911944,J012206.5-094944,FITS,01 22 06.531,-09 49 44.83,0.665,1.01,0.64,0.141,0.0,0.0,77.9,,g,,1997.182,2450515.9,2.505
16.87467917,-9.829175,J010729.9-094945,FITS,01 07 29.923,-09 49 45.03,0.458,1.01,0.57,0.14,0.0,0.0,83.7,,,,1997.18,2450515.4,0.0
10.1405625,-9.82917778,J004033.7-094945,FITS,00 40 33.735,-09 49 45.04,0.797,1.03,0.42,0.148,0.0,0.0,90.9,,,,1997.18,2450515.3,0.0
3.49480417,-9.83009167,J001358.7-094948,FITS,00 13 58.753,-09 49 48.33,0.293,1.07,1.0,0.156,2.65,0.0,113.3,,s,,1997.193,2450520.1,13.841
38.00259583,-9.83010556,J023200.6-094948,FITS,02 32 00.623,-09 49 48.38,0.589,1.0,0.52,0.144,0.0,0.0,63.2,,,,1998.816,2451112.5,1512.028
11.16127917,-9.83015833,J004438.7-094948,FITS,00 44 38.707,-09 49 48.57,0.014,2.46,2.53,0.15,3.12,0.0,67.7,,g,,1997.188,2450518.1,5.631
339.869375,-9.83019167,J223928.6-094948,FITS,22 39 28.650,-09 49 48.69,0.21,1.18,1.27,0.153,3.82,0.0,104.4,,g,,1997.245,2450539.1,14.953
36.30934583,-9.83020556,J022514.2-094948,FITS,02 25 14.243,-09 49 48.74,0.09,1.24,0.64,0.141,0.0,0.0,88.2,,s,,1997.823,2450749.9,991.195
21.94977083,-9.83032222,J012747.9-094949,FITS,01 27 47.945,-09 49 49.16,0.014,1.81,1.45,0.15,2.2,0.0,14.1,,g,,1997.184,2450516.7,4.065
3.51315417,-9.83034722,J001403.1-094949,FITS,00 14 03.157,-09 49 49.25,0.014,3.16,3.69,0.158,3.56,0.0,56.3,,,,1997.197,2450521.5,15.415
1.39445833,-9.83039167,J000534.6-094949,FITS,00 05 34.670,-09 49 49.41,0.014,1.84,1.57,0.154,0.0,0.0,3.8,,g,,1997.232,2450534.3,22.227
29.54940833,-9.8304,J015811.8-094949,FITS,01 58 11.858,-09 49 49.44,0.585,1.0,0.84,0.145,4.79,0.0,73.0,,,,1997.182,2450515.8,2.11
355.5472375,-9.83068611,J234211.3-094950,FITS,23 42 11.337,-09 49 50.47,0.576,1.01,0.7,0.147,1.74,0.0,179.2,,,,1997.257,2450543.2,21.484
353.70155417,-9.83073611,J233448.3-094950,FITS,23 34 48.373,-09 49 50.65,0.014,6.06,5.68,0.139,0.93,0.0,12.8,,g,,1997.292,2450555.9,7.629
6.06234167,-9.83076389,J002414.9-094950,FITS,00 24 14.962,-09 49 50.75,0.556,1.08,0.78,0.151,2.48,0.0,102.7,,,,1997.241,2450537.5,22.482
13.8631375,-9.830775,J005527.1-094950,FITS,00 55 27.153,-09 49 50.79,0.786,1.03,0.58,0.143,0.0,0.0,91.6,,g,,1997.18,2450515.4,0.0
333.276775,-9.83080278,J221306.4-094950,FITS,22 13 06.426,-09 49 50.89,0.044,1.18,0.99,0.15,3.8,0.0,113.9,,,,1997.18,2450515.1,1.022
345.2261625,-9.83094722,J230054.2-094951,FITS,23 00 54.279,-09 49 51.41,0.227,1.23,0.51,0.152,0.0,0.0,91.2,,,,1997.292,2450556.1,3.345
352.05455833,-9.83098889,J232813.0-094951,FITS,23 28 13.094,-09 49 51.56,0.253,1.04,0.49,0.141,0.0,0.0,85.7,,,,1997.295,2450557.2,0.014
25.06034167,-9.83122778,J014014.4-094952,FITS,01 40 14.482,-09 49 52.42,0.415,2.03,1.6,0.235,1.19,0.0,87.5,,g,,1997.182,2450515.8,1.779
33.16998333,-9.83133333,J021240.7-094952,FITS,02 12 40.796,-09 49 52.80,0.614,1.07,0.47,0.16,0.0,0.0,98.7,,,,1997.185,2450517.2,4.624
348.37667083,-9.83135278,J231330.4-094952,FITS,23 13 30.401,-09 49 52.87,0.014,5.81,8.19,0.143,5.4,2.03,22.5,,g,,1997.295,2450557.1,0.0
334.60568333,-9.831975,J221825.3-094955,FITS,22 18 25.364,-09 49 55.11,0.27,1.2,0.56,0.154,0.0,0.0,115.9,,s,,1997.211,2450526.5,11.144
29.36276667,-9.83211389,J015727.0-094955,FITS,01 57 27.064,-09 49 55.61,0.014,18.7,19.47,0.158,1.4,0.92,134.4,,g,,1997.188,2450518.0,5.402
6.04689583,-9.83225833,J002411.2-094956,FITS,00 24 11.255,-09 49 56.13,0.014,15.59,15.43,0.15,0.91,0.0,162.5,,g,,1997.244,2450538.6,22.42
1.8955125,-9.83235,J000734.9-094956,FITS,00 07 34.923,-09 49 56.46,0.014,2.62,3.23,0.141,4.39,0.0,98.6,,,,1997.18,2450515.3,0.0
341.54627917,-9.83260556,J224611.1-094957,FITS,22 46 11.107,-09 49 57.38,0.205,1.16,0.7,0.143,0.97,0.0,66.2,,,,1997.288,2450554.5,8.565
15.1740625,-9.83265278,J010041.7-094957,FITS,01 00 41.775,-09 49 57.55,0.85,1.06,0.82,0.154,2.77,0.0,112.0,,g,,1997.185,2450517.1,4.555
348.37692083,-9.83274444,J231330.4-094957,FITS,23 13 30.461,-09 49 57.88,0.014,2.6,5.55,0.143,11.52,0.0,31.1,,g,,1997.295,2450557.1,0.0
354.0071,-9.8328,J233601.7-094958,FITS,23 36 01.704,-09 49 58.08,0.584,1.02,0.52,0.151,0.0,0.0,92.3,,,,1997.255,2450542.6,21.712
28.64277083,-9.83286944,J015434.2-094958,FITS,01 54 34.265,-09 49 58.33,0.014,2.8,2.67,0.156,1.02,0.0,158.3,,,,1997.187,2450517.6,5.044
5.52647917,-9.83297222,J002206.3-094958,FITS,00 22 06.355,-09 49 58.70,0.014,1.64,1.73,0.142,4.25,0.0,83.6,,,,1997.19,2450519.0,12.185
1.91302917,-9.83306944,J000739.1-094959,FITS,00 07 39.127,-09 49 59.05,0.877,1.03,1.07,0.14,6.59,0.0,70.1,,,,1997.184,2450516.7,7.435
348.0843,-9.83317222,J231220.2-094959,FITS,23 12 20.232,-09 49 59.42,0.014,12.62,13.03,0.15,1.32,0.79,6.2,,g,,1997.286,2450554.0,5.25
35.18265833,-9.83328889,J022043.8-094959,FITS,02 20 43.838,-09 49 59.84,0.408,1.01,0.77,0.15,0.0,0.0,166.2,,g,,1997.189,2450518.6,5.739
18.20984167,-9.83351667,J011250.3-095000,FITS,01 12 50.362,-09 50 00.66,0.014,6.84,7.89,0.152,2.85,1.32,80.7,,,,1997.184,2450516.6,3.882
10.91975833,-9.83378889,J004340.7-095001,FITS,00 43 40.742,-09 50 01.64,0.838,1.02,0.68,0.142,0.0,0.0,90.5,,,,1997.181,2450515.6,1.511
5.52784167,-9.83388611,J002206.6-095001,FITS,00 22 06.682,-09 50 01.99,0.093,1.22,1.37,0.142,6.65,0.0,57.5,,,,1997.19,2450518.9,12.12
3.516525,-9.83399167,J001403.9-095002,FITS,00 14 03.966,-09 50 02.37,0.014,2.91,3.17,0.158,3.54,0.0,87.8,,,,1997.199,2450522.0,15.905
344.43929583,-9.83404167,J225745.4-095002,FITS,22 57 45.431,-09 50 02.55,0.014,10.1,9.94,0.244,1.09,0.0,119.9,,g,,1997.291,2450555.6,4.001
18.19892917,-9.83424722,J011247.7-095003,FITS,01 12 47.743,-09 50 03.29,0.014,24.88,48.51,0.153,7.52,3.79,129.8,,s,,1997.184,2450516.8,4.1
348.27312083,-9.83433333,J231305.5-095003,FITS,23 13 05.549,-09 50 03.60,0.732,1.07,0.67,0.144,0.55,0.0,85.9,,,,1997.294,2450556.7,2.347
356.61000417,-9.83475833,J234626.4-095005,FITS,23 46 26.401,-09 50 05.13,0.585,1.03,0.48,0.144,0.0,0.0,81.4,,,,1997.295,2450557.2,0.0
1.79964583,-9.83485278,J000711.9-095005,FITS,00 07 11.915,-09 50 05.47,0.014,38.36,56.99,0.141,6.72,0.85,159.8,,,,1997.187,2450517.9,10.355
343.469375,-9.83487778,J225352.6-095005,FITS,22 53 52.650,-09 50 05.56,0.081,1.23,0.89,0.15,0.0,0.0,100.7,,g,,1997.285,2450553.7,5.434
10.098775,-9.83516389,J004023.7-095006,FITS,00 40 23.706,-09 50 06.59,0.347,1.26,1.16,0.146,3.23,0.0,69.9,,g,,1997.181,2450515.5,1.274
6.65120417,-9.83536389,J002636.2-095007,FITS,00 26 36.289,-09 50 07.31,0.202,1.23,2.27,0.151,10.11,0.0,13.3,,g,,1997.236,2450535.8,22.261
8.75011667,-9.83554167,J003500.0-095007,FITS,00 35 00.028,-09 50 07.95,0.632,1.08,0.56,0.145,0.0,0.0,68.3,,g,,1997.183,2450516.1,3.086
26.9142375,-9.83568333,J014739.4-095008,FITS,01 47 39.417,-09 50 08.46,0.014,6.11,9.13,0.152,5.77,1.34,87.8,,,,1997.189,2450518.5,5.597
348.37900417,-9.83579167,J231330.9-095008,FITS,23 13 30.961,-09 50 08.85,0.068,1.11,2.79,0.143,18.35,0.0,131.4,,g,,1997.295,2450557.1,0.0
335.39395,-9.83589444,J222134.5-095009,FITS,22 21 34.548,-09 50 09.22,0.695,1.05,0.46,0.151,0.0,0.0,100.7,,g,,1997.205,2450524.2,10.738
5.55221667,-9.83595833,J002212.5-095009,FITS,00 22 12.532,-09 50 09.45,0.014,8.05,9.74,0.142,3.46,1.35,106.5,,s,,1997.188,2450518.0,10.257
3.80301667,-9.83600833,J001512.7-095009,FITS,00 15 12.724,-09 50 09.63,0.221,1.72,1.32,0.152,2.39,0.0,133.6,,,,1997.245,2450539.0,22.282
339.1613,-9.836175,J223638.7-095010,FITS,22 36 38.712,-09 50 10.23,0.733,1.08,0.64,0.159,0.0,0.0,77.3,,,,1997.256,2450543.0,15.348
2.20951667,-9.83618889,J000850.2-095010,FITS,00 08 50.284,-09 50 10.28,0.014,21.99,25.92,0.147,3.4,1.49,161.0,,s,,1997.247,2450539.7,22.226
6.46952083,-9.83619444,J002552.6-095010,FITS,00 25 52.685,-09 50 10.30,0.441,1.0,0.44,0.141,0.0,0.0,90.4,,,,1997.19,2450518.9,12.023
13.98314167,-9.83629722,J005555.9-095010,FITS,00 55 55.954,-09 50 10.67,0.877,1.01,1.08,0.145,4.98,0.0,79.4,,,,1997.182,2450516.0,2.756
29.8986125,-9.83630278,J015935.6-095010,FITS,01 59 35.667,-09 50 10.69,0.014,5.06,5.51,0.153,2.56,0.25,35.8,,,,1997.189,2450518.3,5.474
23.8395,-9.83651389,J013521.4-095011,FITS,01 35 21.480,-09 50 11.45,0.032,2.34,1.52,0.183,0.0,0.0,106.2,,g,,1997.186,2450517.5,4.781
30.94746667,-9.836525,J020347.3-095011,FITS,02 03 47.392,-09 50 11.49,0.014,4.07,3.56,0.155,0.0,0.0,119.3,,g,,1997.185,2450516.9,4.138
31.80820833,-9.83653889,J020713.9-095011,FITS,02 07 13.970,-09 50 11.54,0.014,4.4,4.16,0.147,0.0,0.0,38.1,,s,,1997.182,2450515.9,1.861
343.96254167,-9.8366,J225551.0-095011,FITS,22 55 51.010,-09 50 11.76,0.59,1.03,0.87,0.143,1.88,0.0,98.6,,,,1997.294,2450556.8,2.049
335.59850833,-9.83663056,J222223.6-095011,FITS,22 22 23.642,-09 50 11.87,0.446,1.06,0.77,0.14,2.66,0.0,104.9,,g,,1997.181,2450515.5,1.29
36.27212083,-9.83671667,J022505.3-095012,FITS,02 25 05.309,-09 50 12.18,0.014,1.9,1.98,0.141,3.85,0.0,93.5,,g,,1998.41,2450964.3,1336.1
5.54965833,-9.83693333,J002211.9-095012,FITS,00 22 11.918,-09 50 12.96,0.014,1.73,6.49,0.143,14.43,6.06,24.4,,,,1997.188,2450518.2,10.519
348.38121667,-9.83695833,J231331.4-095013,FITS,23 13 31.492,-09 50 13.05,0.014,4.13,7.47,0.143,8.04,2.4,34.2,,g,,1997.295,2450557.1,0.0
346.38170417,-9.83738056,J230531.6-095014,FITS,23 05 31.609,-09 50 14.57,0.31,1.29,0.52,0.153,0.0,0.0,92.5,,,,1997.288,2450554.6,4.901
336.300125,-9.83745556,J222512.0-095014,FITS,22 25 12.030,-09 50 14.84,0.447,1.07,0.68,0.142,1.06,0.0,96.7,,g,,1997.182,2450515.8,1.999
338.76865417,-9.837575,J223504.4-095015,FITS,22 35 04.477,-09 50 15.27,0.689,1.12,0.98,0.15,4.41,0.0,79.2,,,,1997.276,2450550.2,12.918
339.50409583,-9.83767778,J223800.9-095015,FITS,22 38 00.983,-09 50 15.64,0.432,1.07,0.8,0.148,1.82,0.0,96.9,,,,1997.279,2450551.4,12.052
32.0101875,-9.83778056,J020802.4-095016,FITS,02 08 02.445,-09 50 16.01,0.058,1.19,0.85,0.151,0.0,0.0,87.7,,g,,1997.183,2450516.4,3.304
16.33515833,-9.83781667,J010520.4-095016,FITS,01 05 20.438,-09 50 16.14,0.809,1.08,0.68,0.154,0.0,0.0,30.0,,,,1997.186,2450517.4,4.713
0.52692917,-9.83785833,J000206.4-095016,FITS,00 02 06.463,-09 50 16.29,0.014,62.7,64.88,0.149,1.37,0.77,31.6,,g,,1997.202,2450523.2,16.97
334.63576667,-9.83791389,J221832.5-095016,FITS,22 18 32.584,-09 50 16.49,0.132,1.19,0.78,0.155,0.7,0.0,176.5,,,,1997.206,2450524.6,10.718
5.64084583,-9.83815556,J002233.8-095017,FITS,00 22 33.803,-09 50 17.36,0.126,1.08,1.54,0.142,6.99,0.0,70.5,,s,,1997.18,2450515.3,0.0
351.8328125,-9.83826944,J232719.8-095017,FITS,23 27 19.875,-09 50 17.77,0.246,1.32,0.57,0.152,0.0,0.0,86.9,,,,1997.287,2450554.2,5.145
21.378675,-9.83843611,J012530.8-095018,FITS,01 25 30.882,-09 50 18.37,0.014,40.65,41.25,0.14,1.1,0.0,170.7,,,,1997.181,2450515.4,0.0
358.99535833,-9.838475,J235558.8-095018,FITS,23 55 58.886,-09 50 18.51,0.109,1.82,1.17,0.146,0.0,0.0,92.9,,s,,1997.288,2450554.8,10.377
337.62605833,-9.8385,J223030.2-095018,FITS,22 30 30.254,-09 50 18.60,0.014,19.14,20.02,0.155,1.7,0.79,171.5,,s,,1997.245,2450539.0,15.214
344.02085,-9.83875833,J225605.0-095019,FITS,22 56 05.004,-09 50 19.53,0.014,14.81,16.65,0.15,2.19,1.92,52.0,,,,1997.292,2450556.2,3.136
357.3273,-9.83878333,J234918.5-095019,FITS,23 49 18.552,-09 50 19.62,0.509,1.0,0.41,0.14,0.0,0.0,97.8,,,,1997.295,2450557.2,0.012
358.88872083,-9.83893611,J235533.2-095020,FITS,23 55 33.293,-09 50 20.17,0.242,1.1,0.78,0.143,1.39,0.0,8.1,,g,,1997.295,2450557.2,0.0
336.17398333,-9.83907222,J222441.7-095020,FITS,22 24 41.756,-09 50 20.66,0.014,7.38,10.16,0.152,4.33,2.64,117.6,,,,1997.199,2450522.2,10.021
346.34171667,-9.839075,J230522.0-095020,FITS,23 05 22.012,-09 50 20.67,0.014,3.3,2.81,0.153,0.0,0.0,103.5,,,,1997.29,2450555.2,4.393
26.57776667,-9.839125,J014618.6-095020,FITS,01 46 18.664,-09 50 20.85,0.014,12.1,24.34,0.146,9.93,2.15,19.1,,,,1997.181,2450515.7,1.591
343.98233333,-9.83927778,J225555.7-095021,FITS,22 55 55.760,-09 50 21.40,0.56,1.03,0.63,0.145,0.0,0.0,93.7,,,,1997.294,2450556.6,2.372
339.385875,-9.83945278,J223732.6-095022,FITS,22 37 32.610,-09 50 22.03,0.248,1.05,0.71,0.145,1.67,0.0,103.3,,,,1997.295,2450557.1,0.0
332.68257083,-9.83948333,J221043.8-095022,FITS,22 10 43.817,-09 50 22.14,0.014,13.32,21.48,0.145,5.75,3.52,19.2,,,,1997.18,2450515.3,0.0
348.5231875,-9.83954444,J231405.5-095022,FITS,23 14 05.565,-09 50 22.36,0.454,1.06,0.82,0.15,0.0,0.0,64.9,,s,,1997.292,2450556.2,3.168
18.4337875,-9.83965278,J011344.1-095022,FITS,01 13 44.109,-09 50 22.75,0.849,1.01,0.74,0.145,0.0,0.0,92.8,,,,1997.182,2450515.8,1.767
17.63904583,-9.84006111,J011033.3-095024,FITS,01 10 33.371,-09 50 24.22,0.244,1.03,0.77,0.144,1.15,0.0,54.5,,,,1997.18,2450515.4,0.0
24.22730833,-9.84018889,J013654.5-095024,FITS,01 36 54.554,-09 50 24.68,0.014,4.99,5.32,0.149,2.96,0.0,69.7,,,,1997.184,2450516.5,3.57
15.78739583,-9.84031111,J010308.9-095025,FITS,01 03 08.975,-09 50 25.12,0.014,1.55,1.57,0.148,2.26,0.0,148.1,,g,,1997.191,2450519.1,5.756
36.47729583,-9.84038889,J022554.5-095025,FITS,02 25 54.551,-09 50 25.40,0.324,1.08,0.6,0.141,0.0,0.0,58.5,,g,,1998.446,2450977.2,1352.894
15.70552083,-9.84039444,J010249.3-095025,FITS,01 02 49.325,-09 50 25.42,0.014,4.98,4.67,0.148,0.0,0.0,147.5,,s,,1997.191,2450519.0,5.732
26.5772125,-9.84047222,J014618.5-095025,FITS,01 46 18.531,-09 50 25.70,0.014,11.3,10.36,0.146,0.92,0.0,111.9,,,,1997.182,2450515.7,1.61
334.00873333,-9.84048611,J221602.0-095025,FITS,22 16 02.096,-09 50 25.75,0.081,13.61,15.95,0.153,3.42,0.61,53.8,,g,,1997.182,2450516.0,4.941
336.1802,-9.84051389,J222443.2-095025,FITS,22 24 43.248,-09 50 25.85,0.014,2.6,4.05,0.152,5.64,3.22,11.5,,s,,1997.198,2450521.8,9.786
334.07445417,-9.840625,J221617.8-095026,FITS,22 16 17.869,-09 50 26.25,0.014,18.43,18.92,0.143,1.26,0.6,22.4,,,,1997.18,2450515.3,0.0
19.29736667,-9.84068056,J011711.3-095026,FITS,01 17 11.368,-09 50 26.45,0.573,1.03,0.59,0.152,0.0,0.0,154.0,,,,1997.185,2450516.9,4.056
343.98913333,-9.84071667,J225557.3-095026,FITS,22 55 57.392,-09 50 26.58,0.014,13.76,25.79,0.146,8.59,0.77,108.1,,g,,1997.293,2450556.6,2.477
24.2248875,-9.84072222,J013653.9-095026,FITS,01 36 53.973,-09 50 26.60,0.014,5.55,5.69,0.149,1.37,0.0,111.1,,,,1997.184,2450516.6,3.621
30.7422625,-9.84093333,J020258.1-095027,FITS,02 02 58.143,-09 50 27.36,0.16,1.2,1.59,0.15,3.93,2.42,87.5,,g,,1997.191,2450519.3,5.815
18.22970833,-9.84094167,J011255.1-095027,FITS,01 12 55.130,-09 50 27.39,0.014,2.2,7.64,0.15,11.05,7.61,35.8,,g,,1997.184,2450516.5,3.525
34.9598375,-9.84104444,J021950.3-095027,FITS,02 19 50.361,-09 50 27.76,0.014,1.84,1.9,0.144,2.68,0.0,132.3,,,,1997.182,2450515.9,2.351
20.62293333,-9.84108333,J012229.5-095027,FITS,01 22 29.504,-09 50 27.90,0.2,1.41,1.02,0.14,0.0,0.0,89.7,,g,,1997.181,2450515.4,0.0
343.99238333,-9.84133611,J225558.1-095028,FITS,22 55 58.172,-09 50 28.81,0.014,3.71,3.09,0.147,2.46,0.0,178.1,,s,,1997.293,2450556.6,2.529
22.06521667,-9.84157778,J012815.6-095029,FITS,01 28 15.652,-09 50 29.68,0.014,8.27,12.75,0.142,7.09,1.36,173.4,,,,1997.182,2450515.8,1.798
29.39670833,-9.84181944,J015735.2-095030,FITS,01 57 35.210,-09 50 30.55,0.242,1.1,1.41,0.159,6.46,0.0,136.2,,g,,1997.187,2450517.9,4.965
27.61359167,-9.842175,J015027.2-095031,FITS,01 50 27.262,-09 50 31.83,0.797,1.08,0.57,0.155,0.0,0.0,64.5,,,,1997.188,2450518.1,5.089
32.57539167,-9.84234444,J021018.0-095032,FITS,02 10 18.094,-09 50 32.44,0.144,1.09,0.8,0.146,0.22,0.0,101.3,,,,1997.182,2450515.8,1.653
343.08615417,-9.84234444,J225220.6-095032,FITS,22 52 20.677,-09 50 32.44,0.014,5.76,5.71,0.141,2.03,0.0,148.8,,,,1997.295,2450557.1,0.011
332.63206667,-9.8427,J221031.6-095033,FITS,22 10 31.696,-09 50 33.72,0.014,2.8,2.42,0.142,0.0,0.0,122.3,,,,1997.18,2450515.3,0.0
25.77480833,-9.84274167,J014305.9-095033,FITS,01 43 05.954,-09 50 33.87,0.014,2.17,1.67,0.149,1.2,0.0,56.7,,s,,1997.182,2450516.0,2.649
20.024275,-9.84289722,J012005.8-095034,FITS,01 20 05.826,-09 50 34.43,0.014,1.88,1.12,0.15,0.0,0.0,96.2,,,,1997.184,2450516.6,3.616
30.73957083,-9.84303611,J020257.4-095034,FITS,02 02 57.497,-09 50 34.93,0.285,1.01,1.55,0.149,8.02,0.0,78.3,,,,1997.192,2450519.4,5.765
354.642425,-9.84322778,J233834.1-095035,FITS,23 38 34.182,-09 50 35.62,0.081,1.7,1.64,0.152,3.74,0.0,139.6,,s,,1997.268,2450547.4,19.089
36.11500417,-9.84343056,J022427.6-095036,FITS,02 24 27.601,-09 50 36.35,0.016,1.14,0.95,0.132,3.24,0.0,92.0,,g,,2003.345,2452766.6,2212.622
338.79850417,-9.84351667,J223511.6-095036,FITS,22 35 11.641,-09 50 36.66,0.861,1.03,0.92,0.154,3.47,0.0,158.7,,,,1997.267,2450546.9,14.638
4.2767625,-9.84358611,J001706.4-095036,FITS,00 17 06.423,-09 50 36.91,0.014,1.58,2.66,0.15,7.95,0.0,118.5,,g,,1997.203,2450523.7,17.267
25.0418,-9.84375278,J014010.0-095037,FITS,01 40 10.032,-09 50 37.51,0.339,2.3,2.26,0.235,3.56,0.0,83.2,,,,1997.182,2450515.9,2.34
334.58650417,-9.84375278,J221820.7-095037,FITS,22 18 20.761,-09 50 37.51,0.014,2.51,1.92,0.153,0.0,0.0,81.4,,,,1997.211,2450526.6,10.504
340.0721,-9.84381667,J224017.3-095037,FITS,22 40 17.304,-09 50 37.74,0.793,1.04,0.71,0.142,0.0,0.0,73.5,,g,,1997.29,2450555.5,7.281
13.11716667,-9.84386667,J005228.1-095037,FITS,00 52 28.120,-09 50 37.92,0.227,1.15,0.59,0.144,0.0,0.0,27.0,,g,,1997.18,2450515.3,0.0
336.0950875,-9.84400278,J222422.8-095038,FITS,22 24 22.821,-09 50 38.41,0.014,3.08,2.29,0.15,0.0,0.0,91.1,,,,1997.21,2450526.3,10.511
356.8941625,-9.84429444,J234734.5-095039,FITS,23 47 34.599,-09 50 39.46,0.014,3.49,3.3,0.151,1.26,0.0,101.1,,,,1997.268,2450547.4,19.043
358.5848375,-9.844325,J235420.3-095039,FITS,23 54 20.361,-09 50 39.57,0.69,1.03,0.51,0.148,0.0,0.0,38.6,,,,1997.266,2450546.6,19.607
18.22956667,-9.84456667,J011255.0-095040,FITS,01 12 55.096,-09 50 40.44,0.014,25.31,27.19,0.15,2.13,1.04,167.6,,g,,1997.184,2450516.6,3.55
355.71825833,-9.84457222,J234252.3-095040,FITS,23 42 52.382,-09 50 40.46,0.429,1.01,0.43,0.148,0.0,0.0,90.4,,g,,1997.285,2450553.4,12.748
4.27862083,-9.84473333,J001706.8-095041,FITS,00 17 06.869,-09 50 41.04,0.095,1.07,0.94,0.15,4.06,0.0,80.5,,g,,1997.204,2450524.0,17.474
341.63665,-9.84488889,J224632.7-095041,FITS,22 46 32.796,-09 50 41.60,0.014,5.87,13.02,0.144,10.76,0.66,106.5,,,,1997.295,2450557.1,0.0
346.929025,-9.8451,J230742.9-095042,FITS,23 07 42.966,-09 50 42.36,0.347,1.04,0.59,0.141,0.0,0.0,103.3,,g,,1997.295,2450557.1,0.013
31.358675,-9.84519722,J020526.0-095042,FITS,02 05 26.082,-09 50 42.71,0.549,1.16,0.57,0.156,0.0,0.0,66.4,,s,,1997.188,2450518.1,5.017
15.3310625,-9.84526944,J010119.4-095042,FITS,01 01 19.455,-09 50 42.97,0.014,6.36,6.61,0.143,1.9,0.0,89.2,,g,,1997.181,2450515.7,1.595
22.9587125,-9.845375,J013150.0-095043,FITS,01 31 50.091,-09 50 43.35,0.014,6.42,10.05,0.146,7.16,1.29,157.0,,,,1997.182,2450516.1,2.218
13.7120375,-9.845425,J005450.8-095043,FITS,00 54 50.889,-09 50 43.53,0.612,1.14,1.84,0.151,7.19,0.0,63.3,,,,1997.184,2450516.8,3.898
14.859975,-9.84543056,J005926.3-095043,FITS,00 59 26.394,-09 50 43.55,0.195,1.37,2.02,0.154,6.74,0.0,72.5,,s,,1997.188,2450518.1,5.031
339.42539583,-9.84580278,J223742.0-095044,FITS,22 37 42.095,-09 50 44.89,0.014,9.08,9.42,0.144,1.38,0.7,68.5,,s,,1997.29,2450555.5,7.195
14.85715833,-9.84586667,J005925.7-095045,FITS,00 59 25.718,-09 50 45.12,0.014,1.48,1.53,0.154,2.44,0.0,72.5,,g,,1997.188,2450518.1,4.996
358.56392083,-9.84621111,J235415.3-095046,FITS,23 54 15.341,-09 50 46.36,0.63,1.03,0.44,0.146,0.0,0.0,92.0,,,,1997.265,2450546.2,19.853
14.8648,-9.84625,J005927.5-095046,FITS,00 59 27.552,-09 50 46.50,0.791,1.06,0.92,0.154,2.52,0.0,70.5,,,,1997.188,2450518.2,5.079
28.7793375,-9.84638889,J015507.0-095047,FITS,01 55 07.041,-09 50 47.00,0.014,2.35,2.08,0.147,0.0,0.0,131.1,,s,,1997.182,2450516.0,2.591
358.26119583,-9.84653611,J235302.6-095047,FITS,23 53 02.687,-09 50 47.53,0.496,1.05,0.91,0.149,2.52,0.0,67.0,,,,1997.287,2450554.4,11.036
18.23122917,-9.84654444,J011255.4-095047,FITS,01 12 55.495,-09 50 47.56,0.014,2.75,11.57,0.15,11.86,9.27,146.5,,,,1997.184,2450516.6,3.53
26.7122,-9.84658611,J014650.9-095047,FITS,01 46 50.928,-09 50 47.71,0.014,1.69,1.55,0.148,1.48,0.0,154.8,,,,1997.182,2450516.0,2.435
340.99095417,-9.84658611,J224357.8-095047,FITS,22 43 57.829,-09 50 47.71,0.164,1.08,0.99,0.147,3.95,0.0,19.3,,s,,1997.281,2450552.0,11.604
5.03243333,-9.84666667,J002007.7-095048,FITS,00 20 07.784,-09 50 48.00,0.034,2.57,6.39,0.358,11.28,3.06,125.6,,g,,1997.206,2450524.5,17.867
2.21447917,-9.84676944,J000851.4-095048,FITS,00 08 51.475,-09 50 48.37,0.014,2.81,4.11,0.145,6.34,0.0,131.9,,,,1997.253,2450541.9,21.581
339.90120417,-9.84680278,J223936.2-095048,FITS,22 39 36.289,-09 50 48.49,0.014,6.24,6.9,0.152,2.79,0.0,57.3,,,,1997.251,2450541.0,15.651
30.159975,-9.84681667,J020038.3-095048,FITS,02 00 38.394,-09 50 48.54,0.014,23.38,31.2,0.155,4.42,1.65,87.6,,,,1997.187,2450517.8,4.775
13.76109583,-9.84701667,J005502.6-095049,FITS,00 55 02.663,-09 50 49.26,0.732,1.09,0.57,0.147,0.0,0.0,97.5,,g,,1997.183,2450516.2,2.945
349.159525,-9.84714167,J231638.2-095049,FITS,23 16 38.286,-09 50 49.71,0.676,1.02,0.83,0.137,3.0,0.0,52.6,,g,,1997.294,2450556.7,2.764
358.5421125,-9.84718611,J235410.1-095049,FITS,23 54 10.107,-09 50 49.87,0.739,1.03,1.11,0.145,4.99,0.0,31.7,,,,1997.264,2450545.9,20.09
339.76059167,-9.84731667,J223902.5-095050,FITS,22 39 02.542,-09 50 50.34,0.289,1.04,0.9,0.147,3.6,0.0,87.6,,g,,1997.223,2450530.8,11.463
336.90354167,-9.84747778,J222736.8-095050,FITS,22 27 36.850,-09 50 50.92,0.014,4.9,4.5,0.393,1.15,0.0,53.1,,s,,1997.202,2450523.1,10.001
349.55408333,-9.84749167,J231812.9-095050,FITS,23 18 12.980,-09 50 50.97,0.014,11.8,14.78,0.148,3.74,1.6,82.0,,,,1997.287,2450554.4,5.065
12.08711667,-9.84749444,J004820.9-095050,FITS,00 48 20.908,-09 50 50.98,0.014,3.45,3.64,0.159,1.69,1.06,18.3,,g,,1997.19,2450518.9,5.436
341.00785417,-9.84755,J224401.8-095051,FITS,22 44 01.885,-09 50 51.18,0.014,42.81,49.18,0.149,2.87,1.51,140.1,,s,,1997.277,2450550.7,12.717
30.15359167,-9.84758333,J020036.8-095051,FITS,02 00 36.862,-09 50 51.30,0.014,6.98,11.92,0.155,7.54,0.69,68.8,,,,1997.188,2450518.0,4.858
7.07092083,-9.84767222,J002817.0-095051,FITS,00 28 17.021,-09 50 51.62,0.611,1.06,0.43,0.142,0.0,0.0,90.3,,,,1997.186,2450517.5,9.298
28.68995417,-9.84776389,J015445.5-095051,FITS,01 54 45.589,-09 50 51.95,0.016,1.26,1.19,0.154,5.19,0.0,96.4,,g,,1997.186,2450517.3,4.309
348.11942083,-9.84795556,J231228.6-095052,FITS,23 12 28.661,-09 50 52.64,0.801,1.11,1.32,0.151,4.52,0.0,31.4,,,,1997.289,2450555.0,4.641
25.08689167,-9.84797222,J014020.8-095052,FITS,01 40 20.854,-09 50 52.70,0.339,2.16,2.09,0.233,5.07,0.0,82.7,,,,1997.183,2450516.3,3.996
22.92375833,-9.848,J013141.7-095052,FITS,01 31 41.702,-09 50 52.80,0.429,1.0,0.51,0.141,0.0,0.0,78.6,,,,1997.183,2450516.3,4.016
339.90239167,-9.8481,J223936.5-095053,FITS,22 39 36.574,-09 50 53.16,0.014,6.4,6.75,0.152,2.01,0.0,99.6,,,,1997.251,2450541.0,15.683
336.5574875,-9.84818333,J222613.7-095053,FITS,22 26 13.797,-09 50 53.46,0.304,1.05,0.93,0.151,4.89,0.0,53.6,,,,1997.195,2450520.8,9.056
349.55009583,-9.84824722,J231812.0-095053,FITS,23 18 12.023,-09 50 53.69,0.014,7.43,9.9,0.147,4.17,2.2,105.3,,s,,1997.287,2450554.4,5.061
6.56365,-9.84826667,J002615.2-095053,FITS,00 26 15.276,-09 50 53.76,0.014,1.33,0.97,0.151,0.0,0.0,88.3,,g,,1997.216,2450528.2,20.005
347.9062375,-9.84827222,J231137.4-095053,FITS,23 11 37.497,-09 50 53.78,0.014,3.86,3.68,0.148,1.64,0.0,68.3,,g,,1997.288,2450554.7,4.837
24.26005833,-9.84838333,J013702.4-095054,FITS,01 37 02.414,-09 50 54.18,0.014,4.24,3.54,0.146,0.0,0.0,92.9,,,,1997.183,2450516.3,2.976
30.1886125,-9.84841389,J020045.2-095054,FITS,02 00 45.267,-09 50 54.29,0.014,13.18,13.83,0.155,1.77,0.44,130.4,,,,1997.186,2450517.4,4.333
341.29666667,-9.84861667,J224511.2-095055,FITS,22 45 11.200,-09 50 55.02,0.383,1.09,0.62,0.149,0.0,0.0,16.7,,g,,1997.226,2450532.1,12.624
2.38334583,-9.84874167,J000932.0-095055,FITS,00 09 32.003,-09 50 55.47,0.014,2.78,3.01,0.15,2.63,0.0,116.8,,,,1997.233,2450534.6,21.824
339.4280875,-9.84935556,J223742.7-095057,FITS,22 37 42.741,-09 50 57.68,0.014,1.19,1.14,0.142,4.37,0.0,76.3,,,,1997.289,2450555.0,7.821
16.42204167,-9.84940278,J010541.2-095057,FITS,01 05 41.290,-09 50 57.85,0.014,3.42,9.11,0.149,10.12,4.95,114.2,,g,,1997.191,2450519.2,5.45
15.80209167,-9.84958056,J010312.5-095058,FITS,01 03 12.502,-09 50 58.49,0.014,2.75,2.6,0.147,2.09,0.0,171.9,,,,1997.192,2450519.4,5.536
21.638925,-9.84958056,J012633.3-095058,FITS,01 26 33.342,-09 50 58.49,0.338,1.07,0.56,0.148,0.0,0.0,130.9,,g,,1997.19,2450518.7,5.259
32.9364,-9.84969167,J021144.7-095058,FITS,02 11 44.736,-09 50 58.89,0.839,1.13,0.86,0.157,4.55,0.0,128.9,,,,1997.191,2450519.4,5.499
26.71285,-9.84976944,J014651.0-095059,FITS,01 46 51.084,-09 50 59.17,0.014,1.81,2.29,0.15,3.83,1.93,49.2,,,,1997.183,2450516.1,2.331
10.17255417,-9.84978611,J004041.4-095059,FITS,00 40 41.413,-09 50 59.23,0.788,1.05,0.51,0.146,0.0,0.0,89.5,,g,,1997.183,2450516.3,4.09
340.84952083,-9.84995833,J224323.8-095059,FITS,22 43 23.885,-09 50 59.85,0.014,1.89,1.6,0.146,2.72,0.0,110.6,,g,,1997.291,2450555.6,6.359
21.94070417,-9.85000278,J012745.7-095100,FITS,01 27 45.769,-09 51 00.01,0.014,6.76,6.42,0.151,0.0,0.0,80.7,,g,,1997.186,2450517.3,4.299
356.65465,-9.85003611,J234637.1-095100,FITS,23 46 37.116,-09 51 00.13,0.014,4.03,7.71,0.142,8.1,2.36,76.0,,g,,1997.294,2450556.7,2.868
22.420075,-9.85014167,J012940.8-095100,FITS,01 29 40.818,-09 51 00.51,0.014,1.92,2.53,0.151,4.63,1.71,38.5,,,,1997.191,2450519.2,5.429
33.27680833,-9.85033611,J021306.4-095101,FITS,02 13 06.434,-09 51 01.21,0.32,1.14,1.06,0.149,4.2,0.0,92.1,,g,,1997.182,2450516.1,2.669
346.90748333,-9.85057222,J230737.7-095102,FITS,23 07 37.796,-09 51 02.06,0.273,1.0,0.89,0.139,4.65,0.0,81.1,,,,1997.294,2450556.7,2.881
339.91703333,-9.8506,J223940.0-095102,FITS,22 39 40.088,-09 51 02.16,0.214,1.02,0.95,0.152,5.79,0.0,66.5,,,,1997.255,2450542.5,15.711
341.52835417,-9.85069167,J224606.8-095102,FITS,22 46 06.805,-09 51 02.49,0.304,1.04,0.61,0.145,0.0,0.0,77.2,,s,,1997.284,2450553.2,10.497
352.27373333,-9.85070833,J232905.6-095102,FITS,23 29 05.696,-09 51 02.55,0.517,1.02,0.58,0.148,0.0,0.0,100.5,,,,1997.293,2450556.4,2.966
22.56721667,-9.85093611,J013016.1-095103,FITS,01 30 16.132,-09 51 03.37,0.014,1.41,1.17,0.151,0.0,0.0,179.5,,,,1997.191,2450519.4,5.463
25.0457625,-9.851075,J014010.9-095103,FITS,01 40 10.983,-09 51 03.87,0.339,2.32,1.8,0.24,0.82,0.0,88.9,,,,1997.182,2450516.1,2.2
22.9613625,-9.85110556,J013150.7-095103,FITS,01 31 50.727,-09 51 03.98,0.06,1.15,1.96,0.147,5.45,4.16,118.2,,g,,1997.182,2450516.1,2.319
336.2332875,-9.85115278,J222455.9-095104,FITS,22 24 55.989,-09 51 04.15,0.014,1.58,1.01,0.148,0.0,0.0,55.2,,s,,1997.189,2450518.7,7.403
32.31564167,-9.85154167,J020915.7-095105,FITS,02 09 15.754,-09 51 05.55,0.47,1.17,0.52,0.149,0.0,0.0,106.5,,g,,1997.192,2450519.4,5.458
341.00845833,-9.85158056,J224402.0-095105,FITS,22 44 02.030,-09 51 05.69,0.014,3.03,12.99,0.149,14.49,7.61,9.8,,,,1997.277,2450550.5,12.93
25.02080833,-9.85175278,J014004.9-095106,FITS,01 40 04.994,-09 51 06.31,0.786,1.59,1.17,0.24,2.32,0.0,48.5,,,,1997.183,2450516.2,2.794
1.20672917,-9.85176944,J000449.6-095106,FITS,00 04 49.615,-09 51 06.37,0.787,1.07,0.65,0.144,1.91,0.0,120.7,,,,1997.19,2450519.0,11.831
26.12809583,-9.85180556,J014430.7-095106,FITS,01 44 30.743,-09 51 06.50,0.409,1.04,0.86,0.153,5.28,0.0,46.5,,g,,1997.19,2450518.7,5.157
345.03676667,-9.85183611,J230008.8-095106,FITS,23 00 08.824,-09 51 06.61,0.014,29.38,30.25,0.155,1.11,0.88,133.9,,g,,1997.287,2450554.4,5.016
19.31004167,-9.851875,J011714.4-095106,FITS,01 17 14.410,-09 51 06.75,0.492,1.03,0.36,0.153,0.0,0.0,89.5,,,,1997.186,2450517.4,4.317
15.21719583,-9.85194444,J010052.1-095107,FITS,01 00 52.127,-09 51 07.00,0.761,1.08,1.25,0.151,8.25,0.0,126.4,,,,1997.185,2450516.9,3.832
345.01505,-9.85210278,J230003.6-095107,FITS,23 00 03.612,-09 51 07.57,0.014,4.07,3.88,0.156,0.95,0.0,139.0,,,,1997.287,2450554.4,5.066
25.86975,-9.85245556,J014328.7-095108,FITS,01 43 28.740,-09 51 08.84,0.014,1.9,2.9,0.145,6.97,0.0,85.3,,,,1997.182,2450516.1,4.055
349.1934375,-9.85250833,J231646.4-095109,FITS,23 16 46.425,-09 51 09.03,0.014,3.19,3.59,0.139,2.74,0.62,102.2,,g,,1997.294,2450556.7,2.843
357.265075,-9.852525,J234903.6-095109,FITS,23 49 03.618,-09 51 09.09,0.014,1.66,1.2,0.145,0.0,0.0,128.3,,s,,1997.29,2450555.5,8.711
5.07585,-9.85280278,J002018.2-095110,FITS,00 20 18.204,-09 51 10.09,0.014,4.13,4.17,0.326,1.6,0.0,83.6,,,,1997.221,2450530.3,20.752
345.76539583,-9.85280278,J230303.6-095110,FITS,23 03 03.695,-09 51 10.09,0.014,4.01,3.48,0.146,0.0,0.0,69.5,,s,,1997.287,2450554.4,5.047
25.872725,-9.85300556,J014329.4-095110,FITS,01 43 29.454,-09 51 10.82,0.652,1.02,0.56,0.145,0.0,0.0,84.4,,,,1997.182,2450516.1,4.081
28.75013333,-9.85322778,J015500.0-095111,FITS,01 55 00.032,-09 51 11.62,0.245,1.23,0.7,0.15,0.0,0.0,71.8,,,,1997.183,2450516.5,3.204
346.4328875,-9.85332222,J230543.8-095111,FITS,23 05 43.893,-09 51 11.96,0.274,1.0,1.23,0.148,7.3,0.0,74.4,,g,,1997.288,2450554.7,4.86
332.67932917,-9.85334167,J221043.0-095112,FITS,22 10 43.039,-09 51 12.03,0.014,6.16,9.43,0.147,6.16,2.5,7.6,,,,1997.18,2450515.3,0.0
10.18115417,-9.85350278,J004043.4-095112,FITS,00 40 43.477,-09 51 12.61,0.014,4.36,4.24,0.147,1.65,0.0,98.9,,,,1997.183,2450516.4,4.263
345.15198333,-9.85374722,J230036.4-095113,FITS,23 00 36.476,-09 51 13.49,0.014,2.77,2.34,0.159,0.6,0.0,89.5,,g,,1997.29,2450555.5,4.138
19.97655833,-9.85386389,J011954.3-095113,FITS,01 19 54.374,-09 51 13.91,0.247,1.17,0.89,0.147,2.54,0.0,80.8,,,,1997.183,2450516.2,2.758
346.02644583,-9.85403889,J230406.3-095114,FITS,23 04 06.347,-09 51 14.54,0.52,1.05,3.82,0.144,10.98,8.18,135.0,,,,1997.294,2450556.8,1.992
21.27246667,-9.85406944,J012505.3-095114,FITS,01 25 05.392,-09 51 14.65,0.014,1.36,1.3,0.143,5.45,0.0,99.2,,g,,1997.183,2450516.2,2.778
16.62884583,-9.8542,J010630.9-095115,FITS,01 06 30.923,-09 51 15.12,0.102,1.27,0.93,0.152,0.41,0.0,100.3,,,,1997.189,2450518.6,5.078
18.99869583,-9.85434444,J011559.6-095115,FITS,01 15 59.687,-09 51 15.64,0.569,1.0,0.77,0.149,2.85,0.0,84.5,,g,,1997.183,2450516.5,3.24
4.69603333,-9.85434722,J001847.0-095115,FITS,00 18 47.048,-09 51 15.65,0.034,2.49,1.95,0.344,0.0,0.0,49.1,,g,,1997.214,2450527.7,19.687
342.25003333,-9.85466389,J224900.0-095116,FITS,22 49 00.008,-09 51 16.79,0.71,1.06,0.68,0.144,0.0,0.0,91.4,,,,1997.286,2450553.8,9.455
19.48239167,-9.85476667,J011755.7-095117,FITS,01 17 55.774,-09 51 17.16,0.014,2.48,2.41,0.147,1.79,0.0,96.4,,s,,1997.193,2450519.9,5.482
7.236325,-9.85485278,J002856.7-095117,FITS,00 28 56.718,-09 51 17.47,0.014,1.36,1.0,0.141,0.0,0.0,165.2,,,,1997.189,2450518.6,10.723
346.23830417,-9.854875,J230457.1-095117,FITS,23 04 57.193,-09 51 17.55,0.014,1.43,1.03,0.146,0.0,0.0,90.9,,g,,1997.294,2450556.7,2.235
27.33523333,-9.85495556,J014920.4-095117,FITS,01 49 20.456,-09 51 17.84,0.797,1.01,0.76,0.144,4.22,0.0,62.3,,,,1997.183,2450516.4,4.302
22.84090417,-9.85528611,J013121.8-095119,FITS,01 31 21.817,-09 51 19.03,0.409,1.02,0.72,0.141,2.99,0.0,68.3,,,,1997.183,2450516.4,4.308
358.11446667,-9.85529722,J235227.4-095119,FITS,23 52 27.472,-09 51 19.07,0.014,3.2,3.41,0.144,4.26,0.0,149.6,,s,,1997.293,2450556.6,3.111
3.9877875,-9.85538056,J001557.0-095119,FITS,00 15 57.069,-09 51 19.37,0.223,1.33,2.59,0.15,9.21,0.0,102.2,,,,1997.202,2450523.2,16.732
351.846925,-9.85548333,J232723.2-095119,FITS,23 27 23.262,-09 51 19.74,0.014,1.27,1.03,0.15,0.0,0.0,86.8,,,,1997.289,2450555.0,4.632
4.17460833,-9.85575278,J001641.9-095120,FITS,00 16 41.906,-09 51 20.71,0.665,1.02,0.48,0.142,0.0,0.0,93.6,,,,1997.188,2450518.1,9.889
32.38340833,-9.85579722,J020932.0-095120,FITS,02 09 32.018,-09 51 20.87,0.014,1.66,1.05,0.154,0.0,0.0,90.0,,s,,1997.189,2450518.7,5.025
21.2856625,-9.85581389,J012508.5-095120,FITS,01 25 08.559,-09 51 20.93,0.014,4.98,4.93,0.142,1.67,0.0,23.7,,,,1997.184,2450516.8,4.419
13.41371667,-9.85594444,J005339.2-095121,FITS,00 53 39.292,-09 51 21.40,0.014,2.51,2.49,0.149,2.49,0.0,79.3,,,,1997.191,2450519.3,5.307
335.06918333,-9.85594722,J222016.6-095121,FITS,22 20 16.604,-09 51 21.41,0.496,1.0,0.87,0.149,3.19,0.0,83.9,,g,,1997.197,2450521.3,9.015
345.73050833,-9.85595278,J230255.3-095121,FITS,23 02 55.322,-09 51 21.43,0.014,1.18,0.98,0.145,0.64,0.0,179.2,,,,1997.288,2450554.5,4.954
351.74409167,-9.85601111,J232658.5-095121,FITS,23 26 58.582,-09 51 21.64,0.446,1.02,0.83,0.148,4.62,0.0,129.9,,,,1997.288,2450554.5,4.982
5.4318625,-9.85602778,J002143.6-095121,FITS,00 21 43.647,-09 51 21.70,0.448,1.06,0.59,0.152,0.0,0.0,130.3,,,,1997.22,2450529.7,20.501
342.18321667,-9.85603611,J224843.9-095121,FITS,22 48 43.972,-09 51 21.73,0.014,9.14,9.82,0.142,2.3,0.0,114.3,,g,,1997.275,2450550.0,12.811
344.64562083,-9.85625833,J225834.9-095122,FITS,22 58 34.949,-09 51 22.53,0.812,1.57,1.19,0.255,0.0,0.0,54.1,,,,1997.293,2450556.6,3.097
338.44170833,-9.85629167,J223346.0-095122,FITS,22 33 46.010,-09 51 22.65,0.634,1.08,0.77,0.152,0.0,0.0,72.7,,g,,1997.262,2450545.0,15.438
335.95967083,-9.85631667,J222350.3-095122,FITS,22 23 50.321,-09 51 22.74,0.014,3.79,4.67,0.145,4.81,0.0,19.2,,,,1997.213,2450527.2,9.642
337.75067083,-9.8566,J223100.1-095123,FITS,22 31 00.161,-09 51 23.76,0.014,6.01,6.89,0.148,2.9,0.91,95.4,,s,,1997.278,2450551.0,12.585
350.093325,-9.85690556,J232022.3-095124,FITS,23 20 22.398,-09 51 24.86,0.13,1.51,1.49,0.158,4.62,0.0,67.6,,s,,1997.291,2450555.6,4.0
8.9672,-9.85724722,J003552.1-095126,FITS,00 35 52.128,-09 51 26.09,0.62,1.11,0.52,0.146,0.0,0.0,89.5,,,,1997.193,2450519.9,5.406
346.1296125,-9.85728333,J230431.1-095126,FITS,23 04 31.107,-09 51 26.22,0.204,1.12,0.63,0.141,0.0,0.0,81.1,,,,1997.293,2450556.5,3.184
31.94972083,-9.85734444,J020747.9-095126,FITS,02 07 47.933,-09 51 26.44,0.014,71.19,71.91,0.146,1.08,0.0,167.2,,,,1997.184,2450516.7,4.456
344.30497083,-9.85786111,J225713.1-095128,FITS,22 57 13.193,-09 51 28.30,0.014,1.88,2.36,0.173,5.98,0.0,175.8,,g,,1997.288,2450554.8,4.793
5.31732083,-9.85787222,J002116.1-095128,FITS,00 21 16.157,-09 51 28.34,0.417,1.01,0.45,0.147,0.0,0.0,102.6,,,,1997.254,2450542.0,21.266
3.99038333,-9.85809444,J001557.6-095129,FITS,00 15 57.692,-09 51 29.14,0.014,2.73,2.88,0.15,2.63,0.0,153.4,,,,1997.202,2450523.1,16.665
18.19191667,-9.85816389,J011246.0-095129,FITS,01 12 46.060,-09 51 29.39,0.877,1.02,1.14,0.154,5.99,0.0,92.3,,g,,1997.186,2450517.5,4.296
22.23644583,-9.85821667,J012856.7-095129,FITS,01 28 56.747,-09 51 29.58,0.014,2.37,2.22,0.147,1.94,0.0,142.0,,g,,1997.183,2450516.3,2.983
344.99069583,-9.85824722,J225957.7-095129,FITS,22 59 57.767,-09 51 29.69,0.014,36.36,52.25,0.165,4.41,3.31,138.6,,,,1997.288,2450554.6,4.915
334.00956667,-9.85827222,J221602.2-095129,FITS,22 16 02.296,-09 51 29.78,0.014,2.13,1.95,0.157,1.06,0.0,147.5,,g,,1997.182,2450515.8,4.385
344.72329583,-9.858425,J225853.5-095130,FITS,22 58 53.591,-09 51 30.33,0.645,1.64,1.25,0.252,2.14,0.0,73.0,,,,1997.293,2450556.3,3.397
335.95907917,-9.85871667,J222350.1-095131,FITS,22 23 50.179,-09 51 31.38,0.089,1.41,1.45,0.145,2.59,0.0,90.3,,,,1997.212,2450527.0,9.514
25.043275,-9.85905,J014010.3-095132,FITS,01 40 10.386,-09 51 32.58,0.718,1.53,0.85,0.24,0.0,0.0,87.9,,,,1997.184,2450516.8,4.538
38.57373333,-9.859125,J023417.6-095132,FITS,02 34 17.696,-09 51 32.85,0.014,49.41,52.59,0.119,1.92,1.03,20.6,,,,2009.241,2454920.5,4.494
349.13472083,-9.85925833,J231632.3-095133,FITS,23 16 32.333,-09 51 33.33,0.014,4.14,6.25,0.139,7.12,0.0,159.3,,g,,1997.293,2450556.5,3.255
25.93950417,-9.859425,J014345.4-095133,FITS,01 43 45.481,-09 51 33.93,0.513,1.07,0.44,0.145,0.0,0.0,92.4,,s,,1997.184,2450516.7,4.531
26.24670417,-9.85943611,J014459.2-095133,FITS,01 44 59.209,-09 51 33.97,0.014,1.45,0.89,0.146,0.0,0.0,120.7,,s,,1997.194,2450520.2,5.375
4.54962083,-9.85966667,J001811.9-095134,FITS,00 18 11.909,-09 51 34.80,0.014,2.77,2.36,0.195,0.0,0.0,70.5,,,,1997.257,2450543.4,20.861
344.29151667,-9.85969722,J225709.9-095134,FITS,22 57 09.964,-09 51 34.91,0.014,2.57,1.83,0.168,0.0,0.0,79.2,,,,1997.288,2450554.8,4.792
17.76259167,-9.85972222,J011103.0-095135,FITS,01 11 03.022,-09 51 35.00,0.262,1.03,0.91,0.15,3.25,0.0,75.0,,s,,1997.184,2450516.7,3.494
33.15956667,-9.85988611,J021238.2-095135,FITS,02 12 38.296,-09 51 35.59,0.014,2.25,1.83,0.161,0.0,0.0,159.7,,g,,1997.188,2450518.3,4.74
22.96390833,-9.85992222,J013151.3-095135,FITS,01 31 51.338,-09 51 35.72,0.014,3.83,5.14,0.145,4.35,2.6,5.1,,g,,1997.185,2450516.9,4.585
23.13925833,-9.85993889,J013233.4-095135,FITS,01 32 33.422,-09 51 35.78,0.094,1.52,1.04,0.152,0.0,0.0,92.4,,,,1997.191,2450519.2,5.135
34.16234583,-9.86001667,J021638.9-095136,FITS,02 16 38.963,-09 51 36.06,0.014,1.56,1.24,0.142,1.82,0.0,157.0,,,,1997.583,2450662.4,791.955
20.56790833,-9.86003889,J012216.2-095136,FITS,01 22 16.298,-09 51 36.14,0.014,2.76,2.41,0.139,0.0,0.0,130.9,,g,,1997.184,2450516.6,4.548
353.65228333,-9.86005,J233436.5-095136,FITS,23 34 36.548,-09 51 36.18,0.014,5.36,12.22,0.138,11.15,0.0,98.4,,g,,1997.293,2450556.6,3.219
356.57419167,-9.86006111,J234617.8-095136,FITS,23 46 17.806,-09 51 36.22,0.349,1.01,0.93,0.143,5.59,0.0,58.4,,,,1997.293,2450556.6,3.159
341.01063333,-9.86008056,J224402.5-095136,FITS,22 44 02.552,-09 51 36.29,0.014,13.49,14.97,0.15,2.23,1.69,178.5,,g,,1997.275,2450549.9,13.428
31.94019583,-9.86038333,J020745.6-095137,FITS,02 07 45.647,-09 51 37.38,0.804,1.0,0.56,0.146,0.0,0.0,89.8,,g,,1997.184,2450516.7,4.574
338.93148333,-9.86051111,J223543.5-095137,FITS,22 35 43.556,-09 51 37.84,0.014,4.42,4.84,0.154,2.85,0.0,51.2,,s,,1997.227,2450532.3,13.214
16.98109583,-9.86055833,J010755.4-095138,FITS,01 07 55.463,-09 51 38.01,0.094,1.25,0.94,0.143,0.96,0.0,68.0,,g,,1997.185,2450516.9,4.708
1.94164167,-9.86061111,J000745.9-095138,FITS,00 07 45.994,-09 51 38.20,0.537,1.02,0.52,0.141,0.0,0.0,81.7,,,,1997.191,2450519.1,11.403
26.51092917,-9.86066389,J014602.6-095138,FITS,01 46 02.623,-09 51 38.39,0.058,1.16,0.88,0.151,1.27,0.0,103.4,,s,,1997.183,2450516.4,3.051
3.43902083,-9.86078889,J001345.3-095138,FITS,00 13 45.365,-09 51 38.84,0.014,8.34,8.79,0.153,2.23,0.0,32.9,,,,1997.19,2450519.0,11.214
351.61448333,-9.86089444,J232627.4-095139,FITS,23 26 27.476,-09 51 39.22,0.014,9.86,10.04,0.153,1.23,0.0,13.1,,g,,1997.29,2450555.5,4.155
339.99417083,-9.86093056,J223958.6-095139,FITS,22 39 58.601,-09 51 39.35,0.877,1.05,0.98,0.148,5.43,0.0,79.8,,,,1997.276,2450550.2,13.178
349.07195,-9.86105,J231617.2-095139,FITS,23 16 17.268,-09 51 39.78,0.014,1.17,0.84,0.138,0.0,0.0,25.2,,g,,1997.293,2450556.6,3.187
0.45852083,-9.86125556,J000150.0-095140,FITS,00 01 50.045,-09 51 40.52,0.624,1.09,1.03,0.143,5.96,0.0,126.0,,,,1997.193,2450520.0,12.762
13.89230417,-9.86131667,J005534.1-095140,FITS,00 55 34.153,-09 51 40.74,0.014,19.5,20.2,0.141,1.27,0.84,74.2,,,,1997.183,2450516.4,4.57
10.79219167,-9.86137778,J004310.1-095140,FITS,00 43 10.126,-09 51 40.96,0.014,1.6,1.3,0.144,0.0,0.0,118.0,,g,,1997.184,2450516.8,4.637
19.72433333,-9.86146111,J011853.8-095141,FITS,01 18 53.840,-09 51 41.26,0.016,1.35,0.87,0.152,0.0,0.0,70.0,,s,,1997.185,2450517.0,3.747
28.79038333,-9.86163611,J015509.6-095141,FITS,01 55 09.692,-09 51 41.89,0.42,1.01,0.58,0.146,0.94,0.0,90.9,,g,,1997.185,2450516.9,4.65
352.04443333,-9.86185556,J232810.6-095142,FITS,23 28 10.664,-09 51 42.68,0.361,1.0,0.53,0.142,0.0,0.0,114.3,,g,,1997.293,2450556.6,3.108
34.972875,-9.861875,J021953.4-095142,FITS,02 19 53.490,-09 51 42.75,0.014,3.28,3.3,0.146,1.7,0.0,112.1,,,,1997.541,2450647.0,748.804
25.78995,-9.86201389,J014309.5-095143,FITS,01 43 09.588,-09 51 43.25,0.272,1.31,1.46,0.147,4.58,0.0,65.4,,g,,1997.185,2450516.9,4.667
10.65102083,-9.86201944,J004236.2-095143,FITS,00 42 36.245,-09 51 43.27,0.014,75.65,95.89,0.168,4.37,1.46,25.9,,,,1997.189,2450518.5,4.818
357.59325,-9.86204722,J235022.3-095143,FITS,23 50 22.380,-09 51 43.37,0.014,6.26,6.23,0.153,0.99,0.0,25.9,,s,,1997.28,2450551.6,15.235
351.31663333,-9.86206389,J232515.9-095143,FITS,23 25 15.992,-09 51 43.43,0.185,1.09,0.58,0.142,0.0,0.0,76.5,,g,,1997.293,2450556.6,3.205
32.0330125,-9.86214444,J020807.9-095143,FITS,02 08 07.923,-09 51 43.72,0.35,1.04,0.92,0.154,5.36,0.0,79.0,,g,,1997.185,2450517.2,3.886
359.53312083,-9.86224444,J235807.9-095144,FITS,23 58 07.949,-09 51 44.08,0.021,1.94,2.03,0.101,2.77,0.0,19.6,,,,1997.244,2450538.6,20.486
25.771175,-9.86232778,J014305.0-095144,FITS,01 43 05.082,-09 51 44.38,0.278,1.21,0.72,0.148,0.0,0.0,55.3,,,,1997.185,2450517.0,4.767
34.18900417,-9.86233333,J021645.3-095144,FITS,02 16 45.361,-09 51 44.40,0.363,1.18,0.75,0.144,0.0,0.0,90.1,,,,1997.583,2450662.5,791.48
11.82677083,-9.86234722,J004718.4-095144,FITS,00 47 18.425,-09 51 44.45,0.014,1.63,1.19,0.153,0.0,0.0,154.1,,g,,1997.188,2450518.0,4.567
24.99123333,-9.86236944,J013957.8-095144,FITS,01 39 57.896,-09 51 44.53,0.669,1.6,1.0,0.248,0.8,0.0,107.4,,,,1997.184,2450516.7,3.439
9.14560417,-9.86239722,J003634.9-095144,FITS,00 36 34.945,-09 51 44.63,0.014,4.8,8.03,0.153,7.45,0.0,98.5,,g,,1997.189,2450518.6,4.866
7.45615,-9.86247778,J002949.4-095144,FITS,00 29 49.476,-09 51 44.92,0.014,47.14,49.27,0.117,1.65,0.83,171.5,,s,,1997.226,2450532.1,19.252
343.4575125,-9.86264722,J225349.8-095145,FITS,22 53 49.803,-09 51 45.53,0.014,5.85,5.61,0.145,2.06,0.0,171.7,,,,1997.289,2450554.9,4.707
33.3500125,-9.86267778,J021324.0-095145,FITS,02 13 24.003,-09 51 45.64,0.014,2.59,3.41,0.144,5.67,0.0,80.4,,g,,1997.184,2450516.5,4.642
346.91381667,-9.86269167,J230739.3-095145,FITS,23 07 39.316,-09 51 45.69,0.441,1.01,0.53,0.14,0.0,0.0,90.1,,,,1997.293,2450556.5,3.288
10.77252917,-9.86287222,J004305.4-095146,FITS,00 43 05.407,-09 51 46.34,0.273,1.07,1.17,0.148,6.21,0.0,97.3,,,,1997.185,2450516.9,4.784
344.68252917,-9.86299167,J225843.8-095146,FITS,22 58 43.807,-09 51 46.77,0.033,3.1,3.28,0.255,2.26,0.0,19.7,,g,,1997.293,2450556.5,3.241
17.02233333,-9.86321667,J010805.3-095147,FITS,01 08 05.360,-09 51 47.58,0.014,1.34,1.62,0.148,6.35,0.0,21.7,,g,,1997.185,2450517.0,3.698
6.18089167,-9.86358611,J002443.4-095148,FITS,00 24 43.414,-09 51 48.91,0.297,1.13,0.51,0.151,0.0,0.0,78.7,,g,,1997.223,2450530.7,20.755
355.20335833,-9.86361944,J234048.8-095149,FITS,23 40 48.806,-09 51 49.03,0.014,2.42,1.96,0.143,0.0,0.0,72.7,,s,,1997.293,2450556.6,3.179
33.85891667,-9.86371944,J021526.1-095149,FITS,02 15 26.140,-09 51 49.39,0.014,8.8,17.92,0.149,8.04,3.46,98.7,,g,,1997.191,2450519.4,5.09
24.32402083,-9.86390556,J013717.7-095150,FITS,01 37 17.765,-09 51 50.06,0.771,1.02,0.52,0.141,0.0,0.0,80.7,,,,1997.184,2450516.7,4.72
33.4752,-9.86391944,J021354.0-095150,FITS,02 13 54.048,-09 51 50.11,0.014,1.54,0.92,0.149,0.0,0.0,39.7,,g,,1997.185,2450517.2,4.763
357.70510833,-9.86401389,J235049.2-095150,FITS,23 50 49.226,-09 51 50.45,0.781,1.05,0.53,0.147,0.0,0.0,130.1,,,,1997.271,2450548.4,18.305
22.764275,-9.86403611,J013103.4-095150,FITS,01 31 03.426,-09 51 50.53,0.06,1.11,0.75,0.146,0.0,0.0,88.4,,,,1997.185,2450517.1,4.849
335.4906,-9.86406667,J222157.7-095150,FITS,22 21 57.744,-09 51 50.64,0.775,1.0,0.88,0.148,5.3,0.0,114.9,,g,,1997.188,2450518.2,6.641
16.64777083,-9.86418333,J010635.4-095151,FITS,01 06 35.465,-09 51 51.06,0.014,10.91,13.01,0.152,3.35,1.55,135.4,,s,,1997.189,2450518.6,4.834
27.45595417,-9.86477222,J014949.4-095153,FITS,01 49 49.429,-09 51 53.18,0.2,1.31,1.05,0.147,2.04,0.0,90.4,,,,1997.185,2450517.0,4.78
335.7365125,-9.86483333,J222256.7-095153,FITS,22 22 56.763,-09 51 53.40,0.515,1.16,0.57,0.146,0.0,0.0,118.1,,,,1997.186,2450517.4,5.7
27.43724583,-9.86483889,J014944.9-095153,FITS,01 49 44.939,-09 51 53.42,0.721,1.03,0.61,0.145,0.0,0.0,89.9,,,,1997.184,2450516.8,4.77
13.31240417,-9.86487222,J005314.9-095153,FITS,00 53 14.977,-09 51 53.54,0.429,1.07,0.65,0.153,0.0,0.0,102.9,,,,1997.187,2450517.8,4.37
36.21232083,-9.86491389,J022450.9-095153,FITS,02 24 50.957,-09 51 53.69,0.649,1.02,0.69,0.142,0.0,0.0,90.7,,,,2000.597,2451763.1,1991.077
7.10915417,-9.86494167,J002826.1-095153,FITS,00 28 26.197,-09 51 53.79,0.809,1.0,0.6,0.139,2.07,0.0,108.0,,,,1997.186,2450517.4,8.238
24.956475,-9.86513056,J013949.5-095154,FITS,01 39 49.554,-09 51 54.47,0.669,1.56,1.19,0.254,1.68,0.0,97.4,,g,,1997.186,2450517.4,4.077
13.2521875,-9.86533889,J005300.5-095155,FITS,00 53 00.525,-09 51 55.22,0.4,1.04,0.76,0.15,0.0,0.0,81.8,,g,,1997.184,2450516.6,3.336
33.85477083,-9.86539444,J021525.1-095155,FITS,02 15 25.145,-09 51 55.42,0.014,4.82,14.14,0.148,9.64,6.87,160.4,,,,1997.192,2450519.5,5.081
37.65244167,-9.86563889,J023036.5-095156,FITS,02 30 36.586,-09 51 56.30,0.014,1.99,1.36,0.139,0.0,0.0,89.8,,,,2002.967,2452628.3,2210.335
358.42337083,-9.86566389,J235341.6-095156,FITS,23 53 41.609,-09 51 56.39,0.014,15.4,17.07,0.144,2.89,0.0,58.3,,,,1997.273,2450549.3,17.602
1.76129583,-9.86567222,J000702.7-095156,FITS,00 07 02.711,-09 51 56.42,0.617,1.01,1.22,0.145,7.87,0.0,66.7,,,,1997.199,2450522.2,15.373
4.66092083,-9.865925,J001838.6-095157,FITS,00 18 38.621,-09 51 57.33,0.014,13.06,23.63,0.308,6.41,3.84,87.3,,g,,1997.231,2450533.7,21.408
2.224275,-9.86605556,J000853.8-095157,FITS,00 08 53.826,-09 51 57.80,0.014,1.67,1.59,0.142,4.46,0.0,153.9,,g,,1997.263,2450545.6,19.927
6.44042083,-9.866075,J002545.7-095157,FITS,00 25 45.701,-09 51 57.87,0.014,4.07,4.27,0.14,1.75,0.18,73.8,,g,,1997.191,2450519.3,11.606
346.11798333,-9.86625556,J230428.3-095158,FITS,23 04 28.316,-09 51 58.52,0.014,12.88,35.48,0.142,11.64,4.48,148.4,,,,1997.293,2450556.4,3.519
341.44809167,-9.86639444,J224547.5-095159,FITS,22 45 47.542,-09 51 59.02,0.014,1.8,1.3,0.154,0.0,0.0,46.9,,g,,1997.262,2450545.0,15.582
16.20600833,-9.86667778,J010449.4-095200,FITS,01 04 49.442,-09 52 00.04,0.014,1.58,1.6,0.144,3.88,0.0,55.4,,g,,1997.185,2450517.0,4.863
22.92824583,-9.86673056,J013142.7-095200,FITS,01 31 42.779,-09 52 00.23,0.231,1.25,0.61,0.142,0.0,0.0,94.9,,g,,1997.184,2450516.8,4.851
344.99855417,-9.86685833,J225959.6-095200,FITS,22 59 59.653,-09 52 00.69,0.21,1.36,0.92,0.162,0.0,0.0,118.6,,,,1997.289,2450554.9,4.689
30.3614625,-9.8669,J020126.7-095200,FITS,02 01 26.751,-09 52 00.84,0.014,2.49,2.29,0.143,1.59,0.0,90.1,,,,1997.184,2450516.6,4.838
17.458675,-9.86737222,J010950.0-095202,FITS,01 09 50.082,-09 52 02.54,0.33,1.14,0.63,0.151,0.0,0.0,54.1,,s,,1997.186,2450517.4,4.048
10.43659583,-9.86777222,J004144.7-095203,FITS,00 41 44.783,-09 52 03.98,0.014,2.55,2.25,0.166,0.97,0.0,100.9,,g,,1997.193,2450520.1,5.124
26.824225,-9.86781667,J014717.8-095204,FITS,01 47 17.814,-09 52 04.14,0.014,1.69,1.73,0.155,3.31,0.0,99.2,,g,,1997.188,2450518.2,4.524
346.12337083,-9.867825,J230429.6-095204,FITS,23 04 29.609,-09 52 04.17,0.014,18.58,44.89,0.142,8.27,5.87,11.8,,s,,1997.293,2450556.4,3.58
348.36492917,-9.86782778,J231327.5-095204,FITS,23 13 27.583,-09 52 04.18,0.497,1.05,1.25,0.142,4.85,0.0,5.5,,g,,1997.293,2450556.4,3.534
332.704175,-9.86792222,J221049.0-095204,FITS,22 10 49.002,-09 52 04.52,0.175,1.21,0.77,0.154,0.0,0.0,91.1,,,,1997.18,2450515.3,0.0
342.3453375,-9.86814167,J224922.8-095205,FITS,22 49 22.881,-09 52 05.31,0.504,1.01,0.5,0.141,0.0,0.0,122.8,,,,1997.291,2450555.7,5.769
38.64071667,-9.86823333,J023433.7-095205,FITS,02 34 33.772,-09 52 05.64,0.014,37.12,37.75,0.119,1.18,0.03,12.6,,,,2009.24,2454920.0,3.372
336.89124167,-9.86824722,J222733.8-095205,FITS,22 27 33.898,-09 52 05.69,0.094,2.18,3.0,0.36,4.69,1.75,94.8,,g,,1997.202,2450523.1,9.026
14.92655,-9.86829167,J005942.3-095205,FITS,00 59 42.372,-09 52 05.85,0.262,1.32,0.97,0.146,3.47,0.0,126.0,,g,,1997.193,2450520.0,5.101
29.69189167,-9.8683,J015846.0-095205,FITS,01 58 46.054,-09 52 05.88,0.415,1.1,0.44,0.145,0.0,0.0,90.0,,,,1997.185,2450516.9,4.93
357.53574583,-9.86841389,J235008.5-095206,FITS,23 50 08.579,-09 52 06.29,0.507,1.22,0.63,0.152,0.0,0.0,67.8,,,,1997.287,2450554.4,11.17
8.75352917,-9.86843889,J003500.8-095206,FITS,00 35 00.847,-09 52 06.38,0.802,1.02,1.09,0.145,6.24,0.0,68.4,,,,1997.186,2450517.4,5.052
29.99611667,-9.86845278,J015959.0-095206,FITS,01 59 59.068,-09 52 06.43,0.348,1.03,0.57,0.144,0.0,0.0,19.2,,,,1997.195,2450520.6,5.126
358.41794167,-9.86856944,J235340.3-095206,FITS,23 53 40.306,-09 52 06.85,0.014,5.59,6.62,0.144,3.34,1.41,45.1,,,,1997.275,2450549.7,17.173
29.71215,-9.86865833,J015850.9-095207,FITS,01 58 50.916,-09 52 07.17,0.502,1.0,0.41,0.147,0.0,0.0,93.7,,,,1997.185,2450517.1,4.952
34.04100833,-9.86879444,J021609.8-095207,FITS,02 16 09.842,-09 52 07.66,0.797,1.04,0.59,0.145,0.0,0.0,124.0,,,,1997.622,2450676.6,826.653
345.25373333,-9.86882222,J230100.8-095207,FITS,23 01 00.896,-09 52 07.76,0.639,1.02,0.68,0.149,1.13,0.0,5.7,,,,1997.292,2450556.2,3.667
13.9020125,-9.86892778,J005536.4-095208,FITS,00 55 36.483,-09 52 08.14,0.014,38.43,74.79,0.142,7.32,4.24,156.6,,s,,1997.184,2450516.6,4.947
337.96750833,-9.86902778,J223152.2-095208,FITS,22 31 52.202,-09 52 08.50,0.501,1.02,0.54,0.145,0.0,0.0,97.3,,,,1997.282,2450552.5,11.147
14.509175,-9.86909444,J005802.2-095208,FITS,00 58 02.202,-09 52 08.74,0.62,1.1,0.92,0.148,4.59,0.0,68.8,,,,1997.186,2450517.2,5.048
18.65942083,-9.86923056,J011438.2-095209,FITS,01 14 38.261,-09 52 09.23,0.76,1.04,0.66,0.151,0.0,0.0,118.6,,g,,1997.193,2450519.8,5.053
16.75874167,-9.86929167,J010702.0-095209,FITS,01 07 02.098,-09 52 09.45,0.014,2.37,2.06,0.145,1.76,0.0,99.2,,g,,1997.186,2450517.3,5.056
38.63809583,-9.86941944,J023433.1-095209,FITS,02 34 33.143,-09 52 09.91,0.014,11.72,11.84,0.119,1.69,0.0,60.4,,,,2009.24,2454920.0,3.303
25.02880833,-9.86958611,J014006.9-095210,FITS,01 40 06.914,-09 52 10.51,0.494,1.78,0.98,0.245,0.0,0.0,43.2,,,,1997.186,2450517.2,4.994
32.27441667,-9.86963889,J020905.8-095210,FITS,02 09 05.860,-09 52 10.70,0.014,78.6,81.19,0.145,1.32,0.81,165.4,,s,,1997.195,2450520.6,5.094
349.68214167,-9.86983611,J231843.7-095211,FITS,23 18 43.714,-09 52 11.41,0.569,1.05,0.72,0.154,2.25,0.0,54.9,,s,,1997.292,2450556.1,3.332
341.01372917,-9.87006111,J224403.2-095212,FITS,22 44 03.295,-09 52 12.22,0.014,16.72,23.85,0.149,4.31,3.28,47.3,,s,,1997.272,2450548.8,13.92
12.23135,-9.87008333,J004855.5-095212,FITS,00 48 55.524,-09 52 12.30,0.265,1.55,0.97,0.182,0.0,0.0,120.8,,g,,1997.185,2450517.0,3.671
6.14341667,-9.87024444,J002434.4-095212,FITS,00 24 34.420,-09 52 12.88,0.348,1.05,0.84,0.15,2.48,0.0,66.7,,,,1997.239,2450536.6,21.601
38.40921667,-9.87034722,J023338.2-095213,FITS,02 33 38.212,-09 52 13.25,0.014,3.23,2.89,0.126,0.67,0.0,108.4,,,,2008.01,2454470.0,1349.461
3.17078333,-9.87036944,J001240.9-095213,FITS,00 12 40.988,-09 52 13.33,0.105,1.4,1.46,0.162,5.45,0.0,175.7,,,,1997.229,2450533.0,21.223
358.949475,-9.870375,J235547.8-095213,FITS,23 55 47.874,-09 52 13.35,0.332,1.11,0.86,0.143,4.8,0.0,62.7,,g,,1997.293,2450556.5,3.44
37.1622375,-9.87042222,J022838.9-095213,FITS,02 28 38.937,-09 52 13.52,0.243,1.04,0.83,0.143,4.14,0.0,66.6,,,,1998.247,2450904.5,1251.543
3.4228875,-9.87053889,J001341.4-095213,FITS,00 13 41.493,-09 52 13.94,0.15,1.21,0.86,0.153,0.76,0.0,88.8,,g,,1997.19,2450518.7,10.567
6.13701667,-9.87059722,J002432.8-095214,FITS,00 24 32.884,-09 52 14.15,0.014,1.78,1.55,0.149,2.73,0.0,63.5,,,,1997.241,2450537.4,21.596
23.122675,-9.87070556,J013229.4-095214,FITS,01 32 29.442,-09 52 14.54,0.014,4.43,5.28,0.152,4.57,0.0,153.6,,g,,1997.191,2450519.3,4.91
34.31242917,-9.87083889,J021714.9-095215,FITS,02 17 14.983,-09 52 15.02,0.865,1.09,0.69,0.161,0.0,0.0,70.4,,g,,1997.188,2450518.0,4.371
6.13871667,-9.87094167,J002433.2-095215,FITS,00 24 33.292,-09 52 15.39,0.014,1.24,0.88,0.15,2.41,0.0,70.9,,,,1997.24,2450537.3,21.593
25.88235,-9.87141389,J014331.7-095217,FITS,01 43 31.764,-09 52 17.09,0.014,1.4,1.5,0.145,3.0,0.0,91.7,,g,,1997.184,2450516.7,5.06
22.05121667,-9.87141667,J012812.2-095217,FITS,01 28 12.292,-09 52 17.10,0.014,13.03,12.62,0.143,0.0,0.0,86.9,,g,,1997.185,2450517.0,5.072
32.32425833,-9.87178333,J020917.8-095218,FITS,02 09 17.822,-09 52 18.42,0.39,1.1,0.58,0.146,0.0,0.0,75.5,,g,,1997.194,2450520.2,5.024
348.45769167,-9.87193333,J231349.8-095218,FITS,23 13 49.846,-09 52 18.96,0.488,1.03,0.66,0.145,0.85,0.0,98.0,,,,1997.293,2450556.4,3.458
23.2156125,-9.87201944,J013251.7-095219,FITS,01 32 51.747,-09 52 19.27,0.014,2.43,2.61,0.145,2.63,0.0,9.8,,,,1997.195,2450520.6,5.03
33.85129583,-9.872025,J021524.3-095219,FITS,02 15 24.311,-09 52 19.29,0.52,1.08,0.47,0.147,0.0,0.0,93.9,,s,,1997.193,2450519.8,4.98
13.90370833,-9.87215278,J005536.8-095219,FITS,00 55 36.890,-09 52 19.75,0.014,122.3,180.35,0.142,5.02,3.09,153.3,,g,,1997.184,2450516.7,5.108
334.03080417,-9.87215833,J221607.3-095219,FITS,22 16 07.393,-09 52 19.77,0.377,1.22,0.67,0.158,0.0,0.0,46.7,,,,1997.18,2450515.3,0.0
29.67663333,-9.872225,J015842.3-095220,FITS,01 58 42.392,-09 52 20.01,0.014,2.16,1.64,0.144,0.0,0.0,95.0,,,,1997.185,2450516.9,5.113
38.25502083,-9.87235278,J023301.2-095220,FITS,02 33 01.205,-09 52 20.47,0.218,1.12,1.04,0.117,1.16,0.0,99.3,,,,2006.839,2454042.9,1778.275
25.07664167,-9.87240278,J014018.3-095220,FITS,01 40 18.394,-09 52 20.65,0.718,1.58,0.95,0.238,0.0,0.0,145.5,,,,1997.185,2450516.9,5.122
29.07714583,-9.87244722,J015618.5-095220,FITS,01 56 18.515,-09 52 20.81,0.319,1.12,1.15,0.158,7.12,0.0,58.7,,g,,1997.189,2450518.4,4.546
31.14335417,-9.87246944,J020434.4-095220,FITS,02 04 34.405,-09 52 20.89,0.651,1.08,0.69,0.145,3.17,0.0,67.8,,,,1997.184,2450516.7,5.12
353.74818333,-9.87251944,J233459.5-095221,FITS,23 34 59.564,-09 52 21.07,0.014,2.84,3.04,0.145,2.67,0.0,112.3,,,,1997.289,2450555.1,8.72
353.83811667,-9.87300556,J233521.1-095222,FITS,23 35 21.148,-09 52 22.82,0.014,1.26,0.79,0.151,0.0,0.0,78.0,,g,,1997.282,2450552.6,13.921
29.38009583,-9.87376111,J015731.2-095225,FITS,01 57 31.223,-09 52 25.54,0.014,3.12,3.5,0.156,3.06,0.83,171.7,,,,1997.191,2450519.4,4.858
356.13539167,-9.87400278,J234432.4-095226,FITS,23 44 32.494,-09 52 26.41,0.094,1.63,0.87,0.145,0.0,0.0,55.4,,,,1997.278,2450551.1,15.736
4.99457083,-9.87415278,J001958.6-095226,FITS,00 19 58.697,-09 52 26.95,0.014,11.47,12.3,0.363,2.03,1.02,35.9,,g,,1997.202,2450523.4,16.269
353.96647917,-9.87418611,J233551.9-095227,FITS,23 35 51.955,-09 52 27.07,0.014,2.93,2.45,0.142,0.0,0.0,107.1,,,,1997.274,2450549.6,17.304
10.8554625,-9.87440833,J004325.3-095227,FITS,00 43 25.311,-09 52 27.87,0.014,1.24,0.7,0.142,0.0,0.0,103.3,,s,,1997.184,2450516.7,5.219
342.312225,-9.874525,J224914.9-095228,FITS,22 49 14.934,-09 52 28.29,0.653,1.07,0.69,0.142,0.0,0.0,10.7,,,,1997.289,2450555.1,7.287
356.017375,-9.87453889,J234404.1-095228,FITS,23 44 04.170,-09 52 28.34,0.014,1.47,1.28,0.147,4.2,0.0,36.8,,,,1997.288,2450554.7,9.729
17.11861667,-9.87474167,J010828.4-095229,FITS,01 08 28.468,-09 52 29.07,0.014,28.21,29.61,0.146,1.52,1.04,132.7,,,,1997.191,2450519.3,4.839
349.1188875,-9.87495833,J231628.5-095229,FITS,23 16 28.533,-09 52 29.85,0.016,1.22,1.22,0.139,3.07,0.0,81.6,,,,1997.293,2450556.3,3.814
10.644875,-9.875125,J004234.7-095230,FITS,00 42 34.770,-09 52 30.45,0.014,3.12,6.77,0.165,9.68,3.47,16.7,,,,1997.191,2450519.0,4.765
355.26980417,-9.87531389,J234104.7-095231,FITS,23 41 04.753,-09 52 31.13,0.332,1.09,0.56,0.148,0.0,0.0,118.0,,,,1997.288,2450554.6,9.826
2.48852083,-9.87540278,J000957.2-095231,FITS,00 09 57.245,-09 52 31.45,0.24,1.03,0.88,0.146,4.59,0.0,109.3,,,,1997.207,2450525.1,17.614
3.3970875,-9.87560278,J001335.3-095232,FITS,00 13 35.301,-09 52 32.17,0.206,1.21,0.71,0.153,0.0,0.0,121.9,,g,,1997.188,2450518.0,9.17
8.9757625,-9.87563056,J003554.1-095232,FITS,00 35 54.183,-09 52 32.27,0.014,108.43,111.46,0.142,1.38,0.45,156.6,,g,,1997.195,2450520.7,4.928
0.04014583,-9.87576667,J000009.6-095232,FITS,00 00 09.635,-09 52 32.76,0.014,2.17,2.16,0.143,2.1,0.0,91.6,,,,1997.265,2450546.4,19.347
29.57030833,-9.875775,J015816.8-095232,FITS,01 58 16.874,-09 52 32.79,0.014,8.06,11.31,0.145,5.23,0.84,84.1,,,,1997.185,2450517.0,5.285
7.21579167,-9.8758,J002851.7-095232,FITS,00 28 51.790,-09 52 32.88,0.78,1.06,0.71,0.14,2.0,0.0,77.9,,,,1997.191,2450519.3,10.85
359.05696667,-9.87582222,J235613.6-095232,FITS,23 56 13.672,-09 52 32.96,0.429,1.02,0.64,0.153,0.0,0.0,108.3,,,,1997.286,2450553.9,11.924
349.2590375,-9.87584722,J231702.1-095233,FITS,23 17 02.169,-09 52 33.05,0.09,1.31,0.65,0.145,0.0,0.0,77.4,,,,1997.292,2450556.1,3.821
14.20865833,-9.87592222,J005650.0-095233,FITS,00 56 50.078,-09 52 33.32,0.014,3.06,3.22,0.144,2.64,0.0,139.6,,,,1997.195,2450520.6,4.928
10.6441125,-9.87606389,J004234.5-095233,FITS,00 42 34.587,-09 52 33.83,0.014,33.89,37.16,0.165,1.87,1.77,17.9,,,,1997.191,2450519.1,4.76
29.55205833,-9.8762,J015812.4-095234,FITS,01 58 12.494,-09 52 34.32,0.027,1.32,1.26,0.147,4.19,0.0,80.2,,g,,1997.185,2450517.2,5.296
338.53975417,-9.87647222,J223409.5-095235,FITS,22 34 09.541,-09 52 35.30,0.014,2.7,3.77,0.144,5.32,1.92,152.2,,,,1997.282,2450552.6,10.977
25.9540125,-9.87675833,J014348.9-095236,FITS,01 43 48.963,-09 52 36.33,0.592,1.04,0.74,0.147,3.47,0.0,112.0,,,,1997.186,2450517.3,5.318
2.24803333,-9.87683889,J000859.5-095236,FITS,00 08 59.528,-09 52 36.62,0.014,2.19,1.79,0.14,0.0,0.0,122.9,,g,,1997.27,2450548.0,18.46
11.98835833,-9.87734722,J004757.2-095238,FITS,00 47 57.206,-09 52 38.45,0.014,2.36,2.46,0.141,2.93,0.0,142.0,,g,,1997.196,2450520.9,4.872
334.7400125,-9.87744167,J221857.6-095238,FITS,22 18 57.603,-09 52 38.79,0.525,1.0,0.81,0.15,3.14,0.0,85.9,,,,1997.188,2450518.2,6.228
25.73987083,-9.87748889,J014257.5-095238,FITS,01 42 57.569,-09 52 38.96,0.272,1.21,1.39,0.152,4.85,0.0,79.2,,,,1997.187,2450517.8,5.365
13.20967917,-9.87755833,J005250.3-095239,FITS,00 52 50.323,-09 52 39.21,0.495,1.02,0.76,0.145,3.69,0.0,88.8,,,,1997.186,2450517.3,5.35
354.55695,-9.87761667,J233813.6-095239,FITS,23 38 13.668,-09 52 39.42,0.014,1.97,1.24,0.154,0.0,0.0,13.3,,s,,1997.286,2450554.0,11.77
335.245675,-9.87772222,J222058.9-095239,FITS,22 20 58.962,-09 52 39.80,0.014,2.78,2.76,0.137,2.99,0.0,24.9,,g,,1997.21,2450526.0,8.421
19.51260833,-9.87792778,J011803.0-095240,FITS,01 18 03.026,-09 52 40.54,0.014,4.99,6.85,0.143,6.05,0.0,173.2,,g,,1997.196,2450520.9,4.853
14.50561667,-9.87806389,J005801.3-095241,FITS,00 58 01.348,-09 52 41.03,0.014,1.96,2.29,0.148,5.28,0.0,83.3,,,,1997.187,2450517.6,5.388
14.20963333,-9.87830278,J005650.3-095241,FITS,00 56 50.312,-09 52 41.89,0.014,12.99,12.88,0.144,1.07,0.0,153.9,,s,,1997.195,2450520.7,4.864
20.81712083,-9.87835,J012316.1-095242,FITS,01 23 16.109,-09 52 42.06,0.014,1.89,1.53,0.15,0.0,0.0,141.3,,,,1997.188,2450518.3,4.418
35.6167375,-9.87854167,J022228.0-095242,FITS,02 22 28.017,-09 52 42.75,0.014,1.31,1.01,0.142,0.0,0.0,67.9,,g,,1997.808,2450744.6,979.981
338.42318333,-9.87858889,J223341.5-095242,FITS,22 33 41.564,-09 52 42.92,0.135,1.26,0.96,0.153,0.0,0.0,39.9,,g,,1997.251,2450541.0,16.253
11.94442083,-9.87884167,J004746.6-095243,FITS,00 47 46.661,-09 52 43.83,0.014,2.07,1.75,0.142,0.0,0.0,132.8,,,,1997.195,2450520.6,4.859
2.83826667,-9.87888333,J001121.1-095243,FITS,00 11 21.184,-09 52 43.98,0.014,3.86,2.96,0.154,0.0,0.0,51.2,,,,1997.235,2450535.3,21.434
8.59445833,-9.87888889,J003422.6-095244,FITS,00 34 22.670,-09 52 44.00,0.014,4.74,4.61,0.14,0.0,0.0,66.8,,g,,1997.185,2450516.9,5.45
14.50726667,-9.87913333,J005801.7-095244,FITS,00 58 01.744,-09 52 44.88,0.014,2.42,2.42,0.15,2.85,0.0,152.9,,g,,1997.187,2450517.8,5.371
3.22581667,-9.87942222,J001254.1-095245,FITS,00 12 54.196,-09 52 45.92,0.014,6.4,6.56,0.16,0.97,0.86,15.2,,,,1997.212,2450527.0,18.664
352.4603875,-9.87963056,J232950.4-095246,FITS,23 29 50.493,-09 52 46.67,0.014,1.15,1.51,0.14,5.28,0.0,71.6,,,,1997.29,2450555.4,4.231
17.73525,-9.87970833,J011056.4-095246,FITS,01 10 56.460,-09 52 46.95,0.042,1.26,1.25,0.148,4.11,0.0,124.5,,g,,1997.187,2450517.7,5.409
34.212525,-9.87984444,J021651.0-095247,FITS,02 16 51.006,-09 52 47.44,0.802,1.05,1.17,0.146,5.65,0.0,84.7,,,,1997.737,2450718.4,923.433
27.5757625,-9.87985556,J015018.1-095247,FITS,01 50 18.183,-09 52 47.48,0.528,1.3,0.69,0.154,0.0,0.0,116.7,,,,1997.189,2450518.6,4.506
3.58205,-9.87991389,J001419.6-095247,FITS,00 14 19.692,-09 52 47.69,0.014,5.53,5.32,0.16,1.51,0.0,89.8,,,,1997.233,2450534.6,21.357
346.0602,-9.88001389,J230414.4-095248,FITS,23 04 14.448,-09 52 48.05,0.014,1.18,1.24,0.142,6.72,0.0,95.4,,g,,1997.292,2450556.3,3.849
345.01763333,-9.88001944,J230004.2-095248,FITS,23 00 04.232,-09 52 48.07,0.014,2.01,1.52,0.151,0.0,0.0,89.9,,,,1997.29,2450555.4,4.274
341.24108333,-9.88028611,J224457.8-095249,FITS,22 44 57.860,-09 52 49.03,0.428,1.0,0.81,0.143,3.46,0.0,2.3,,,,1997.215,2450528.2,10.072
346.9842,-9.88035,J230756.2-095249,FITS,23 07 56.208,-09 52 49.26,0.424,1.07,0.4,0.146,0.0,0.0,89.8,,,,1997.293,2450556.4,3.607
38.61064583,-9.88042222,J023426.5-095249,FITS,02 34 26.555,-09 52 49.52,0.374,1.03,0.77,0.12,3.41,0.0,69.9,,,,2009.24,2454920.1,3.524
7.691275,-9.88055278,J003045.9-095249,FITS,00 30 45.906,-09 52 49.99,0.014,7.55,7.6,0.139,1.22,0.0,101.5,,g,,1997.206,2450524.7,16.385
25.05464167,-9.88061944,J014013.1-095250,FITS,01 40 13.114,-09 52 50.23,0.415,1.72,1.57,0.242,2.89,0.0,81.1,,,,1997.186,2450517.3,5.509
25.060425,-9.88062778,J014014.5-095250,FITS,01 40 14.502,-09 52 50.26,0.339,1.73,1.65,0.241,4.21,0.0,110.8,,s,,1997.186,2450517.2,5.515
27.37785,-9.88071944,J014930.6-095250,FITS,01 49 30.684,-09 52 50.59,0.797,1.0,0.51,0.146,0.0,0.0,83.3,,g,,1997.185,2450516.9,5.544
31.90494167,-9.88100556,J020737.1-095251,FITS,02 07 37.186,-09 52 51.62,0.877,1.07,0.91,0.146,4.57,0.0,88.2,,,,1997.185,2450517.0,5.56
20.38335417,-9.88109167,J012132.0-095251,FITS,01 21 32.005,-09 52 51.93,0.589,1.05,0.55,0.147,0.0,0.0,72.8,,s,,1997.192,2450519.5,4.75
19.42448333,-9.88116944,J011741.8-095252,FITS,01 17 41.876,-09 52 52.21,0.272,1.06,0.96,0.145,1.03,0.0,92.5,,,,1997.194,2450520.5,4.811
14.21061667,-9.88118056,J005650.5-095252,FITS,00 56 50.548,-09 52 52.25,0.014,3.88,3.97,0.143,1.74,0.0,133.0,,s,,1997.195,2450520.8,4.785
20.75204167,-9.8812,J012300.4-095252,FITS,01 23 00.490,-09 52 52.32,0.428,1.01,0.58,0.145,0.0,0.0,91.1,,s,,1997.187,2450517.8,5.499
25.03579167,-9.88126111,J014008.5-095252,FITS,01 40 08.590,-09 52 52.54,0.415,2.14,1.61,0.246,0.0,0.0,11.6,,,,1997.186,2450517.5,5.513
4.32504583,-9.881275,J001718.0-095252,FITS,00 17 18.011,-09 52 52.59,0.014,2.79,2.75,0.153,2.87,0.0,155.5,,g,,1997.231,2450533.8,21.239
18.2795375,-9.88145833,J011307.0-095253,FITS,01 13 07.089,-09 52 53.25,0.014,3.02,5.26,0.148,7.09,3.16,17.4,,,,1997.186,2450517.5,5.512
13.6979625,-9.88159722,J005447.5-095253,FITS,00 54 47.511,-09 52 53.75,0.014,35.11,44.88,0.154,3.49,2.67,140.5,,,,1997.188,2450518.0,4.237
28.34640833,-9.88174444,J015323.1-095254,FITS,01 53 23.138,-09 52 54.28,0.014,1.34,0.96,0.152,0.0,0.0,96.2,,g,,1997.191,2450519.1,4.653
12.05339167,-9.88175,J004812.8-095254,FITS,00 48 12.814,-09 52 54.30,0.014,1.89,1.97,0.146,2.67,0.0,89.6,,g,,1997.195,2450520.7,4.782
357.0813875,-9.881875,J234819.5-095254,FITS,23 48 19.533,-09 52 54.75,0.014,1.5,1.18,0.142,0.0,0.0,107.9,,g,,1997.279,2450551.2,15.71
0.91989583,-9.88193611,J000340.7-095254,FITS,00 03 40.775,-09 52 54.97,0.014,5.02,5.14,0.151,1.59,0.0,25.2,,,,1997.233,2450534.6,21.333
9.43970417,-9.88195833,J003745.5-095255,FITS,00 37 45.529,-09 52 55.05,0.645,1.03,0.49,0.145,0.0,0.0,86.2,,,,1997.186,2450517.2,5.581
27.51159167,-9.88198333,J015002.7-095255,FITS,01 50 02.782,-09 52 55.14,0.014,212.81,217.53,0.151,1.27,0.4,176.7,,,,1997.188,2450518.0,5.518
13.70045833,-9.88209722,J005448.1-095255,FITS,00 54 48.110,-09 52 55.55,0.014,64.59,144.06,0.154,8.38,4.39,73.8,,g,,1997.188,2450517.9,4.205
2.2300125,-9.88213889,J000855.2-095255,FITS,00 08 55.203,-09 52 55.70,0.014,1.7,1.14,0.139,0.0,0.0,130.4,,g,,1997.27,2450548.1,18.267
9.36666667,-9.88232222,J003728.0-095256,FITS,00 37 28.000,-09 52 56.36,0.855,1.03,0.96,0.144,6.18,0.0,43.2,,,,1997.185,2450516.9,5.632
15.21147917,-9.88247778,J010050.7-095256,FITS,01 00 50.755,-09 52 56.92,0.014,2.3,1.55,0.151,0.0,0.0,111.5,,g,,1997.189,2450518.4,5.483
25.0049875,-9.88255556,J014001.1-095257,FITS,01 40 01.197,-09 52 57.20,0.416,2.03,1.25,0.254,1.21,0.0,116.5,,,,1997.188,2450518.0,5.503
36.93595833,-9.88271111,J022744.6-095257,FITS,02 27 44.630,-09 52 57.76,0.014,10.36,10.24,0.137,0.64,0.0,73.8,,g,,2002.205,2452350.5,2179.949
15.92545,-9.88296389,J010342.1-095258,FITS,01 03 42.108,-09 52 58.67,0.782,1.04,0.51,0.152,0.0,0.0,91.8,,,,1997.189,2450518.6,4.482
4.514275,-9.88326944,J001803.4-095259,FITS,00 18 03.426,-09 52 59.77,0.033,1.6,1.23,0.165,1.38,0.0,126.3,,g,,1997.271,2450548.4,18.024
2.17990417,-9.88338056,J000843.1-095300,FITS,00 08 43.177,-09 53 00.17,0.014,1.23,0.94,0.14,0.0,0.0,87.4,,,,1997.264,2450545.7,19.525
14.99217083,-9.88339444,J005958.1-095300,FITS,00 59 58.121,-09 53 00.22,0.014,3.64,3.69,0.141,2.47,0.0,148.7,,g,,1997.196,2450521.1,4.69
337.96715833,-9.88340278,J223152.1-095300,FITS,22 31 52.118,-09 53 00.25,0.014,1.44,1.48,0.146,3.87,0.0,31.2,,g,,1997.28,2450551.8,11.706
11.93985417,-9.88344167,J004745.5-095300,FITS,00 47 45.565,-09 53 00.39,0.197,1.0,1.77,0.141,7.85,0.9,81.4,,g,,1997.195,2450520.7,4.746
27.58815,-9.88359167,J015021.1-095300,FITS,01 50 21.156,-09 53 00.93,0.718,1.08,0.4,0.153,0.0,0.0,89.9,,,,1997.19,2450519.0,4.587
9.61423333,-9.88366111,J003827.4-095301,FITS,00 38 27.416,-09 53 01.18,0.014,1.92,2.06,0.15,4.07,0.0,86.1,,,,1997.192,2450519.5,4.713
35.66844167,-9.883675,J022240.4-095301,FITS,02 22 40.426,-09 53 01.23,0.144,1.1,0.79,0.14,0.0,0.0,83.1,,,,1998.56,2451018.7,1404.74
349.71894583,-9.88368056,J231852.5-095301,FITS,23 18 52.547,-09 53 01.25,0.148,1.26,0.72,0.151,0.0,0.0,85.1,,g,,1997.292,2450556.0,3.961
37.08423333,-9.88370556,J022820.2-095301,FITS,02 28 20.216,-09 53 01.34,0.275,1.04,0.63,0.143,2.28,0.0,63.3,,,,1998.526,2451006.6,1388.105
29.5555125,-9.883725,J015813.3-095301,FITS,01 58 13.323,-09 53 01.41,0.014,18.14,24.58,0.147,4.86,1.41,57.5,,,,1997.186,2450517.4,5.661
359.69544167,-9.88381111,J235846.9-095301,FITS,23 58 46.906,-09 53 01.72,0.021,2.2,2.3,0.101,1.76,0.76,4.5,,g,,1997.243,2450538.4,20.286
345.36979583,-9.88415833,J230128.7-095302,FITS,23 01 28.751,-09 53 02.97,0.58,1.05,0.59,0.144,0.0,0.0,67.3,,,,1997.292,2450556.1,4.186
29.22134583,-9.88440833,J015653.1-095303,FITS,01 56 53.123,-09 53 03.87,0.389,1.01,0.62,0.147,1.43,0.0,114.6,,,,1997.196,2450521.1,4.683
334.48295833,-9.88441944,J221755.9-095303,FITS,22 17 55.910,-09 53 03.91,0.391,1.01,0.93,0.145,1.99,0.0,133.3,,,,1997.209,2450525.9,7.973
14.00008333,-9.884475,J005600.0-095304,FITS,00 56 00.020,-09 53 04.11,0.809,1.06,0.56,0.15,0.0,0.0,104.5,,s,,1997.188,2450518.1,5.563
3.38287083,-9.88447778,J001331.8-095304,FITS,00 13 31.889,-09 53 04.12,0.014,1.51,1.22,0.154,3.04,0.0,65.5,,g,,1997.188,2450518.0,8.868
10.09657917,-9.88473889,J004023.1-095305,FITS,00 40 23.179,-09 53 05.06,0.014,4.22,4.41,0.148,2.1,0.0,80.3,,g,,1997.185,2450517.1,5.757
18.27810833,-9.88511389,J011306.7-095306,FITS,01 13 06.746,-09 53 06.41,0.014,5.48,10.47,0.148,7.97,3.42,21.5,,g,,1997.187,2450517.7,5.673
11.4019875,-9.88520833,J004536.4-095306,FITS,00 45 36.477,-09 53 06.75,0.333,1.09,0.82,0.149,0.0,0.0,118.0,,,,1997.191,2450519.2,4.63
0.38388333,-9.88528333,J000132.1-095307,FITS,00 01 32.132,-09 53 07.02,0.014,7.59,7.7,0.142,1.86,0.0,160.1,,g,,1997.188,2450518.0,8.965
4.29751667,-9.88539722,J001711.4-095307,FITS,00 17 11.404,-09 53 07.43,0.262,1.03,1.0,0.151,3.7,0.0,139.4,,g,,1997.222,2450530.6,20.148
4.01916667,-9.88543611,J001604.6-095307,FITS,00 16 04.600,-09 53 07.57,0.014,2.29,2.32,0.148,3.09,0.0,89.0,,s,,1997.202,2450523.3,15.796
11.59221667,-9.88551667,J004622.1-095307,FITS,00 46 22.132,-09 53 07.86,0.232,1.11,0.7,0.143,1.86,0.0,62.2,,,,1997.185,2450517.1,5.795
357.18389583,-9.88555833,J234844.1-095308,FITS,23 48 44.135,-09 53 08.01,0.014,1.49,0.96,0.152,0.0,0.0,93.1,,,,1997.287,2450554.1,11.6
335.19602083,-9.88565556,J222047.0-095308,FITS,22 20 47.045,-09 53 08.36,0.014,2.48,3.08,0.138,3.76,1.38,90.1,,s,,1997.208,2450525.3,8.024
13.07456667,-9.88578333,J005217.8-095308,FITS,00 52 17.896,-09 53 08.82,0.324,1.11,0.5,0.149,0.0,0.0,83.5,,,,1997.186,2450517.3,5.791
343.76382083,-9.88596944,J225503.3-095309,FITS,22 55 03.317,-09 53 09.49,0.014,5.27,5.17,0.148,2.34,0.0,33.3,,,,1997.293,2450556.3,3.803
2.28240417,-9.88601667,J000907.7-095309,FITS,00 09 07.777,-09 53 09.66,0.016,1.35,1.63,0.138,4.82,0.0,132.6,,,,1997.27,2450548.1,18.183
37.94690833,-9.88608889,J023147.2-095309,FITS,02 31 47.258,-09 53 09.92,0.301,1.0,1.41,0.141,7.31,0.0,96.5,,,,1999.022,2451187.7,1588.135
354.54405,-9.8866,J233810.5-095311,FITS,23 38 10.572,-09 53 11.76,0.63,1.08,0.55,0.151,0.0,0.0,120.7,,g,,1997.287,2450554.3,10.455
28.04332083,-9.88681944,J015210.3-095312,FITS,01 52 10.397,-09 53 12.55,0.193,1.06,1.22,0.145,7.72,0.0,92.6,,,,1997.187,2450517.6,5.788
338.84201667,-9.88684167,J223522.0-095312,FITS,22 35 22.084,-09 53 12.63,0.014,15.24,15.97,0.157,1.63,0.91,154.4,,,,1997.244,2450538.4,16.176
349.12906667,-9.88698889,J231630.9-095313,FITS,23 16 30.976,-09 53 13.16,0.257,1.03,0.59,0.14,0.0,0.0,82.1,,,,1997.292,2450556.0,4.305
342.67987917,-9.88704722,J225043.1-095313,FITS,22 50 43.171,-09 53 13.37,0.63,1.02,0.48,0.141,0.0,0.0,102.4,,,,1997.291,2450555.7,3.904
28.81569583,-9.88706111,J015515.7-095313,FITS,01 55 15.767,-09 53 13.42,0.014,1.32,1.1,0.146,1.81,0.0,122.1,,,,1997.186,2450517.4,5.843
19.14599583,-9.88708333,J011635.0-095313,FITS,01 16 35.039,-09 53 13.50,0.804,1.0,0.64,0.144,0.0,0.0,42.7,,s,,1997.185,2450517.2,5.886
354.1475375,-9.88711111,J233635.4-095313,FITS,23 36 35.409,-09 53 13.60,0.014,2.19,2.39,0.15,3.85,0.0,148.0,,g,,1997.284,2450553.1,13.186
20.70922083,-9.88712222,J012250.2-095313,FITS,01 22 50.213,-09 53 13.64,0.014,3.8,4.15,0.143,2.91,0.0,40.9,,s,,1997.187,2450517.6,5.795
7.21220417,-9.88728333,J002850.9-095314,FITS,00 28 50.929,-09 53 14.22,0.014,64.45,68.94,0.14,2.19,0.81,166.6,,s,,1997.192,2450519.7,11.193
19.28290417,-9.887325,J011707.8-095314,FITS,01 17 07.897,-09 53 14.37,0.014,63.74,71.91,0.151,2.92,1.23,170.8,,g,,1997.189,2450518.5,5.63
35.56669167,-9.88743611,J022216.0-095314,FITS,02 22 16.006,-09 53 14.77,0.014,3.54,3.66,0.143,2.3,0.0,3.5,,,,1997.886,2450772.7,1034.094
11.39717917,-9.88803333,J004535.3-095316,FITS,00 45 35.323,-09 53 16.92,0.014,7.76,8.96,0.148,2.88,1.28,78.4,,g,,1997.192,2450519.4,4.622
16.82735833,-9.8884,J010718.5-095318,FITS,01 07 18.566,-09 53 18.24,0.014,5.22,5.15,0.142,1.41,0.0,62.5,,g,,1997.186,2450517.3,5.93
27.6040375,-9.8884,J015024.9-095318,FITS,01 50 24.969,-09 53 18.24,0.014,1.95,1.16,0.151,0.0,0.0,101.6,,g,,1997.192,2450519.5,4.623
342.53004583,-9.88883333,J225007.2-095319,FITS,22 50 07.211,-09 53 19.80,0.585,1.03,0.55,0.151,0.0,0.0,64.6,,,,1997.292,2450556.0,4.048
25.02332083,-9.88896389,J014005.5-095320,FITS,01 40 05.597,-09 53 20.27,0.416,2.17,1.37,0.25,0.0,0.0,151.7,,,,1997.187,2450517.9,5.833
358.7235875,-9.88915833,J235453.6-095320,FITS,23 54 53.661,-09 53 20.97,0.107,1.73,1.52,0.149,2.1,0.0,167.0,,,,1997.288,2450554.8,9.37
335.34023333,-9.889275,J222121.6-095321,FITS,22 21 21.656,-09 53 21.39,0.014,1.27,1.69,0.14,5.35,0.0,82.2,,g,,1997.205,2450524.3,7.923
4.58265833,-9.88933889,J001819.8-095321,FITS,00 18 19.838,-09 53 21.62,0.299,1.42,1.15,0.207,0.0,0.0,29.8,,,,1997.263,2450545.6,19.482
354.38915,-9.88946111,J233733.3-095322,FITS,23 37 33.396,-09 53 22.06,0.014,18.09,18.52,0.144,1.1,0.46,87.3,,,,1997.292,2450556.0,4.392
337.55025833,-9.88947222,J223012.0-095322,FITS,22 30 12.062,-09 53 22.10,0.39,1.08,1.76,0.14,6.86,2.57,14.7,,s,,1997.218,2450529.0,11.398
22.96562917,-9.88947778,J013151.7-095322,FITS,01 31 51.751,-09 53 22.12,0.014,2.16,1.79,0.147,0.0,0.0,118.5,,,,1997.187,2450517.8,5.89
22.56915417,-9.88951389,J013016.5-095322,FITS,01 30 16.597,-09 53 22.25,0.014,2.79,2.77,0.144,2.23,0.0,89.9,,g,,1997.195,2450520.8,4.604
13.26484583,-9.88971389,J005303.5-095322,FITS,00 53 03.563,-09 53 22.97,0.287,1.09,1.51,0.15,9.02,0.0,99.3,,,,1997.188,2450518.3,5.775
3.48024167,-9.88999444,J001355.2-095323,FITS,00 13 55.258,-09 53 23.98,0.787,1.06,0.72,0.158,1.91,0.0,40.2,,,,1997.203,2450523.6,15.963
28.31850417,-9.89010556,J015316.4-095324,FITS,01 53 16.441,-09 53 24.38,0.014,3.1,2.65,0.153,1.41,0.0,103.1,,g,,1997.19,2450518.7,4.404
29.12976667,-9.89037222,J015631.1-095325,FITS,01 56 31.144,-09 53 25.34,0.258,1.05,0.64,0.153,0.0,0.0,123.2,,,,1997.193,2450520.1,4.639
1.737675,-9.890875,J000657.0-095327,FITS,00 06 57.042,-09 53 27.15,0.639,1.08,0.39,0.149,0.0,0.0,89.8,,,,1997.211,2450526.7,18.297
347.2682375,-9.89116944,J230904.3-095328,FITS,23 09 04.377,-09 53 28.21,0.014,7.3,8.0,0.138,2.39,0.85,121.1,,g,,1997.291,2450555.7,3.941
20.80358333,-9.89128056,J012312.8-095328,FITS,01 23 12.860,-09 53 28.61,0.186,1.23,1.41,0.148,4.01,0.0,46.2,,s,,1997.19,2450519.0,5.62
3.93619167,-9.89129722,J001544.6-095328,FITS,00 15 44.686,-09 53 28.67,0.014,11.73,15.69,0.154,4.27,2.17,67.0,,g,,1997.23,2450533.4,21.086
38.2733625,-9.89133056,J023305.6-095328,FITS,02 33 05.607,-09 53 28.79,0.095,2.22,1.53,0.112,0.0,0.0,85.7,,,,2007.798,2454392.9,1454.924
30.2332375,-9.89149167,J020055.9-095329,FITS,02 00 55.977,-09 53 29.37,0.014,5.24,5.16,0.151,0.9,0.0,128.7,,g,,1997.189,2450518.4,5.828
333.34709583,-9.89150278,J221323.3-095329,FITS,22 13 23.303,-09 53 29.41,0.014,1.68,1.01,0.152,0.0,0.0,89.0,,,,1997.18,2450515.3,0.0
2.28526667,-9.89153889,J000908.4-095329,FITS,00 09 08.464,-09 53 29.54,0.016,2.02,6.19,0.137,12.78,4.98,164.7,,,,1997.272,2450548.7,17.72
349.76557083,-9.89161389,J231903.7-095329,FITS,23 19 03.737,-09 53 29.81,0.442,1.04,0.75,0.15,2.9,0.0,63.2,,g,,1997.292,2450556.2,4.034
31.66526667,-9.89173056,J020639.6-095330,FITS,02 06 39.664,-09 53 30.23,0.014,2.24,2.17,0.154,1.23,0.0,104.9,,g,,1997.191,2450519.2,4.508
357.51343333,-9.89186111,J235003.2-095330,FITS,23 50 03.224,-09 53 30.70,0.865,1.01,0.84,0.149,2.55,0.0,58.6,,,,1997.289,2450555.0,8.589
26.9785375,-9.89194444,J014754.8-095331,FITS,01 47 54.849,-09 53 31.00,0.014,2.36,2.15,0.138,2.19,0.0,69.0,,g,,1997.197,2450521.4,4.453
340.66152917,-9.8921,J224238.7-095331,FITS,22 42 38.767,-09 53 31.56,0.014,6.55,6.47,0.245,0.81,0.0,102.5,,s,,1997.244,2450538.4,16.247
18.87764167,-9.89211667,J011530.6-095331,FITS,01 15 30.634,-09 53 31.62,0.014,1.17,1.35,0.153,6.18,0.0,60.8,,,,1997.193,2450520.0,4.606
349.65357083,-9.89217222,J231836.8-095331,FITS,23 18 36.857,-09 53 31.82,0.37,1.17,0.74,0.151,0.0,0.0,110.0,,,,1997.292,2450556.3,3.163
10.21202917,-9.89218611,J004050.8-095331,FITS,00 40 50.887,-09 53 31.87,0.543,1.14,1.61,0.151,7.33,0.0,88.0,,s,,1997.187,2450517.8,6.031
34.547475,-9.89225556,J021811.3-095332,FITS,02 18 11.394,-09 53 32.12,0.014,1.61,1.75,0.15,2.8,0.0,91.0,,g,,1997.196,2450521.2,4.493
18.90639583,-9.89229167,J011537.5-095332,FITS,01 15 37.535,-09 53 32.25,0.014,29.15,38.93,0.155,4.35,2.37,33.9,,,,1997.191,2450519.4,4.545
339.32045,-9.89238333,J223716.9-095332,FITS,22 37 16.908,-09 53 32.58,0.096,1.16,0.74,0.146,3.02,0.0,83.8,,g,,1997.285,2450553.4,9.712
33.36102083,-9.89239722,J021326.6-095332,FITS,02 13 26.645,-09 53 32.63,0.821,1.0,0.52,0.147,0.0,0.0,116.4,,,,1997.186,2450517.4,6.181
25.02635833,-9.8924,J014006.3-095332,FITS,01 40 06.326,-09 53 32.64,0.415,2.31,1.82,0.25,1.48,0.0,137.9,,,,1997.188,2450518.0,6.0
25.035,-9.89240833,J014008.4-095332,FITS,01 40 08.400,-09 53 32.67,0.612,1.67,1.13,0.249,0.0,0.0,74.4,,,,1997.187,2450517.9,6.031
6.74544167,-9.89249444,J002658.9-095332,FITS,00 26 58.906,-09 53 32.98,0.014,56.1,57.02,0.139,1.47,0.0,175.2,,,,1997.275,2450549.9,16.834
33.11457083,-9.89258056,J021227.4-095333,FITS,02 12 27.497,-09 53 33.29,0.014,3.89,3.9,0.156,1.93,0.0,77.3,,,,1997.194,2450520.3,4.599
338.81568333,-9.892625,J223515.7-095333,FITS,22 35 15.764,-09 53 33.45,0.801,1.04,1.17,0.158,4.44,0.0,91.4,,g,,1997.251,2450541.2,16.424
25.77459583,-9.89272222,J014305.9-095333,FITS,01 43 05.903,-09 53 33.80,0.801,1.01,0.88,0.15,1.91,0.0,76.4,,,,1997.188,2450518.0,6.008
19.51184167,-9.89298889,J011802.8-095334,FITS,01 18 02.842,-09 53 34.76,0.014,2.22,2.41,0.141,3.08,0.0,33.5,,,,1997.197,2450521.4,4.403
342.50691667,-9.89305,J225001.6-095334,FITS,22 50 01.660,-09 53 34.98,0.014,13.14,19.36,0.152,6.17,0.56,129.6,,g,,1997.292,2450556.2,3.888
344.11780833,-9.89331389,J225628.2-095335,FITS,22 56 28.274,-09 53 35.93,0.014,1.87,1.48,0.151,0.0,0.0,84.9,,g,,1997.292,2450556.1,3.338
10.26213333,-9.89332778,J004102.9-095335,FITS,00 41 02.912,-09 53 35.98,0.781,1.03,0.42,0.156,0.0,0.0,91.7,,,,1997.189,2450518.6,5.84
353.1302625,-9.89336389,J233231.2-095336,FITS,23 32 31.263,-09 53 36.11,0.877,1.88,1.76,0.303,2.37,0.0,70.4,,g,,1997.283,2450552.9,13.501
25.74720417,-9.89349722,J014259.3-095336,FITS,01 42 59.329,-09 53 36.59,0.014,4.15,7.74,0.153,7.71,3.19,144.9,,g,,1997.189,2450518.5,5.906
15.30109583,-9.893675,J010112.2-095337,FITS,01 01 12.263,-09 53 37.23,0.014,1.33,0.86,0.146,1.34,0.0,106.4,,g,,1997.187,2450517.7,6.144
4.80210417,-9.89382222,J001912.5-095337,FITS,00 19 12.505,-09 53 37.76,0.034,2.49,2.28,0.374,2.34,0.0,84.5,,,,1997.197,2450521.3,13.65
337.52009167,-9.89382222,J223004.8-095337,FITS,22 30 04.822,-09 53 37.76,0.014,2.84,2.36,0.138,0.74,0.0,21.5,,g,,1997.214,2450527.6,9.844
341.14125,-9.89387222,J224433.9-095337,FITS,22 44 33.900,-09 53 37.94,0.014,5.15,5.66,0.146,3.68,0.0,76.8,,g,,1997.228,2450532.6,14.255
358.56640417,-9.89392222,J235415.9-095338,FITS,23 54 15.937,-09 53 38.12,0.431,1.19,0.86,0.138,2.01,0.0,111.1,,,,1997.281,2450552.1,14.607
350.7906375,-9.89395556,J232309.7-095338,FITS,23 23 09.753,-09 53 38.24,0.132,1.15,0.91,0.15,1.48,0.0,89.0,,,,1997.292,2450556.0,4.106
31.51072917,-9.89408889,J020602.5-095338,FITS,02 06 02.575,-09 53 38.72,0.016,1.97,3.44,0.14,7.43,2.92,8.8,,g,,1997.197,2450521.5,4.37
347.03946667,-9.89412778,J230809.4-095338,FITS,23 08 09.472,-09 53 38.86,0.044,1.19,0.77,0.149,0.0,0.0,71.6,,,,1997.292,2450556.0,4.113
348.64073333,-9.89444722,J231433.7-095340,FITS,23 14 33.776,-09 53 40.01,0.014,15.61,16.37,0.147,1.7,0.78,32.8,,,,1997.292,2450556.1,3.48
30.49010417,-9.894475,J020157.6-095340,FITS,02 01 57.625,-09 53 40.11,0.014,2.6,2.51,0.15,1.82,0.0,117.4,,,,1997.188,2450518.3,6.018
20.16761667,-9.89460278,J012040.2-095340,FITS,01 20 40.228,-09 53 40.57,0.014,1.85,1.45,0.141,0.0,0.0,20.2,,,,1997.195,2450520.8,4.505
25.02623333,-9.89493056,J014006.2-095341,FITS,01 40 06.296,-09 53 41.75,0.701,1.66,1.08,0.251,2.71,0.0,116.9,,,,1997.188,2450518.1,6.116
8.91454583,-9.89494722,J003539.4-095341,FITS,00 35 39.491,-09 53 41.81,0.014,13.61,13.91,0.142,1.18,0.35,133.9,,,,1997.195,2450520.8,4.506
343.38910417,-9.89525556,J225333.3-095342,FITS,22 53 33.385,-09 53 42.92,0.016,4.03,4.79,0.145,3.12,1.68,119.3,,g,,1997.292,2450556.1,3.447
37.68672083,-9.895275,J023044.8-095342,FITS,02 30 44.813,-09 53 42.99,0.014,3.11,5.23,0.138,7.76,0.0,66.9,,,,2002.814,2452572.7,2206.812
336.0961625,-9.89556667,J222423.0-095344,FITS,22 24 23.079,-09 53 44.04,0.297,1.22,0.98,0.142,0.0,0.0,112.5,,,,1997.204,2450524.0,7.574
34.16519167,-9.89562778,J021639.6-095344,FITS,02 16 39.646,-09 53 44.26,0.014,126.93,129.37,0.144,1.11,0.42,149.9,,s,,1998.042,2450829.8,1135.691
339.88515,-9.89570556,J223932.4-095344,FITS,22 39 32.436,-09 53 44.54,0.014,85.22,92.83,0.147,1.99,1.55,1.8,,,,1997.234,2450535.0,15.425
31.5012625,-9.89585556,J020600.3-095345,FITS,02 06 00.303,-09 53 45.08,0.014,9.5,13.38,0.14,4.33,2.93,77.3,,,,1997.198,2450521.6,4.3
342.72630833,-9.89610556,J225054.3-095345,FITS,22 50 54.314,-09 53 45.98,0.466,1.18,0.81,0.138,3.26,0.0,121.1,,,,1997.291,2450555.8,3.782
350.536275,-9.89634722,J232208.7-095346,FITS,23 22 08.706,-09 53 46.85,0.014,1.65,1.51,0.147,0.38,0.0,156.4,,g,,1997.292,2450556.0,4.372
1.26207917,-9.89638889,J000502.8-095347,FITS,00 05 02.899,-09 53 47.00,0.014,54.17,60.86,0.151,2.45,1.67,27.3,,g,,1997.214,2450527.6,18.51
18.89969167,-9.89653056,J011535.9-095347,FITS,01 15 35.926,-09 53 47.51,0.014,10.95,18.34,0.155,7.0,2.26,46.2,,,,1997.192,2450519.6,4.522
28.37884167,-9.89729722,J015330.9-095350,FITS,01 53 30.922,-09 53 50.27,0.014,1.71,1.24,0.146,0.0,0.0,89.6,,,,1997.194,2450520.3,4.522
25.02716667,-9.897425,J014006.5-095350,FITS,01 40 06.520,-09 53 50.73,0.415,2.17,1.48,0.252,2.07,0.0,110.9,,g,,1997.188,2450518.2,6.236
6.29694583,-9.89760833,J002511.2-095351,FITS,00 25 11.267,-09 53 51.39,0.014,2.56,2.52,0.143,2.61,0.0,78.5,,g,,1997.198,2450521.9,14.231
11.30049583,-9.89763056,J004512.1-095351,FITS,00 45 12.119,-09 53 51.47,0.06,1.05,0.7,0.136,0.0,0.0,80.9,,,,1997.197,2450521.3,4.352
33.54766667,-9.89763056,J021411.4-095351,FITS,02 14 11.440,-09 53 51.47,0.265,1.23,0.62,0.152,0.0,0.0,73.6,,,,1997.191,2450519.2,5.809